Epoch	AverageEpRet	StdEpRet	MaxEpRet	MinEpRet	AverageTestEpRet	StdTestEpRet	MaxTestEpRet	MinTestEpRet	EpLen	TestEpLen	TotalEnvInteracts	AverageQ1Vals	StdQ1Vals	MaxQ1Vals	MinQ1Vals	AverageQ2Vals	StdQ2Vals	MaxQ2Vals	MinQ2Vals	AverageLogPi	StdLogPi	MaxLogPi	MinLogPi	LossPi	LossQ	Time
1	13.203713	6.3763022	36.539757	3.9408262	12.219804	0.0	12.219804	12.219804	200.0	200.0	9999	11.808475	6.2584558	26.969114	-0.026079044	11.808464	6.258502	27.085144	-0.022648163	-2.7333338	0.23813587	-1.204742	-8.742841	-12.345047	0.015782587	745.8578448295593
2	13.503718	6.19073	33.448715	5.512034	13.565773	0.0	13.565773	13.565773	200.0	200.0	19999	29.821642	4.6758018	46.297615	0.12339933	29.821627	4.676201	46.112038	0.028714936	-2.732327	0.24065556	1.6879725	-8.144301	-30.3376	0.050645117	1601.2288036346436
3	16.24419	9.883057	45.941505	5.2427855	16.753048	0.0	16.753048	16.753048	200.0	200.0	29999	41.04598	3.9057515	67.83564	3.812395	41.045944	3.9067197	68.2787	2.8632925	-2.7289846	0.2578402	5.0891094	-9.200076	-41.548836	0.10099469	2431.891486644745
4	20.038454	16.424627	90.85985	7.2923956	145.29774	0.0	145.29774	145.29774	200.0	200.0	39999	47.615215	4.259752	73.97697	2.4456022	47.61519	4.2609043	75.048805	2.700258	-2.7236845	0.2799139	5.3051577	-9.136709	-48.094242	0.19959618	3625.5201437473297
5	38.45511	54.58009	328.82272	8.739969	111.17967	7.6293945e-06	111.17968	111.17968	200.0	200.0	49999	51.22493	5.468634	91.613556	1.0612173	51.224754	5.4714017	80.7194	-0.8654108	-2.7101858	0.33570844	14.039446	-7.8789606	-51.678356	0.48664707	4827.047553539276
6	31.97414	25.82235	118.7932	8.817703	31.57446	1.9073486e-06	31.574461	31.574461	200.0	200.0	59999	53.386047	7.1320834	77.20216	1.1141226	53.385918	7.1341157	76.26178	0.19375277	-2.6908705	0.3903802	7.9868326	-8.653466	-53.825363	0.8129256	6552.1400578022
7	41.975357	32.536015	216.25946	11.669681	273.88287	0.0	273.88287	273.88287	200.0	200.0	69999	54.506577	8.148589	122.01031	6.489238	54.506256	8.150219	126.56095	4.9820857	-2.6661534	0.45572978	10.775974	-9.030521	-54.918713	1.164779	8432.90188407898
8	49.590755	41.56078	265.07007	12.714834	110.357155	7.6293945e-06	110.35715	110.35715	200.0	200.0	79999	54.88319	8.568221	155.58244	6.4906154	54.88308	8.569032	151.68042	6.893841	-2.6439476	0.5004634	13.250536	-9.777424	-55.286633	1.3028594	10393.769334554672
9	53.076454	33.28571	171.96907	11.740105	102.89652	0.0	102.89652	102.89652	200.0	200.0	89999	55.103886	8.817525	167.50522	2.9000614	55.10388	8.820175	158.15295	3.6807394	-2.6200113	0.55106485	15.545408	-9.524676	-55.49289	1.4505506	12319.339876890182
10	67.15449	53.969532	292.85464	16.529705	96.67476	7.6293945e-06	96.67477	96.67477	200.0	200.0	99999	55.406113	9.148479	190.87872	-0.55143	55.406155	9.151111	183.22844	1.9219769	-2.5885627	0.61928415	13.571859	-9.941684	-55.77483	1.7760646	14398.463846445084
11	66.121185	53.080055	362.003	12.939325	101.38808	0.0	101.38808	101.38808	200.0	200.0	109999	55.676136	9.712237	178.89551	0.3455874	55.676193	9.711162	182.98872	0.69310415	-2.5440922	0.68080854	14.993708	-10.359787	-56.020824	2.260422	16310.94191789627
12	87.17789	48.74325	219.37965	18.509287	116.65288	7.6293945e-06	116.652885	116.652885	200.0	200.0	119999	56.084957	10.8834095	230.11916	3.6881661	56.08506	10.880796	232.61401	2.504818	-2.5005581	0.75791717	24.054773	-9.147131	-56.408287	2.755745	18314.667281389236
13	95.82085	60.309505	281.47882	23.04062	84.30284	0.0	84.30284	84.30284	200.0	200.0	129999	56.710064	12.387479	223.6928	0.675401	56.71026	12.386345	223.92378	0.74023473	-2.4497178	0.82911026	21.464262	-10.53107	-57.000282	3.86098	20273.2949552536
14	156.90674	96.764915	567.63873	12.12852	500.03995	3.0517578e-05	500.03992	500.03992	200.0	200.0	139999	57.9188	14.631643	251.93102	-18.397764	57.918858	14.630904	258.50253	-18.326023	-2.3645463	0.9597038	24.369852	-9.215175	-58.17444	5.083713	22288.654475688934
15	152.9113	65.77191	325.9538	21.178959	98.07744	7.6293945e-06	98.07743	98.07743	200.0	200.0	149999	60.623184	18.796738	270.6682	-24.924871	60.62307	18.796692	277.03122	-25.464235	-2.242328	1.0629168	19.27054	-11.476391	-60.835674	7.6074142	24390.221815109253
16	202.14731	79.84544	408.40265	79.136345	123.873924	7.6293945e-06	123.87393	123.87393	200.0	200.0	159999	64.52011	23.985306	324.0954	-28.496365	64.52015	23.98536	322.87076	-32.12244	-2.058959	1.2075241	17.808651	-12.861111	-64.70124	10.0732765	26327.701051473618
17	217.12375	104.25419	468.63165	24.968	104.89801	0.0	104.89801	104.89801	200.0	200.0	169999	69.43484	29.917202	380.7201	-45.179417	69.435036	29.915224	369.11264	-48.646626	-1.8413104	1.3843837	19.196198	-12.578121	-69.59079	13.229641	27507.14179611206
18	252.00818	118.23823	521.116	97.44548	470.84677	0.0	470.84677	470.84677	200.0	200.0	179999	74.552246	35.585358	383.90582	-57.972675	74.55208	35.582386	381.10785	-61.626183	-1.6163702	1.5137212	17.34722	-11.944727	-74.69341	16.090601	28723.90826511383
19	281.56595	115.33644	584.15564	129.4117	173.495	0.0	173.495	173.495	200.0	200.0	189999	80.36018	41.287205	311.02563	-73.98238	80.36072	41.28681	313.75482	-76.116714	-1.4776579	1.5846605	19.250616	-12.034529	-80.5051	17.991537	29923.065973758698
20	303.57404	132.05699	568.89246	43.665665	531.3949	6.1035156e-05	531.39484	531.39484	200.0	200.0	199999	87.60908	47.5133	273.40305	-74.525406	87.60929	47.513756	273.2581	-76.871445	-1.314723	1.6560905	20.101892	-11.94421	-87.77077	20.977125	30990.718962430954
21	310.1341	125.83621	548.86786	14.266191	410.61334	3.0517578e-05	410.6133	410.6133	200.0	200.0	209999	95.684	53.866234	270.9623	-58.213577	95.68458	53.864376	266.11176	-58.381096	-1.1212409	1.7468386	21.91622	-11.259796	-95.87106	23.548176	195946.03781557083
22	296.33597	126.79586	594.7894	12.454339	98.618416	0.0	98.618416	98.618416	200.0	200.0	219999	103.93672	60.080917	222.60367	-61.035576	103.937874	60.07397	223.2616	-63.140503	-0.9618423	1.8377063	22.609304	-12.289539	-104.12799	26.34025	196674.8913936615
23	294.292	131.40428	615.5472	93.350555	625.27966	6.1035156e-05	625.2796	625.2796	200.0	200.0	229999	112.10013	65.22752	221.4784	-71.24902	112.10159	65.22093	219.65323	-71.84077	-0.80937874	1.9201629	21.25383	-12.155828	-112.33775	29.638313	197452.37292957306
24	314.95255	139.7546	555.39575	96.04676	546.9858	0.0	546.9858	546.9858	200.0	200.0	239999	118.97127	67.8601	222.43776	-100.54829	118.97197	67.85282	221.70087	-102.194984	-0.8232756	1.9388882	20.9445	-12.633659	-119.180725	31.611881	198243.87250065804
25	355.4316	139.21368	755.1094	106.373276	447.454	3.0517578e-05	447.45398	447.45398	200.0	200.0	249999	123.59788	68.81268	300.92368	-112.66508	123.59833	68.808716	286.86615	-114.63038	-0.819029	1.9797837	23.1588	-12.361166	-123.8153	31.691004	199071.77658462524
26	328.77274	145.81401	715.1946	89.70163	604.76843	6.1035156e-05	604.7684	604.7684	200.0	200.0	259999	128.53185	70.60718	352.9501	-114.944176	128.53275	70.60398	359.4481	-123.11289	-0.78047645	2.0080874	22.163902	-14.328136	-128.74275	32.690445	199865.48741412163
27	331.86526	108.08275	603.4103	110.87883	513.0126	6.1035156e-05	513.0125	513.0125	200.0	200.0	269999	133.50427	72.43673	486.8552	-128.46815	133.50441	72.43558	494.5489	-134.45525	-0.74122226	1.9981595	19.334656	-13.644423	-133.70193	33.176952	200674.4412059784
28	318.29315	132.9106	666.22833	25.82701	254.6132	1.5258789e-05	254.61319	254.61319	200.0	200.0	279999	138.64352	74.74192	696.6741	-150.60916	138.64423	74.74281	687.7792	-149.04456	-0.6947114	2.0331852	30.364983	-11.820799	-138.8263	34.621864	201452.78447532654
29	328.78043	120.09672	564.12885	120.14183	236.86856	3.0517578e-05	236.86853	236.86853	200.0	200.0	289999	143.14137	76.08355	704.12964	-152.54002	143.14217	76.081505	716.00464	-151.08434	-0.6956549	2.045906	48.606964	-11.893322	-143.30241	35.936718	202291.0275835991
30	353.8714	111.581985	614.25934	85.59082	211.08676	1.5258789e-05	211.08678	211.08678	200.0	200.0	299999	146.94415	77.2366	676.3825	-174.91489	146.946	77.23353	675.7135	-172.07518	-0.6649124	2.047971	50.45367	-14.100996	-147.10666	36.434624	203098.8268814087
31	339.00568	122.23234	556.8804	127.72938	515.8539	0.0	515.8539	515.8539	200.0	200.0	309999	150.27737	77.56106	570.20544	-181.95912	150.27852	77.5573	550.4233	-187.23767	-0.64349926	2.0579083	36.31417	-13.25412	-150.41887	36.888268	203951.46912503242
32	342.70703	137.70721	813.74084	37.706528	558.3009	6.1035156e-05	558.30096	558.30096	200.0	200.0	319999	153.25984	78.32939	355.37808	-193.69655	153.25977	78.32856	359.40097	-199.85515	-0.70897585	2.029289	26.57219	-12.374253	-153.3736	36.243423	204747.61220788956
33	357.4107	135.72908	806.8962	40.16405	576.3696	0.0	576.3696	576.3696	200.0	200.0	329999	155.42429	78.4981	276.35306	-205.4895	155.42355	78.49939	278.95392	-210.13899	-0.71822435	2.0424857	38.560024	-12.47243	-155.52402	36.03392	205657.26901316643
34	363.41956	131.89218	592.9715	32.31032	474.63858	3.0517578e-05	474.63855	474.63855	200.0	200.0	339999	157.84201	78.99359	261.12103	-211.05484	157.8408	78.997314	260.08	-218.1123	-0.73769593	2.0471432	27.081923	-12.513506	-157.93971	36.826996	206376.44658708572
35	359.54453	117.87331	729.4912	105.603806	471.02295	0.0	471.02295	471.02295	200.0	200.0	349999	160.76439	78.97033	266.9123	-225.5425	160.76328	78.97235	266.47208	-228.97719	-0.65634483	2.0807776	24.187677	-13.4999485	-160.8749	37.37052	206937.55368995667
36	363.53052	115.97506	570.6623	115.39528	493.45596	0.0	493.45596	493.45596	200.0	200.0	359999	163.72191	78.73687	272.04065	-226.77594	163.72081	78.74136	267.30966	-229.05588	-0.6116828	2.1657581	31.636229	-11.644828	-163.7971	37.406624	207519.46840143204
37	334.22238	130.39874	539.6214	17.831987	491.6276	0.0	491.6276	491.6276	200.0	200.0	369999	166.17152	78.74171	269.08774	-208.34871	166.17056	78.745026	269.01883	-215.51584	-0.6216007	2.0491695	26.259367	-13.843046	-166.25436	38.55735	208106.62005138397
38	395.25793	158.76492	825.6839	32.908527	373.3438	3.0517578e-05	373.34384	373.34384	200.0	200.0	379999	168.71495	78.7747	279.61624	-229.4258	168.71347	78.78163	286.1471	-229.564	-0.586156	2.0849783	40.62789	-12.648456	-168.78093	39.5479	208689.2148861885
39	361.42844	126.28172	715.9191	96.403496	590.22644	0.0	590.22644	590.22644	200.0	200.0	389999	172.05304	77.97118	318.40485	-244.55165	172.05133	77.97868	314.7818	-238.12888	-0.54762423	2.1754658	32.519577	-13.013849	-172.10773	40.27865	209273.15752458572
40	344.45413	124.908295	561.43005	102.8757	616.9443	0.0	616.9443	616.9443	200.0	200.0	399999	173.9297	77.58803	340.78464	-255.31075	173.92862	77.59588	337.01306	-238.88327	-0.5314263	2.265554	32.34111	-15.131037	-173.96507	41.301075	209882.94231820107
41	326.2905	131.1578	632.51917	36.746395	530.04065	0.0	530.04065	530.04065	200.0	200.0	409999	177.36674	76.71704	784.5535	-269.78372	177.36627	76.72136	818.7117	-248.02234	-0.43364367	2.3661532	47.795155	-13.501322	-177.36972	42.29475	210488.57595014572
42	386.42517	127.33727	742.6216	23.100574	542.6835	6.1035156e-05	542.6834	542.6834	200.0	200.0	419999	179.87053	76.45974	614.6365	-287.79578	179.86937	76.46755	598.39484	-278.65543	-0.44093966	2.3732426	42.48121	-14.572198	-179.86278	43.033276	211080.24760770798
43	366.96542	122.94498	781.7192	134.9885	459.9891	3.0517578e-05	459.98907	459.98907	200.0	200.0	429999	181.37585	76.83347	358.77563	-345.18408	181.37366	76.84318	354.6754	-321.80447	-0.39515418	2.3722188	30.714615	-13.579279	-181.34445	44.359634	211680.93135857582
44	402.34177	118.47503	813.77563	201.97127	607.0381	0.0	607.0381	607.0381	200.0	200.0	439999	183.0619	77.74069	356.3003	-353.63388	183.05812	77.755974	360.29276	-339.0672	-0.45972508	2.0724323	21.327122	-13.439909	-183.02405	44.823517	212279.83300971985
45	378.6717	111.11911	733.3081	148.19366	314.78632	0.0	314.78632	314.78632	200.0	200.0	449999	185.10968	79.23768	389.152	-378.39035	185.10574	79.252106	393.16888	-368.37576	-0.4280662	2.076858	26.885838	-15.418944	-185.07	45.13334	212873.17179083824
46	333.3397	141.26266	695.94214	59.060673	501.81598	3.0517578e-05	501.81595	501.81595	200.0	200.0	459999	187.40648	81.15207	400.3121	-415.53412	187.40428	81.159904	391.58698	-401.9468	-0.3135665	2.2001715	25.621347	-12.682552	-187.37242	48.124104	213477.9218866825
47	363.21796	116.37823	633.23724	21.692924	557.6954	0.0	557.6954	557.6954	200.0	200.0	469999	190.36351	82.67862	452.77606	-468.30667	190.3612	82.68787	464.68155	-449.476	-0.3061072	2.1044228	27.246668	-14.404597	-190.3276	50.721313	214064.3874349594
48	403.29892	144.26027	793.19403	53.53452	634.99255	6.1035156e-05	634.9925	634.9925	200.0	200.0	479999	193.96544	85.05681	573.7366	-479.31055	193.962	85.07612	560.8799	-469.15167	-0.16428746	2.2200544	30.861975	-12.340745	-193.93542	56.19033	214672.66821551323
49	403.2246	173.7306	739.48315	107.96393	566.39594	0.0	566.39594	566.39594	200.0	200.0	489999	197.66763	87.291336	594.12683	-549.5233	197.6653	87.306625	596.4479	-518.4864	-0.12796336	2.3003697	32.4604	-13.003717	-197.6182	59.833355	215284.25767111778
50	465.04358	169.09296	668.97546	27.11601	446.89194	0.0	446.89194	446.89194	200.0	200.0	499999	201.03308	90.04874	625.75836	-574.18365	201.02937	90.06636	625.479	-566.43896	-0.13895741	2.282868	30.868114	-13.25427	-200.93303	67.12626	215822.98725247383
51	412.40573	167.20114	641.126	71.36236	682.02985	0.0	682.02985	682.02985	200.0	200.0	509999	203.07726	95.52421	885.0498	-576.8449	203.07523	95.540474	934.44147	-544.73975	-0.120208204	2.231995	28.728437	-14.015879	-202.9843	76.56283	216378.94619584084
52	440.39423	201.2821	745.0876	31.96463	615.61145	0.0	615.61145	615.61145	200.0	200.0	519999	206.63152	100.339615	1189.3011	-562.01404	206.62656	100.36323	1262.6816	-543.4538	0.06692952	2.455797	39.41739	-13.568344	-206.563	88.5451	216925.1733932495
53	484.14227	212.1317	846.6631	66.39204	375.35947	3.0517578e-05	375.3595	375.3595	200.0	200.0	529999	212.15367	105.557785	880.22925	-519.6717	212.15103	105.572105	907.6381	-521.6666	0.33148542	2.5720632	39.631565	-12.6130705	-212.1112	99.0643	217471.25971627235
54	460.0589	170.43016	702.55096	151.32457	221.6779	0.0	221.6779	221.6779	200.0	200.0	539999	217.85333	109.998604	854.4042	-511.95242	217.8534	110.009796	850.5115	-522.8767	0.47789484	2.5080318	34.884773	-13.848981	-217.81834	107.12889	218023.0627670288
55	523.7893	188.47424	878.7857	97.595955	198.32474	0.0	198.32474	198.32474	200.0	200.0	549999	224.87769	113.77873	829.93805	-537.31116	224.87694	113.79337	844.4034	-545.705	0.6856684	2.6281283	42.718266	-11.805086	-224.88858	116.053375	218560.76245760918
56	445.31415	198.5127	728.3418	100.3829	206.74228	0.0	206.74228	206.74228	200.0	200.0	559999	234.21605	119.73772	835.7945	-572.3869	234.21494	119.75601	821.48364	-574.1965	0.7885955	2.5195897	36.5121	-14.963485	-234.2998	124.78573	219079.7199215889
57	571.9257	157.60458	851.56744	78.97236	761.15247	0.0	761.15247	761.15247	200.0	200.0	569999	241.19778	125.3617	763.80304	-631.844	241.19374	125.3891	790.0216	-626.3809	0.8584821	2.520594	35.26647	-13.279356	-241.27887	139.48941	219650.02238178253
58	495.29013	217.08038	773.9057	56.97735	412.5056	0.0	412.5056	412.5056	200.0	200.0	579999	247.79709	132.19984	777.1043	-672.36786	247.79813	132.2198	825.8409	-665.02655	0.9309548	2.4967725	38.17768	-14.662038	-247.8511	150.3488	220177.09062838554
59	553.22864	206.2411	819.10126	134.84682	833.6493	6.1035156e-05	833.64935	833.64935	200.0	200.0	589999	252.61266	139.6415	564.7317	-677.66254	252.61125	139.66107	597.8809	-659.3759	1.0139905	2.5185976	33.45568	-12.454022	-252.66537	164.54428	220718.20253777504
60	599.43585	229.018	823.0253	41.58347	750.1357	0.0	750.1357	750.1357	200.0	200.0	599999	259.09393	149.25327	588.05597	-748.0887	259.09442	149.27927	585.9539	-705.6302	1.2403642	2.5728061	50.30877	-13.192732	-259.19675	192.49487	221292.63276052475
61	563.34076	271.16367	811.3517	8.734058	762.5575	6.1035156e-05	762.55743	762.55743	200.0	200.0	609999	277.32758	170.0558	716.847	-817.7221	277.3272	170.05458	729.2998	-760.1395	1.8521067	2.8131654	54.857903	-14.316404	-277.7802	254.84023	221841.14748311043
62	521.2941	268.43387	791.8367	4.6383724	719.27527	6.1035156e-05	719.2752	719.2752	200.0	200.0	619999	310.41528	197.56729	815.82086	-861.3447	310.41376	197.57413	807.9163	-855.20776	2.2111242	2.922202	50.503437	-16.8605	-311.13345	353.21564	222397.77224946022
63	558.71545	238.26569	785.1888	3.6081386	673.2471	0.0	673.2471	673.2471	200.0	200.0	629999	339.2738	217.61911	826.7849	-917.80414	339.27225	217.64616	822.82086	-898.5148	2.5019476	2.983228	77.91628	-13.40131	-340.0032	410.639	222967.77871847153
64	467.47867	273.662	770.9976	4.536657	227.467	0.0	227.467	227.467	200.0	200.0	639999	348.26874	227.5982	824.1512	-921.25226	348.26495	227.63763	818.7263	-920.691	2.748266	2.9974055	53.19178	-12.808686	-348.81284	438.42975	223510.0557038784
65	402.14044	291.44458	763.2576	4.1536374	755.6509	0.0	755.6509	755.6509	200.0	200.0	649999	349.54895	236.07855	805.97784	-1019.6207	349.5449	236.10443	806.6406	-1001.26965	2.69002	2.9130704	71.50922	-13.773589	-350.01065	476.17056	224075.15396380424
66	407.058	294.59134	760.558	6.060839	705.47284	6.1035156e-05	705.4729	705.4729	200.0	200.0	659999	353.82812	244.43843	815.90405	-1006.8914	353.82104	244.4592	800.23346	-960.51636	2.8037574	2.9078238	66.61447	-12.433256	-354.19608	525.0026	224622.10976934433
67	406.68594	255.6112	741.5783	7.4590826	619.70935	0.0	619.70935	619.70935	200.0	200.0	669999	344.78275	244.80756	802.2703	-1082.9933	344.76758	244.8683	791.71326	-1072.4375	2.597014	2.8614373	66.36519	-13.650407	-344.75543	535.211	225186.89038920403
68	371.98508	271.9381	733.1234	12.135155	39.44567	3.8146973e-06	39.445667	39.445667	200.0	200.0	679999	330.99942	248.33833	804.66766	-1108.378	330.98788	248.3884	806.5252	-1112.7928	2.5453582	2.8100972	76.0029	-12.39366	-330.70096	547.04095	225716.37413048744
69	390.66028	254.89873	772.25305	6.5810394	395.07318	3.0517578e-05	395.07315	395.07315	200.0	200.0	689999	324.57462	256.32773	862.18384	-1141.7667	324.56006	256.38507	847.8783	-1174.9652	2.6266353	2.9863467	105.732376	-13.921142	-324.23425	614.3426	226250.79773497581
70	399.068	275.072	806.3446	6.8572426	709.8793	6.1035156e-05	709.8792	709.8792	200.0	200.0	699999	322.547	262.33707	859.2865	-1206.6095	322.53558	262.37027	849.8609	-1189.3826	2.6128998	3.0218287	61.31486	-12.985821	-322.17972	645.4292	226785.9201989174
71	424.88824	290.52512	744.56024	4.5593123	671.51263	0.0	671.51263	671.51263	200.0	200.0	709999	319.5567	271.87436	877.8036	-1192.3406	319.54727	271.91013	892.43646	-1204.5155	2.6663225	2.9795787	72.915245	-13.160412	-319.1141	697.2526	227341.6133775711
72	344.7945	287.03958	792.3017	6.3377724	15.157245	0.0	15.157245	15.157245	200.0	200.0	719999	316.3747	281.7632	899.57983	-1362.4279	316.35916	281.81433	895.83563	-1328.6677	2.8292189	3.1875803	69.84614	-11.898088	-315.85916	739.68207	227884.90650248528
73	458.2808	268.24292	787.4903	8.430034	406.96564	0.0	406.96564	406.96564	200.0	200.0	729999	319.7868	296.5745	908.3166	-1442.4451	319.77905	296.58633	902.8277	-1416.1775	2.9964325	3.2316597	89.80487	-12.733669	-319.39456	821.10956	228398.23262548447
74	557.8365	201.43573	833.9245	17.353012	742.0719	0.0	742.0719	742.0719	200.0	200.0	739999	334.38867	308.99506	950.37463	-1655.568	334.38208	309.0189	937.7544	-1645.06	3.3585622	3.107622	63.90351	-12.995053	-334.30304	920.6249	228946.2567577362
75	526.09436	242.69417	821.1942	19.111877	720.20514	0.0	720.20514	720.20514	200.0	200.0	749999	353.12964	320.06354	946.0243	-1706.6349	353.11987	320.10638	940.5183	-1657.7351	3.3555627	3.2022185	79.69848	-13.983504	-352.93716	967.8541	229499.23384547234
76	463.51364	230.59442	811.30066	3.7647882	663.3628	0.0	663.3628	663.3628	200.0	200.0	759999	351.68182	324.3369	922.3278	-1852.542	351.67383	324.3701	930.59247	-1871.4249	3.3036702	3.3135865	101.487434	-12.372265	-351.26468	1001.4584	230024.92640829086
77	556.46375	224.90804	802.1299	21.10166	706.6509	0.0	706.6509	706.6509	200.0	200.0	769999	345.18192	327.98535	918.15594	-2014.2307	345.17334	328.02765	924.3823	-2012.3743	3.2485335	3.2533488	72.12222	-12.312508	-344.39874	999.9385	230544.06553673744
78	544.6756	228.24934	859.0941	7.313299	624.3932	6.1035156e-05	624.39325	624.39325	200.0	200.0	779999	328.682	326.80737	910.938	-2335.198	328.66928	326.8514	913.98096	-2466.9055	3.1350257	3.1926422	76.37721	-13.615997	-327.7628	1010.0308	231060.14087867737
79	492.0103	226.09714	770.31586	9.718285	193.45041	0.0	193.45041	193.45041	200.0	200.0	789999	316.5607	325.01083	967.88324	-2573.2803	316.55405	325.0371	972.93585	-2559.1921	3.0819333	3.3301218	100.13144	-15.367239	-315.5192	1060.4446	231570.5305738449
80	470.52762	235.9713	795.31195	5.4794006	489.9334	3.0517578e-05	489.93338	489.93338	200.0	200.0	799999	303.11136	322.3299	941.6079	-2589.9111	303.1089	322.35806	1007.7811	-2762.4016	3.1423066	3.319828	82.22706	-14.398361	-302.12576	1031.2043	232085.57274985313
81	469.66864	234.02591	763.6257	17.667027	493.47998	0.0	493.47998	493.47998	200.0	200.0	809999	284.3795	320.0796	905.5871	-2782.3513	284.36972	320.11542	911.4897	-2836.0522	3.0598865	3.2350402	62.48664	-14.737526	-283.2794	1055.7782	232578.15933084488
82	425.04642	234.05658	773.7053	9.469129	687.2357	6.1035156e-05	687.23566	687.23566	200.0	200.0	819999	269.18655	318.8222	896.755	-2996.1436	269.1768	318.8642	931.57855	-3036.6123	2.9149888	3.2031918	61.238113	-14.500292	-268.00586	1053.1196	233069.19428253174
83	463.98044	233.24277	773.7966	15.669694	689.5881	6.1035156e-05	689.58813	689.58813	200.0	200.0	829999	253.56772	320.2018	937.22845	-3005.6152	253.55647	320.24503	937.48047	-3114.9082	2.7876964	3.331929	73.28965	-15.294335	-252.31462	1059.36	233586.76734924316
84	436.18808	215.94371	727.21124	9.1973915	566.29065	6.1035156e-05	566.2907	566.2907	200.0	200.0	839999	239.71509	318.93997	888.70966	-3159.8083	239.7101	318.9794	875.22473	-3227.1562	2.5058913	3.3687725	57.578316	-13.391609	-238.26538	1017.9104	234112.61772298813
85	376.2782	234.5395	728.36084	6.192647	97.78074	7.6293945e-06	97.78073	97.78073	200.0	200.0	849999	222.11569	320.32666	943.1373	-3325.576	222.10197	320.39453	914.32196	-3363.1865	2.4036386	3.317913	61.40882	-13.5094	-220.4592	1043.5981	234625.535905838
86	459.49628	214.90268	770.5352	7.206451	521.7299	0.0	521.7299	521.7299	200.0	200.0	859999	202.47401	324.58746	993.64276	-3570.59	202.46486	324.65137	1011.2469	-3531.763	2.6521847	3.462389	54.36618	-15.120022	-200.92496	1063.0815	235112.8217945099
87	390.67657	238.93668	784.3208	5.9345384	566.91907	6.1035156e-05	566.9191	566.9191	200.0	200.0	869999	195.44818	326.54865	1018.39435	-3526.8833	195.43959	326.58487	1035.2148	-3473.111	2.633511	3.383505	58.48968	-15.754496	-193.93495	1096.1172	235606.65632510185
88	293.73898	212.73965	712.97363	10.749433	703.24207	0.0	703.24207	703.24207	200.0	200.0	879999	187.75607	330.15314	1014.8488	-3408.329	187.74156	330.19458	990.99713	-3362.3157	2.5132022	3.3999407	81.88064	-14.546209	-186.09665	1115.4664	236126.19034576416
89	353.21957	193.98834	783.4129	26.84901	217.90088	0.0	217.90088	217.90088	200.0	200.0	889999	179.09525	330.70752	1052.0948	-3462.6392	179.08945	330.74213	1068.2026	-3465.1575	2.9869437	3.9371617	74.0194	-12.693926	-177.58719	1125.8159	236619.99588298798
90	385.4296	235.58571	717.9072	3.6586876	468.0031	6.1035156e-05	468.00317	468.00317	200.0	200.0	899999	174.52312	329.9802	1065.5316	-3477.326	174.50748	330.0566	1057.0338	-3457.3757	2.7756672	3.9747913	89.60939	-14.80675	-172.90341	1163.6945	237130.791765213
91	357.83826	264.35056	829.15216	4.762817	535.18616	0.0	535.18616	535.18616	200.0	200.0	909999	177.60606	331.63382	1097.0874	-3521.5674	177.59744	331.68283	1070.4792	-3533.1619	2.9192896	3.8494453	88.08685	-12.829668	-176.10173	1147.3198	237646.44463968277
92	353.9537	238.50273	778.57776	2.8210733	365.4663	0.0	365.4663	365.4663	200.0	200.0	919999	169.3857	332.5655	1102.0043	-3441.053	169.37498	332.61298	1080.5497	-3458.577	2.5463917	3.647156	81.01582	-13.64046	-167.726	1166.1407	238137.0328323841
93	293.72693	204.80754	724.81793	9.120701	198.82191	0.0	198.82191	198.82191	200.0	200.0	929999	177.67729	335.79065	1122.2153	-3500.767	177.66878	335.84097	1110.8961	-3432.0876	3.0204175	3.797168	87.973206	-12.384872	-176.15698	1199.4183	238642.51017904282
94	290.61737	212.14534	740.9981	10.122263	165.70006	0.0	165.70006	165.70006	200.0	200.0	939999	170.20726	336.35736	1082.772	-3308.487	170.20085	336.4037	1095.601	-3364.5435	2.5862317	3.5593076	80.15187	-11.929558	-168.2666	1190.61	239152.1269698143
95	437.29163	223.36221	744.5377	33.436855	523.63074	0.0	523.63074	523.63074	200.0	200.0	949999	164.80373	336.49072	1184.6084	-3550.168	164.7981	336.52417	1163.4288	-3515.0266	2.739723	3.6512992	64.18732	-13.025581	-163.15973	1206.7382	239636.7701268196
96	291.47464	229.14095	753.8222	12.439327	461.7794	0.0	461.7794	461.7794	200.0	200.0	959999	172.03844	342.91632	1151.4688	-3532.278	172.03189	342.96115	1161.1781	-3582.0625	3.0941918	3.992828	86.80528	-11.55556	-170.46529	1296.9716	240128.73635721207
97	365.0914	236.44193	764.7037	10.011839	350.57324	0.0	350.57324	350.57324	200.0	200.0	969999	172.87149	348.00897	1192.4126	-3606.8704	172.85857	348.06705	1215.8368	-3624.7854	2.9664009	3.8263416	94.40634	-15.118532	-171.10011	1357.7488	240647.7665565014
98	315.97964	222.72144	681.7489	13.090638	717.4673	0.0	717.4673	717.4673	200.0	200.0	979999	170.23904	355.26102	1291.9937	-3675.3215	170.23343	355.31204	1281.0538	-3661.9287	2.8158152	3.6485057	92.3943	-15.187351	-168.45985	1351.5625	241153.66964626312
99	241.4083	208.3457	687.5381	6.584174	566.73914	6.1035156e-05	566.7391	566.7391	200.0	200.0	989999	157.6546	361.37994	1310.2372	-3836.6917	157.64249	361.43964	1354.2925	-3834.5212	2.780242	3.8219464	75.814575	-11.876916	-155.75575	1394.8425	241649.31326770782
100	368.1216	234.79349	760.5913	7.632695	735.09827	6.1035156e-05	735.0983	735.0983	200.0	200.0	999999	148.48833	363.36667	1328.775	-3888.126	148.48541	363.40344	1258.8911	-3834.0442	2.712729	3.5986338	95.895065	-12.556763	-146.52354	1444.8427	242165.75621676445
101	428.87442	232.59776	786.7235	7.326243	668.6134	0.0	668.6134	668.6134	200.0	200.0	1009999	142.855	366.80023	1317.4432	-3895.0388	142.84999	366.85657	1283.1549	-3896.555	2.6686883	3.7314804	88.93336	-13.251316	-140.82028	1469.6196	242664.16025424004
102	408.46817	269.9258	798.5136	20.581787	7.9542017	4.7683716e-07	7.954201	7.954201	200.0	200.0	1019999	133.4906	373.76843	1319.8845	-4421.0806	133.48538	373.8442	1275.5115	-4298.405	2.6475942	3.5597358	97.57394	-14.021118	-131.50598	1530.9216	243171.2680668831
103	377.5929	217.35023	764.6946	20.687656	837.2787	6.1035156e-05	837.27875	837.27875	200.0	200.0	1029999	143.04985	384.85724	1255.3169	-4368.228	143.04253	384.9162	1295.0181	-4312.3545	2.9450443	3.8049426	105.082794	-11.515971	-141.11185	1623.943	243675.6051580906
104	377.78778	253.71948	1135.6854	15.846783	52.484203	0.0	52.484203	52.484203	200.0	200.0	1039999	144.96825	393.69998	1357.5425	-4740.7656	144.9637	393.74454	1366.4507	-4697.719	2.851634	3.5213149	94.926834	-11.604411	-143.03317	1649.4052	244194.89087581635
105	393.15457	222.47511	727.2535	3.9323723	140.85727	0.0	140.85727	140.85727	200.0	200.0	1049999	147.99731	407.42502	1393.9929	-4951.8833	147.98297	407.5147	1416.525	-4893.702	3.023674	3.6763268	76.47992	-13.385672	-146.00653	1748.4658	244691.6680598259
106	360.35742	247.96107	820.5808	9.565644	525.49713	0.0	525.49713	525.49713	200.0	200.0	1059999	145.46082	417.24176	1381.1483	-5106.2686	145.45386	417.29828	1375.4805	-5117.506	3.124779	3.7731254	98.59177	-13.431758	-143.27626	1811.1204	245183.00723338127
107	386.49774	267.774	798.9134	8.589791	617.82605	0.0	617.82605	617.82605	200.0	200.0	1069999	142.83939	423.72864	1347.0842	-5267.0386	142.83138	423.80295	1347.779	-5241.253	3.0547438	3.6291468	76.7499	-13.24538	-140.8357	1879.41	245688.77068543434
108	349.04352	248.19647	754.95197	14.516838	656.9191	6.1035156e-05	656.9192	656.9192	200.0	200.0	1079999	151.96237	428.4039	1373.9308	-5309.1157	151.94717	428.46655	1367.3496	-5385.447	3.148754	3.6310637	86.00089	-12.747084	-150.07668	1925.308	246196.78631210327
109	331.90253	245.37634	770.55194	2.6169155	31.556042	1.9073486e-06	31.556044	31.556044	200.0	200.0	1089999	155.70793	431.3351	1469.2992	-5237.0327	155.69395	431.4029	1437.47	-5236.2817	3.1042354	3.615399	82.437386	-11.524501	-153.77875	1968.5004	246685.8572061062
110	454.12695	241.63373	808.2591	26.62482	334.78976	0.0	334.78976	334.78976	200.0	200.0	1099999	159.65317	440.59027	1426.8213	-5486.2964	159.64267	440.657	1404.9545	-5486.5347	3.4391356	3.667472	91.96635	-11.7892885	-157.71553	2126.2073	247180.68832945824
111	426.77332	233.09348	956.4461	4.65876	154.83275	0.0	154.83275	154.83275	200.0	200.0	1109999	167.39087	445.45496	1437.8059	-5409.4316	167.38197	445.50983	1430.3698	-5424.0254	3.382734	3.6222775	105.32432	-12.88545	-165.5433	2143.8838	247668.13960766792
112	404.0515	237.09451	847.0288	19.156548	675.5665	6.1035156e-05	675.5666	675.5666	200.0	200.0	1119999	180.44444	448.38153	1508.1915	-5438.118	180.4342	448.42505	1516.1973	-5461.0522	3.6052494	3.931967	87.795364	-12.706319	-178.6219	2248.059	248180.4296503067
113	408.0925	246.49524	798.89404	8.73781	481.97833	3.0517578e-05	481.9783	481.9783	200.0	200.0	1129999	189.95154	450.76855	1439.2335	-5102.728	189.94626	450.83786	1466.896	-5017.658	3.9607558	4.176309	102.827194	-11.797619	-188.27702	2280.337	248682.51583838463
114	431.9577	246.56227	767.19086	6.3154774	796.66833	6.1035156e-05	796.6683	796.6683	200.0	200.0	1139999	194.67578	449.53113	1547.1536	-4932.845	194.66989	449.57333	1464.4535	-4918.6333	3.5771992	3.9713562	92.33258	-11.642382	-192.78316	2288.2417	249175.01876616478
115	439.88254	264.83588	803.6039	17.223543	12.668642	9.536743e-07	12.668643	12.668643	200.0	200.0	1149999	186.19672	447.12326	1439.0948	-4853.942	186.1887	447.16617	1373.4706	-4873.1953	3.4305656	3.7823496	98.64139	-12.2730055	-184.06586	2302.2566	249668.6103606224
116	397.26746	250.2362	1021.18207	27.78704	758.9155	0.0	758.9155	758.9155	200.0	200.0	1159999	170.56337	440.8204	1429.073	-4852.1973	170.55968	440.88947	1451.302	-4816.367	3.4032314	3.8806198	83.056465	-12.374367	-168.3455	2276.39	250167.79678201675
117	527.5231	284.5028	1348.5042	12.723948	678.3885	6.1035156e-05	678.3884	678.3884	200.0	200.0	1169999	162.6628	439.8295	1375.1921	-4967.7563	162.66231	439.86063	1332.7609	-5046.661	3.6624525	3.9261634	77.31666	-14.047208	-160.71385	2236.9558	250650.7647907734
118	503.20605	231.27808	1081.0424	28.72847	762.01666	0.0	762.01666	762.01666	200.0	200.0	1179999	162.79613	451.17038	1266.7114	-5238.523	162.78806	451.2452	1237.5836	-5281.8193	3.6315517	3.7805483	94.32034	-13.7149935	-160.42952	2287.1497	251136.63420772552
119	414.49258	256.95972	854.8111	5.7499056	403.68332	0.0	403.68332	403.68332	200.0	200.0	1189999	167.40059	457.14023	1121.45	-5272.973	167.40205	457.21042	1120.6992	-5320.6895	4.1810064	4.1789713	103.37229	-12.550795	-165.5811	2343.955	251613.92524075508
120	329.2753	238.77269	763.8953	3.5375402	639.3375	0.0	639.3375	639.3375	200.0	200.0	1199999	172.14508	462.28165	1144.4277	-5392.006	172.14337	462.35287	1158.8701	-5400.573	3.867998	4.1281266	85.394325	-13.936052	-170.0745	2394.9607	252126.01062726974
121	448.49597	241.98051	989.3218	11.384647	605.61835	6.1035156e-05	605.6184	605.6184	200.0	200.0	1209999	164.95164	461.87985	1137.3052	-5509.0747	164.95541	461.93378	1144.1676	-5613.162	3.929549	4.1836348	79.19513	-16.041342	-162.96123	2408.9192	252652.14157533646
122	326.64005	245.30159	865.513	7.834428	650.0365	6.1035156e-05	650.03644	650.03644	200.0	200.0	1219999	168.89145	466.50394	1118.1459	-5487.511	168.89511	466.5823	1107.425	-5516.5464	3.971646	4.2337847	84.34511	-11.724773	-166.99237	2445.1074	253145.62841773033
123	461.029	279.27304	890.76953	13.218771	591.42834	0.0	591.42834	591.42834	200.0	200.0	1229999	162.07054	471.7218	1116.7109	-5358.921	162.07265	471.76334	1098.6619	-5401.6963	3.6735163	3.8102229	98.39833	-13.834289	-159.91783	2477.7754	253622.58559298515
124	453.59155	228.87779	788.8943	28.171036	617.6515	0.0	617.6515	617.6515	200.0	200.0	1239999	156.97632	472.2053	1064.3397	-5224.88	156.97525	472.28043	1131.3546	-5244.1953	3.7413116	3.7797697	80.44142	-15.658101	-155.00232	2464.1455	254122.32071518898
125	412.11026	227.46169	735.65063	3.9805484	753.10046	6.1035156e-05	753.1004	753.1004	200.0	200.0	1249999	161.14069	479.33823	1043.9952	-5312.9917	161.14574	479.3993	1097.4116	-5164.429	4.3973536	4.634565	113.65441	-12.017094	-159.21497	2487.8591	254622.53940939903
126	489.90027	232.6011	886.6604	47.7561	406.5024	0.0	406.5024	406.5024	200.0	200.0	1259999	159.54683	485.67746	1031.2704	-5271.8506	159.54974	485.7155	1036.3285	-5241.6533	4.0960608	4.1973634	85.16843	-13.947088	-157.44247	2546.056	255127.62427139282
127	555.63336	210.0181	851.30237	47.54751	779.95667	0.0	779.95667	779.95667	200.0	200.0	1269999	169.48105	494.08218	1031.8191	-5486.2446	169.47609	494.14825	1021.93976	-5450.9385	4.319955	4.179779	88.20552	-13.087757	-167.63434	2605.9004	255653.37151646614
128	565.85474	189.68314	831.3688	40.06633	620.8236	0.0	620.8236	620.8236	200.0	200.0	1279999	177.67139	502.7194	1004.01764	-5712.2495	177.68286	502.74347	1017.7168	-5829.7295	4.4333744	3.9162412	93.98179	-14.426368	-176.2777	2711.872	256209.41381955147
129	435.60794	242.11072	860.8919	8.947239	895.6996	6.1035156e-05	895.69965	895.69965	200.0	200.0	1289999	185.07007	508.46405	1056.4203	-6110.807	185.06088	508.5207	1044.5796	-6149.4683	4.4534016	4.3855844	153.54091	-11.53543	-183.01349	2718.2231	256753.23934054375
130	450.58655	247.55911	983.82495	5.9156637	692.0209	0.0	692.0209	692.0209	200.0	200.0	1299999	166.37273	508.98575	1032.8302	-6351.76	166.38231	508.99545	1080.2721	-6406.0684	4.2568307	4.0922256	92.07401	-13.101086	-164.1541	2773.12	257306.96562457085
131	513.3214	254.4616	786.08795	3.1669683	735.9829	0.0	735.9829	735.9829	200.0	200.0	1309999	160.7597	517.0397	983.28815	-6809.9937	160.75548	517.1386	954.1512	-6826.568	4.238527	3.8556619	76.4767	-12.486491	-158.44275	2840.3464	258190.2026462555
132	432.3298	324.84296	1190.3016	34.915257	540.44934	6.1035156e-05	540.4494	540.4494	200.0	200.0	1319999	147.2766	518.3496	996.7173	-6873.959	147.2813	518.3974	994.5284	-6866.9985	4.2416034	4.117482	96.553986	-13.245003	-144.93228	2779.9937	259106.0208210945
133	570.04236	254.86284	1083.8275	8.135907	300.8247	0.0	300.8247	300.8247	200.0	200.0	1329999	143.6645	529.2203	995.83246	-7034.655	143.66628	529.2761	1024.9093	-7059.2896	4.505183	4.1975384	105.32313	-15.17602	-141.25595	2867.3218	259988.54169678688
134	504.88974	227.18336	880.54755	20.088924	557.1142	0.0	557.1142	557.1142	200.0	200.0	1339999	138.70177	532.14307	1000.38727	-7229.9556	138.69795	532.19476	1009.2087	-7238.5527	4.1556435	3.7776327	122.01611	-12.678667	-136.0687	2968.115	260849.42458581924
135	560.7795	285.167	1036.9646	8.1541395	676.2623	6.1035156e-05	676.2624	676.2624	200.0	200.0	1349999	137.997	539.92633	1007.7713	-7365.5537	137.99495	540.00867	1013.80237	-7352.368	4.3568335	3.7107184	84.85422	-16.080643	-135.74641	3003.0876	261857.43417143822
136	465.6059	292.771	900.23193	6.6014824	782.24854	0.0	782.24854	782.24854	200.0	200.0	1359999	142.0111	552.6093	1069.4683	-7317.1514	142.00964	552.65643	1033.3545	-7339.2583	4.6163063	3.9325604	135.90387	-12.066807	-139.52525	3106.5847	262850.0130331516
137	497.59222	247.969	808.6995	8.10586	827.09766	0.0	827.09766	827.09766	200.0	200.0	1369999	147.35072	563.4534	1069.1848	-7309.152	147.3555	563.51025	1066.729	-7342.028	4.871575	4.2033925	111.06361	-13.714477	-144.9107	3234.5986	263512.88508844376
138	505.7667	273.7259	820.5644	12.057404	710.99817	0.0	710.99817	710.99817	200.0	200.0	1379999	148.05843	565.43115	1078.6515	-7244.5366	148.0561	565.48926	1047.6442	-7236.672	4.582287	3.886277	114.96518	-12.804451	-145.64183	3315.049	264150.8696382046
139	532.5366	237.11789	791.7864	11.29276	587.3397	0.0	587.3397	587.3397	200.0	200.0	1389999	130.82092	569.623	1046.546	-7292.472	130.816	569.70703	1069.4851	-7210.726	4.5071497	3.8324025	104.24733	-11.281813	-128.02261	3301.873	264793.4477558136
140	483.79016	290.30237	952.89795	13.344282	611.2988	0.0	611.2988	611.2988	200.0	200.0	1399999	121.7497	568.2327	1012.22314	-7272.6636	121.745865	568.28613	1003.40094	-7295.423	4.5499563	3.9222639	95.683075	-15.72125	-119.08637	3375.2605	265433.939289093
141	541.97125	259.99738	1238.5693	21.363836	260.5792	3.0517578e-05	260.57922	260.57922	200.0	200.0	1409999	111.4732	576.2056	1054.4163	-7796.31	111.47729	576.29236	1041.0017	-7814.7295	4.569389	4.00743	114.22932	-12.183158	-108.59945	3407.2104	266084.088555336
142	555.8803	253.78746	1153.6254	9.637638	722.2543	0.0	722.2543	722.2543	200.0	200.0	1419999	103.975494	587.2331	1062.6617	-7991.9404	103.96923	587.34436	1067.8401	-8017.81	4.8767114	4.1254096	98.13399	-12.31683	-101.190414	3474.1824	266722.6444325447
143	531.6857	235.21925	920.1841	2.9526126	479.53522	3.0517578e-05	479.5352	479.5352	200.0	200.0	1429999	101.12466	595.1307	996.8327	-8221.115	101.12048	595.21344	1012.9523	-8204.858	4.788061	4.026426	94.24404	-11.854289	-98.244026	3585.3025	267362.10658860207
144	467.07907	246.99115	941.4109	3.1390104	815.35706	6.1035156e-05	815.3571	815.3571	200.0	200.0	1439999	91.32229	610.31335	992.8134	-8437.699	91.31138	610.4089	988.8114	-8481.814	4.6115713	3.871731	99.827515	-11.7820015	-88.160675	3692.2576	268004.74045038223
145	495.21173	280.36908	1145.6112	3.27092	1016.73456	6.1035156e-05	1016.7346	1016.7346	200.0	200.0	1449999	82.94775	623.8424	999.3039	-8630.897	82.94776	623.914	1023.8375	-8696.156	4.830102	4.0737085	121.76513	-13.3663845	-80.0099	3777.5	268664.1926717758
146	457.94577	275.03033	1065.4568	12.714913	519.5231	6.1035156e-05	519.52313	519.52313	200.0	200.0	1459999	77.67873	644.01184	1146.5033	-8908.0625	77.67668	644.103	1120.0056	-8991.28	5.0725107	4.226332	119.27989	-11.659809	-74.59976	4058.0293	269296.74167871475
147	475.28058	275.1333	900.2198	4.0023437	62.714672	3.8146973e-06	62.714676	62.714676	200.0	200.0	1469999	77.50526	661.5402	1106.255	-9145.878	77.49867	661.6077	1156.4285	-9503.682	5.136865	4.3348646	108.3562	-11.323169	-74.33834	4148.51	291858.54934215546
148	490.4111	242.98428	1051.7621	8.079648	420.63315	0.0	420.63315	420.63315	200.0	200.0	1479999	73.92048	667.8255	1147.2825	-9723.173	73.91281	667.8887	1124.0233	-9891.686	5.1449103	4.3421187	122.36234	-12.097862	-70.44865	4282.287	292653.5692808628
149	481.78723	252.77216	968.0308	4.3029776	682.4367	6.1035156e-05	682.43677	682.43677	200.0	200.0	1489999	61.155815	672.5974	1138.1608	-9756.805	61.149624	672.6577	1161.4424	-9937.997	5.071399	4.361905	135.03812	-12.677746	-57.579437	4410.639	293449.2126300335
150	287.22314	272.5954	899.30365	10.359613	462.5689	3.0517578e-05	462.56888	462.56888	200.0	200.0	1499999	66.99382	684.1063	1083.4789	-10078.868	66.98522	684.17865	1071.0239	-10368.789	5.452513	4.5165215	143.55544	-14.847708	-63.924988	4537.701	294247.2586429119
151	457.58163	247.15305	916.8607	10.416684	38.830624	0.0	38.830624	38.830624	200.0	200.0	1509999	66.1048	696.2201	1031.5989	-10202.636	66.09704	696.2648	1015.9501	-10378.765	5.43123	4.537367	156.74638	-10.49	-62.519367	4717.257	295065.201533556
152	268.07837	247.7098	726.3615	13.726838	32.804806	0.0	32.804806	32.804806	200.0	200.0	1519999	62.269764	703.1886	1127.845	-10541.813	62.273876	703.25287	1114.6959	-10585.2	5.341373	4.415743	101.35606	-12.014617	-58.421787	4912.1865	295873.3314871788
153	233.39957	242.69128	831.0656	4.340278	13.743614	0.0	13.743614	13.743614	200.0	200.0	1529999	57.494057	709.77124	1105.905	-10898.859	57.486347	709.8588	1150.2566	-11175.882	5.5466776	4.5325975	105.21388	-11.849701	-53.79645	4905.5854	296662.7807087898
154	302.58752	249.05313	722.422	3.3398068	194.48315	0.0	194.48315	194.48315	200.0	200.0	1539999	48.471745	715.04767	1115.2847	-11212.305	48.472595	715.1443	1134.2223	-11349.984	5.6683617	4.83121	144.13525	-12.102851	-44.679913	4925.297	297329.59265708923
155	433.14142	240.15245	761.4353	29.800884	566.38367	0.0	566.38367	566.38367	200.0	200.0	1549999	48.038387	727.4322	1210.5398	-11523.292	48.040756	727.48773	1197.808	-11745.387	5.614558	4.622711	114.47658	-12.211187	-44.12347	5164.01	297864.6188027859
156	442.5873	218.24081	847.039	11.344733	677.275	6.1035156e-05	677.2751	677.2751	200.0	200.0	1559999	52.45814	727.0286	1180.5837	-11811.422	52.451096	727.1343	1150.6675	-12044.146	5.7474675	4.7267013	119.08271	-11.2045355	-48.733944	5164.6294	298426.7407720089
157	454.55942	238.66481	1022.0673	4.1902647	642.10754	0.0	642.10754	642.10754	200.0	200.0	1569999	52.784855	737.9905	1183.3141	-12243.213	52.780746	738.08826	1164.7119	-12414.95	5.670933	4.6049724	126.96307	-11.2001	-48.765965	5212.13	298975.20865368843
158	412.15582	231.27419	766.3926	16.239815	41.46702	3.8146973e-06	41.467022	41.467022	200.0	200.0	1579999	43.860508	748.8412	1214.0587	-12465.279	43.859653	748.97565	1189.7804	-12851.003	5.547963	4.626163	140.85146	-10.885384	-39.954258	5375.771	299519.8913254738
159	305.42743	242.32845	805.7489	6.980003	39.687477	0.0	39.687477	39.687477	200.0	200.0	1589999	36.393417	767.87396	1241.6061	-12808.03	36.383232	767.988	1229.872	-13186.671	5.548662	4.545123	144.0824	-11.538467	-32.341576	5535.1216	300081.9279372692
160	203.78006	186.18752	587.1352	21.082294	40.754017	3.8146973e-06	40.754013	40.754013	200.0	200.0	1599999	24.521538	781.8053	1330.5325	-13622.47	24.525911	781.9164	1297.0989	-13749.547	5.532516	4.4211054	120.781906	-11.798411	-20.256805	5747.12	300625.31730794907
161	378.16653	262.94046	871.0772	10.570953	364.2089	3.0517578e-05	364.20886	364.20886	200.0	200.0	1609999	11.499277	799.0912	1244.565	-14026.889	11.496973	799.2288	1225.7068	-14351.538	5.533942	4.548084	106.50646	-13.050906	-7.252653	5945.5737	301170.71011948586
162	384.7301	268.05252	822.5179	8.571289	388.31207	0.0	388.31207	388.31207	200.0	200.0	1619999	-0.01817925	822.5099	1302.7124	-14578.872	-0.01153634	822.6218	1250.318	-14770.317	5.702411	4.6572704	117.508995	-14.173119	4.1820836	6128.996	301694.30464816093
163	439.288	234.37239	788.35114	6.541977	557.37305	0.0	557.37305	557.37305	200.0	200.0	1629999	0.9755025	847.79285	1336.9581	-15494.788	0.9683869	847.9665	1262.313	-15458.67	5.7936535	4.6744523	121.3517	-11.604979	3.2839863	6446.755	302221.4494395256
164	416.71835	226.57095	721.85425	10.541597	283.25635	0.0	283.25635	283.25635	200.0	200.0	1639999	-4.5403194	868.9805	1371.4038	-16051.806	-4.543231	869.1339	1421.1661	-16466.207	5.691306	4.6426377	108.82676	-10.943469	8.817782	6925.1694	302779.1379816532
165	430.40775	304.06345	1642.1091	16.261116	564.17444	0.0	564.17444	564.17444	200.0	200.0	1649999	-11.385656	872.3357	1457.5326	-16404.328	-11.393875	872.53625	1402.1582	-16670.988	5.720734	4.5834265	117.9956	-13.187793	15.821022	7005.6567	303360.2524139881
166	363.37305	272.8103	953.3835	8.180849	624.0873	6.1035156e-05	624.0872	624.0872	200.0	200.0	1659999	-17.963837	877.51373	1409.6852	-16742.057	-17.965727	877.64923	1340.5831	-17101.164	5.6905327	4.5248313	113.55997	-11.815829	22.243185	6937.767	303893.8815667629
167	463.11414	245.03735	1047.772	35.705494	935.2498	6.1035156e-05	935.24976	935.24976	200.0	200.0	1669999	-22.863232	895.8406	1471.3928	-17377.803	-22.863005	895.9843	1489.4519	-17664.338	5.7031946	4.348632	107.97083	-11.429981	27.257626	7319.3574	304438.1497051716
168	388.8668	248.72032	832.5014	12.51061	152.75037	0.0	152.75037	152.75037	200.0	200.0	1679999	-22.198523	907.49756	1474.0052	-17812.566	-22.202492	907.6127	1443.7693	-17967.012	5.794805	4.494778	132.05171	-12.010828	26.369335	7318.8706	304982.4244801998
169	299.69095	250.7424	853.4709	11.324876	11.425418	9.536743e-07	11.425419	11.425419	200.0	200.0	1689999	-19.112635	914.87726	1704.0883	-17653.117	-19.114384	914.9768	1756.3372	-17581.303	5.7418103	4.440109	132.63	-10.697892	23.561312	7515.1455	305528.58979940414
170	276.3575	250.11534	809.2236	11.5051	36.322144	0.0	36.322144	36.322144	200.0	200.0	1699999	-19.382673	914.4581	1626.5468	-17885.902	-19.39111	914.5384	1550.4371	-17917.922	5.87224	4.6613946	100.85637	-9.958286	23.755985	7463.6577	344903.30614590645
171	397.13794	293.29822	1013.66284	5.408806	652.68506	0.0	652.68506	652.68506	200.0	200.0	1709999	-26.206812	903.8759	1682.7438	-17527.973	-26.22122	904.0447	1722.6865	-18036.637	5.8273706	4.739143	97.23775	-10.893509	30.630978	7556.7456	345382.27958226204
172	346.2822	244.82355	895.5174	12.58776	74.964584	7.6293945e-06	74.96458	74.96458	200.0	200.0	1719999	-22.915974	895.3872	1568.4542	-17797.152	-22.920515	895.4965	1728.3156	-17830.137	5.663382	4.552589	103.947685	-14.833534	27.721828	7659.125	345877.0017170906
173	385.4541	246.78632	866.7131	16.944794	43.65641	3.8146973e-06	43.656414	43.656414	200.0	200.0	1729999	-25.701704	892.8465	1557.9031	-17717.914	-25.699127	892.89813	1590.6959	-17943.287	5.6591487	4.442467	110.09457	-11.837779	30.402231	7811.213	346364.0461394787
174	494.66614	254.3817	1187.4296	12.690858	377.97992	3.0517578e-05	377.9799	377.9799	200.0	200.0	1739999	-25.181639	887.56604	1617.2482	-18428.77	-25.196196	887.67834	1564.6475	-18599.652	5.658718	4.4547806	103.23524	-10.4395485	29.876482	7513.512	346838.29342865944
175	426.17065	286.82068	940.5849	7.1907206	528.6494	0.0	528.6494	528.6494	200.0	200.0	1749999	-44.154198	885.5054	1733.9994	-19024.648	-44.16697	885.59314	1824.838	-19146.309	5.66335	4.381004	94.954445	-14.460985	49.229137	7396.258	347328.6672511101
176	279.06082	281.7291	837.5857	9.879765	59.705956	3.8146973e-06	59.70596	59.70596	200.0	200.0	1759999	-56.488995	887.96246	1542.9874	-19465.064	-56.502945	888.0605	1538.0881	-19326.889	5.563607	4.3492007	97.29903	-10.88527	61.69261	7525.0	347804.63063263893
177	310.03094	263.51465	814.45404	14.673578	27.122929	0.0	27.122929	27.122929	200.0	200.0	1769999	-65.173904	890.1706	1474.327	-19746.744	-65.17278	890.3111	1581.8423	-19696.03	5.456562	4.3264055	95.39907	-15.053408	70.31235	7654.74	348271.40735936165
178	109.92359	192.21834	763.30914	6.0348783	20.65242	0.0	20.65242	20.65242	200.0	200.0	1779999	-63.36682	876.4999	1403.9996	-19832.104	-63.368843	876.62286	1503.1198	-20049.33	5.676537	4.4137354	94.53124	-11.703177	68.05415	7881.264	348741.7443497181
179	185.71245	238.00902	755.7896	11.375869	85.367424	0.0	85.367424	85.367424	200.0	200.0	1789999	-48.835865	871.0624	1493.7909	-20255.303	-48.84787	871.22	1483.0497	-20235.916	5.611044	4.4634876	114.927086	-10.880324	53.649242	7479.9424	349217.7531161308
180	306.7579	269.01587	864.8812	11.67396	31.282145	1.9073486e-06	31.282146	31.282146	200.0	200.0	1799999	-55.59961	878.3999	1141.1598	-20289.527	-55.59865	878.5149	1159.3376	-20212.473	5.6326923	4.550309	90.9104	-10.846333	60.690926	7764.812	349696.42311143875
181	491.58508	260.02643	1033.8944	11.333779	17.259815	0.0	17.259815	17.259815	200.0	200.0	1809999	-59.97823	881.76807	1128.9138	-20191.854	-59.98466	881.8883	1145.0422	-20495.576	5.761689	4.609831	105.99747	-12.103948	64.89995	8087.8184	350182.08032393456
182	394.57434	330.60788	1399.4673	5.934818	228.92911	1.5258789e-05	228.9291	228.9291	200.0	200.0	1819999	-59.46708	859.1154	1177.518	-20037.99	-59.469955	859.2379	1173.7821	-20287.932	5.58278	4.495313	123.34069	-9.948028	64.682175	7762.2656	350666.73190283775
183	363.365	338.27463	1436.8046	6.010193	1241.6824	0.0	1241.6824	1241.6824	200.0	200.0	1829999	-69.37601	840.00323	1307.4304	-19471.71	-69.374855	840.1183	1268.199	-19514.826	5.580952	4.5476785	115.780266	-12.584736	74.5528	7557.7495	351157.3026459217
184	451.52637	276.87177	1190.6963	10.606361	665.7445	6.1035156e-05	665.74445	665.74445	200.0	200.0	1839999	-80.38405	843.0927	1343.701	-19705.271	-80.38657	843.1843	1330.0815	-19740.684	5.508728	4.3651643	98.16216	-11.027718	85.51473	7735.821	351633.8857932091
185	322.7005	293.4849	867.9664	2.6655712	143.90746	0.0	143.90746	143.90746	200.0	200.0	1849999	-79.58601	837.1374	1190.738	-19022.904	-79.57927	837.2149	1232.4468	-19032.94	5.617635	4.5562572	136.88795	-15.240094	84.90473	7817.757	352105.5280060768
186	427.61374	278.5874	859.59735	13.31264	278.71844	0.0	278.71844	278.71844	200.0	200.0	1859999	-85.87406	846.02277	1858.1482	-19529.01	-85.878075	846.1038	1725.5323	-19303.44	5.586751	4.426281	114.62398	-15.0781555	91.22269	7738.62	352594.93038773537
187	523.99475	248.46613	1125.6158	18.777729	1312.9128	0.00012207031	1312.9127	1312.9127	200.0	200.0	1869999	-86.80448	867.5263	1772.9613	-20718.363	-86.80557	867.59186	1722.6663	-20546.777	5.6768966	4.317577	111.505775	-11.102843	92.1395	7938.07	353085.9165160656
188	457.83624	256.5487	1016.9493	3.6829486	87.27937	7.6293945e-06	87.27938	87.27938	200.0	200.0	1879999	-85.68695	868.23016	1960.4067	-20969.678	-85.69368	868.391	1939.1246	-20875.969	5.702582	4.4480686	116.14331	-10.929467	91.18192	7959.792	353558.98349261284
189	457.77258	242.77286	1064.4912	13.895179	506.61118	3.0517578e-05	506.61115	506.61115	200.0	200.0	1889999	-93.95761	891.8917	2215.6418	-20718.72	-93.9625	891.9821	2158.128	-21065.498	5.6864276	4.426971	89.055885	-15.354386	99.39771	8173.092	354050.8457376957
190	287.471	260.50687	936.3074	10.704009	591.9303	6.1035156e-05	591.93036	591.93036	200.0	200.0	1899999	-94.54508	915.085	2250.8064	-21760.607	-94.541824	915.15106	2123.9243	-21990.943	5.807669	4.4659686	149.99994	-12.555712	99.7387	8430.469	354513.7283322811
191	375.5438	239.63435	724.1799	10.427715	510.30316	3.0517578e-05	510.3032	510.3032	200.0	200.0	1909999	-89.99915	932.27094	2041.3367	-23172.025	-90.00591	932.3644	1892.3048	-22730.07	5.8830285	4.5533776	102.90183	-11.939204	95.41374	8624.425	354989.2457971573
192	418.709	246.28902	978.15704	10.441726	650.16516	0.0	650.16516	650.16516	200.0	200.0	1919999	-94.08514	949.4289	1736.7566	-23940.97	-94.07842	949.5712	1682.1097	-24015.19	5.752395	4.3874526	123.05845	-11.862019	99.40609	8718.031	355453.14888095856
193	455.4266	272.96744	1231.1017	9.479557	14.081827	9.536743e-07	14.081826	14.081826	200.0	200.0	1929999	-100.608	979.9341	1350.1984	-24901.166	-100.60538	980.0877	1420.2399	-24806.572	5.8045473	4.536351	102.4852	-11.300828	105.9762	9345.529	355916.95468473434
194	506.01566	258.90137	1334.0846	14.6223955	698.8324	6.1035156e-05	698.83234	698.83234	200.0	200.0	1939999	-104.59084	1005.99786	1177.4849	-25949.549	-104.57604	1006.0441	1148.8127	-25741.86	5.893152	4.44494	95.370186	-11.781505	109.92725	9342.912	356376.5367860794
195	511.8843	232.32942	888.00555	8.239725	474.77716	6.1035156e-05	474.7771	474.7771	200.0	200.0	1949999	-90.38261	1034.2919	1106.35	-26348.924	-90.38125	1034.4255	1221.1346	-26150.494	5.984329	4.448366	99.484474	-10.553622	95.470215	9755.292	356866.02381920815
196	475.77817	219.17914	1135.0055	28.988094	355.50104	0.0	355.50104	355.50104	200.0	200.0	1959999	-100.15959	1065.9801	1056.8193	-26944.43	-100.16222	1066.1083	1161.8716	-26749.021	6.006378	4.5851035	88.826225	-13.519506	105.6106	10487.431	357318.0722243786
197	436.93494	260.72842	1453.3143	34.11113	57.862934	3.8146973e-06	57.862938	57.862938	200.0	200.0	1969999	-115.94854	1079.3636	1803.302	-28429.426	-115.93521	1079.4902	1914.3151	-27976.072	5.838233	4.4223294	130.24799	-10.616606	121.84176	10473.409	357793.01965260506
198	422.17145	268.17255	1112.6432	21.942936	51.092274	3.8146973e-06	51.09227	51.09227	200.0	200.0	1979999	-134.18674	1085.7699	1449.0424	-28674.064	-134.19376	1085.9523	1586.0446	-28584.645	6.033856	4.3949547	112.678185	-13.615447	139.8306	10548.744	358281.50780534744
199	268.5277	223.48549	873.84784	7.4098077	41.82922	0.0	41.82922	41.82922	200.0	200.0	1989999	-126.76929	1093.0308	1447.7734	-28404.418	-126.787766	1093.107	1441.5293	-28571.41	6.2520795	4.449399	97.89653	-10.960908	131.97874	11283.987	358769.45365023613
200	284.2325	189.69566	718.3752	10.395802	290.05197	0.0	290.05197	290.05197	200.0	200.0	1999999	-122.3588	1077.6151	1247.3031	-28516.49	-122.36346	1077.7428	1169.4261	-28442.852	6.3922505	4.684753	103.10016	-10.448152	127.670135	11196.374	359247.08118724823
201	402.39008	260.01898	1063.9259	34.064037	26.421513	0.0	26.421513	26.421513	200.0	200.0	2009999	-110.86272	1075.5454	1131.2822	-29094.21	-110.87578	1075.6349	1126.9515	-29149.475	6.363043	4.7329254	95.728096	-12.611007	116.32711	11284.488	359709.0945203304
202	374.52557	283.684	928.0445	31.30631	74.49461	0.0	74.49461	74.49461	200.0	200.0	2019999	-116.870605	1070.2642	1075.5474	-29228.48	-116.88387	1070.3992	1083.9984	-29743.273	6.310506	4.72773	139.21829	-13.383633	122.3147	11286.386	360185.202958107
203	279.49542	238.39513	918.7832	22.634235	36.63248	0.0	36.63248	36.63248	200.0	200.0	2029999	-117.59335	1083.4537	1176.2467	-30096.9	-117.612816	1083.6573	1094.7719	-30058.686	6.279539	4.7293835	134.93042	-11.707221	123.33539	11665.7295	360509.8930244446
204	397.8539	238.17738	945.97424	29.353476	649.59235	0.0	649.59235	649.59235	200.0	200.0	2039999	-136.01509	1098.5228	1119.563	-31425.246	-136.0246	1098.7201	1140.4409	-30809.674	6.288186	4.7087893	125.45728	-10.827901	141.7767	11399.12	360848.42156243324
205	356.59598	251.67485	1129.6881	19.687567	49.73147	0.0	49.73147	49.73147	200.0	200.0	2049999	-156.9934	1113.6847	1153.7864	-32407.691	-157.00266	1113.8425	1084.0564	-32007.686	6.246001	4.730878	115.126785	-11.617326	162.95874	11846.112	361228.1875343323
206	296.86203	217.68283	769.0334	8.133862	511.23883	0.0	511.23883	511.23883	200.0	200.0	2059999	-184.10153	1119.3729	1375.2137	-33435.28	-184.11432	1119.5707	1425.7367	-32767.533	6.0879803	4.740138	125.30355	-12.487998	190.46878	11931.131	361600.70222878456
207	348.50177	250.25038	820.30536	4.2263145	51.22785	3.8146973e-06	51.227848	51.227848	200.0	200.0	2069999	-196.3662	1118.2998	1453.1057	-32473.936	-196.36813	1118.5355	1398.0995	-32187.26	6.1961727	4.7681627	118.98104	-13.731158	202.62495	12109.012	361967.1569368839
208	401.99036	247.15869	874.4769	16.073452	544.2119	0.0	544.2119	544.2119	200.0	200.0	2079999	-209.2881	1129.5181	1273.7018	-33361.508	-209.29991	1129.6664	1314.7546	-32706.244	6.0906777	4.7514205	124.77864	-11.943507	215.8556	12234.922	362334.4110047817
209	342.9016	322.58914	1491.8	13.920079	492.47794	0.0	492.47794	492.47794	200.0	200.0	2089999	-225.49263	1176.3262	1353.2119	-34343.812	-225.5046	1176.5497	1336.8131	-34192.113	6.141023	4.704953	93.145584	-11.402148	232.39825	12367.242	362693.5178363323
210	307.7669	252.4767	834.83136	13.736967	26.23634	0.0	26.23634	26.23634	200.0	200.0	2099999	-222.18134	1218.5356	1407.5785	-36517.523	-222.18465	1218.7427	1437.2769	-36010.52	6.2823205	4.80581	106.74807	-10.345491	228.234	12967.578	363063.05776309967
211	256.3748	260.72272	1128.0504	3.5189795	24.139053	0.0	24.139053	24.139053	200.0	200.0	2109999	-203.75658	1256.0232	1426.9849	-38745.902	-203.7605	1256.2972	1471.4496	-37855.105	6.34293	4.755015	132.79268	-10.972443	209.94028	13339.038	363418.87349152565
212	229.78894	210.65845	720.35956	14.086256	62.731133	3.8146973e-06	62.731136	62.731136	200.0	200.0	2119999	-200.03888	1295.3982	1285.895	-38826.285	-200.051	1295.5818	1244.4236	-38212.105	6.238343	4.75063	151.60252	-9.452113	206.29257	13469.183	363791.524187088
213	352.2489	241.16653	856.75366	35.593235	461.07172	3.0517578e-05	461.07175	461.07175	200.0	200.0	2129999	-200.064	1270.4038	1469.8281	-39369.254	-200.07246	1270.6376	1509.5153	-39410.72	6.0496693	4.613626	126.79822	-12.639975	206.96602	13432.808	364161.55082559586
214	228.13972	236.3877	803.30084	5.004896	642.8267	0.0	642.8267	642.8267	200.0	200.0	2139999	-204.61763	1285.03	1391.8743	-40936.645	-204.62299	1285.3318	1465.6664	-40566.86	6.2737	4.7657967	161.58803	-12.412058	210.8696	13722.797	364539.4974000454
215	194.37428	218.76176	759.3523	13.6787405	32.09882	0.0	32.09882	32.09882	200.0	200.0	2149999	-176.89436	1286.9995	1439.5134	-40679.89	-176.89618	1287.142	1564.933	-40252.816	6.310592	5.0464516	131.50133	-11.252887	183.19186	13739.238	364904.67622852325
216	390.59833	235.026	856.93915	9.215577	24.996891	0.0	24.996891	24.996891	200.0	200.0	2159999	-183.3908	1252.5544	1844.0188	-33944.85	-183.3915	1252.7362	1959.2064	-33671.08	6.1983733	4.899131	121.66109	-11.330235	189.93277	13828.275	365263.1794490814
217	381.39883	326.68463	1557.8396	10.733471	21.381758	0.0	21.381758	21.381758	200.0	200.0	2169999	-162.53384	1257.8989	1960.3763	-35436.348	-162.53467	1258.0696	2084.929	-34736.473	6.990133	5.586275	135.79337	-11.739875	168.309	14264.72	365643.70873618126
218	265.68713	198.63716	683.3997	14.433585	38.223843	0.0	38.223843	38.223843	200.0	200.0	2179999	-149.15602	1258.4651	1858.3063	-32296.197	-149.16824	1258.6527	1936.2976	-32922.895	6.488461	4.9974957	138.62099	-13.527759	155.65857	14549.978	366016.5316746235
219	270.41263	213.78629	736.9961	10.788741	114.01439	7.6293945e-06	114.0144	114.0144	200.0	200.0	2189999	-153.49081	1259.1619	2451.1975	-34111.25	-153.49582	1259.4186	2314.8757	-33742.543	6.7289376	5.384424	167.50354	-14.229897	159.98515	14910.752	366385.66596865654
220	305.7541	261.22168	766.1589	18.946741	588.84283	0.0	588.84283	588.84283	200.0	200.0	2199999	-144.54875	1274.4192	2566.9922	-34549.117	-144.57181	1274.712	2593.7317	-34300.367	6.6603765	5.1908865	139.2143	-10.40091	150.5548	14687.313	366792.387039423
221	319.56204	218.91377	702.8722	2.9529567	6.8891516	4.7683716e-07	6.889152	6.889152	200.0	200.0	2209999	-134.60878	1296.4697	3122.745	-34465.21	-134.61855	1296.8209	2811.672	-34742.434	6.9539833	5.3029404	124.07889	-12.19196	140.8679	15086.83	367175.34405970573
222	331.59836	214.8158	829.7344	5.0471854	15.012555	0.0	15.012555	15.012555	200.0	200.0	2219999	-145.12886	1295.4385	3221.7883	-36532.363	-145.13795	1295.6045	3153.9944	-35805.465	6.6027093	5.2336283	148.93779	-11.5033455	152.1979	15211.533	367570.8222961426
223	322.0821	233.15387	731.38855	15.292847	248.02487	0.0	248.02487	248.02487	200.0	200.0	2229999	-162.49861	1290.7454	3643.461	-36758.36	-162.51642	1290.9094	3469.3518	-36683.508	6.795856	5.38684	168.76266	-14.408725	168.87357	14839.739	367946.9586119652
224	256.94263	201.71391	784.1916	2.8298712	12.286188	0.0	12.286188	12.286188	200.0	200.0	2239999	-185.59111	1275.9722	3563.985	-37450.992	-185.59059	1276.1976	3418.1223	-37378.04	6.2790823	4.905597	138.42041	-10.174825	192.86526	14888.993	368290.58248472214
225	289.23483	238.36366	697.4129	5.4425344	16.350796	1.9073486e-06	16.350794	16.350794	200.0	200.0	2249999	-194.58003	1287.0929	4028.2307	-36247.25	-194.59172	1287.2505	3815.3027	-36052.047	6.4757333	5.091895	164.39897	-11.271625	200.73106	15256.781	368647.12363505363
226	349.3435	226.71706	820.94684	14.824846	43.67971	0.0	43.67971	43.67971	200.0	200.0	2259999	-173.419	1247.0828	3972.8743	-35114.785	-173.4128	1247.244	3922.3574	-35629.586	6.362355	5.063975	123.44861	-11.688782	179.88188	14707.346	368993.18899059296
227	373.40094	235.55447	819.88403	11.580466	766.7682	6.1035156e-05	766.76825	766.76825	200.0	200.0	2269999	-183.58084	1234.0253	3931.7683	-34033.062	-183.58936	1234.2252	3879.7732	-34140.85	6.5249825	5.284756	130.52217	-11.276808	190.57957	15218.188	369343.6434793472
228	258.6041	196.02966	669.0159	12.234765	16.207932	0.0	16.207932	16.207932	200.0	200.0	2279999	-180.69579	1221.8073	3090.4	-34480.42	-180.70601	1222.109	3061.4058	-34267.574	6.522227	5.1024265	162.29076	-10.320291	187.5248	15347.97	369688.17169189453
229	150.37979	165.98578	623.4372	7.463071	6.6845064	0.0	6.6845064	6.6845064	200.0	200.0	2289999	-191.03566	1200.819	3009.1023	-34803.0	-191.05756	1201.0186	3035.2158	-34003.133	6.338637	4.964981	146.54251	-11.979042	197.88483	14542.378	370027.25252461433
230	141.05286	211.88322	848.83215	6.7337713	600.25543	0.0	600.25543	600.25543	200.0	200.0	2299999	-183.18573	1182.3217	3253.864	-32803.195	-183.18437	1182.3835	3135.6602	-32781.938	6.337367	4.8932233	148.77826	-13.199232	189.63243	14727.803	370336.17003393173
231	372.04953	246.42816	824.71826	18.719395	56.215626	0.0	56.215626	56.215626	200.0	200.0	2309999	-133.6669	1159.7665	4743.5317	-33142.277	-133.66792	1159.9003	4906.294	-32214.0	6.4500775	5.1816754	180.59755	-13.573152	139.39265	14505.125	370654.10801434517
232	267.21112	252.9106	860.986	3.2219386	619.37	6.1035156e-05	619.36993	619.36993	200.0	200.0	2319999	-91.90524	1155.9857	6017.5244	-33718.684	-91.912155	1156.1438	5940.1045	-33052.43	6.542698	5.0750203	131.12688	-10.354946	97.86103	14764.266	370966.39900541306
233	349.78433	260.3877	1123.23	7.357498	617.7041	0.0	617.7041	617.7041	200.0	200.0	2329999	-36.232536	1221.9965	6763.2085	-33484.492	-36.2412	1222.1556	6735.557	-33286.77	6.802791	5.2165804	144.9118	-13.993431	41.042713	16245.363	371272.62577438354
234	458.50452	332.23386	1294.0273	17.318459	486.70053	3.0517578e-05	486.7005	486.7005	200.0	200.0	2339999	58.272964	1340.0764	8672.282	-35181.305	58.24739	1340.1864	8703.383	-35011.332	7.591666	5.2772026	152.96114	-10.999784	-53.0439	20104.96	371576.19810414314
235	371.75674	310.6035	907.0025	8.068497	15.832197	0.0	15.832197	15.832197	200.0	200.0	2349999	115.60104	1363.9958	8257.894	-36509.73	115.57906	1364.2147	8468.84	-35707.973	7.6031175	4.942443	117.92137	-11.681466	-111.42732	20336.494	371887.3951096535
236	84.72608	155.03438	743.50214	6.602803	16.332523	0.0	16.332523	16.332523	200.0	200.0	2359999	64.97418	1328.3762	9285.37	-35666.64	64.95796	1328.7446	9263.543	-35242.61	6.9652367	5.1422987	119.86888	-10.851082	-58.907486	19181.77	372215.51620721817
237	191.62857	223.59607	675.3382	9.275411	596.4848	0.0	596.4848	596.4848	200.0	200.0	2369999	0.07569333	1310.5096	9353.382	-33127.99	0.05055092	1310.5908	9505.198	-32416.457	6.965378	5.545697	185.7761	-10.921254	5.9044685	18773.58	372549.00161480904
238	254.90625	214.66196	696.31433	15.560603	22.24195	1.9073486e-06	22.241951	22.241951	200.0	200.0	2379999	-33.125587	1271.4811	10651.106	-33975.67	-33.145252	1271.6844	10722.816	-33809.188	6.9682846	5.6560564	216.85031	-12.046574	39.543385	18311.49	372871.99390268326
239	206.18448	208.23431	710.6383	13.871918	16.524471	1.9073486e-06	16.52447	16.52447	200.0	200.0	2389999	-66.21138	1220.0781	11634.902	-34235.746	-66.24873	1220.1733	11744.788	-33596.848	6.55963	5.274906	177.70132	-15.654036	72.67453	17718.531	373168.7642183304
240	335.97433	250.4056	893.67944	13.7983885	78.47361	7.6293945e-06	78.4736	78.4736	200.0	200.0	2399999	-77.45192	1195.6349	12954.316	-32707.035	-77.46001	1195.8126	13152.449	-33421.7	6.3050976	5.0870895	130.44627	-12.0719	83.76685	17003.564	373462.7184433937
241	263.43665	217.3971	703.19366	3.9018073	45.485207	3.8146973e-06	45.48521	45.48521	200.0	200.0	2409999	-91.97927	1195.2013	13164.094	-32914.547	-91.972595	1195.3627	13248.192	-32532.707	6.4737554	5.196977	167.17696	-11.224995	98.044464	16999.54	373723.8884572983
242	189.30708	210.05875	705.6254	3.390709	589.86285	0.0	589.86285	589.86285	200.0	200.0	2419999	-56.284847	1214.5103	13659.725	-34257.926	-56.27589	1214.688	13732.183	-33988.527	6.784715	5.4006505	201.59392	-12.603737	60.525906	17987.414	373958.296025753
243	283.40857	242.60068	730.0902	2.7794542	656.4982	6.1035156e-05	656.4983	656.4983	200.0	200.0	2429999	61.065292	1266.5186	14404.365	-31659.344	61.06503	1266.892	14373.104	-31858.197	7.075236	5.534746	135.09235	-13.5413265	-56.64041	18824.887	374193.3490614891
244	335.71362	227.47235	1013.8632	4.553979	180.18037	1.5258789e-05	180.18036	180.18036	200.0	200.0	2439999	80.86703	1314.8793	15810.081	-34328.41	80.85582	1315.0027	15873.208	-34967.387	7.2792153	5.143835	150.23134	-10.434467	-75.20591	19358.096	374440.6694045067
245	236.81389	255.21822	829.0317	2.9705377	13.730543	0.0	13.730543	13.730543	200.0	200.0	2449999	18.64836	1357.8763	16274.616	-35473.09	18.644987	1358.0951	16282.949	-35645.29	7.0310526	5.089835	131.06046	-11.106977	-12.540184	19807.715	374680.9058971405
246	228.41153	233.82121	784.29736	3.7483287	15.703845	0.0	15.703845	15.703845	200.0	200.0	2459999	-14.580347	1361.0199	15834.782	-36094.074	-14.592144	1361.1476	15867.689	-36122.742	6.9420643	5.3237386	148.7831	-10.410553	20.526108	20679.377	374888.9926197529
247	282.0864	242.74855	711.57056	6.3224144	494.60538	3.0517578e-05	494.60535	494.60535	200.0	200.0	2469999	-43.177242	1330.9309	16166.286	-36831.574	-43.179916	1331.1042	16097.839	-37011.434	6.878254	5.392987	161.40256	-12.177271	49.164433	19953.123	375101.8435277939
248	186.2668	220.91821	725.7318	4.484282	11.766131	9.536743e-07	11.766132	11.766132	200.0	200.0	2479999	-68.13807	1316.2297	16696.74	-36100.41	-68.15123	1316.2789	16812.1	-35464.777	6.7506356	5.2302966	132.10637	-13.322523	74.26431	19923.11	375315.55404496193
249	76.328545	134.7272	683.86475	7.116937	19.407688	1.9073486e-06	19.40769	19.40769	200.0	200.0	2489999	-96.35178	1299.6438	19164.387	-32551.879	-96.378296	1299.7433	19071.666	-31977.785	6.811676	5.634927	143.418	-12.843668	102.62436	19295.58	375550.8127114773
250	72.19265	116.610916	552.03345	9.74373	592.8155	0.0	592.8155	592.8155	200.0	200.0	2499999	-87.474686	1277.9873	19020.342	-31572.898	-87.48083	1278.0293	18953.861	-31536.605	6.9783325	5.750022	138.7762	-13.366886	93.239365	19539.102	375771.4741563797
