Epoch	AverageEpRet	StdEpRet	MaxEpRet	MinEpRet	AverageTestEpRet	StdTestEpRet	MaxTestEpRet	MinTestEpRet	EpLen	TestEpLen	TotalEnvInteracts	AverageQ1Vals	StdQ1Vals	MaxQ1Vals	MinQ1Vals	AverageQ2Vals	StdQ2Vals	MaxQ2Vals	MinQ2Vals	AverageLogPi	StdLogPi	MaxLogPi	MinLogPi	LossPi	LossQ	Time
1	339.28284	156.0181	1012.55133	148.82642	375.03183	110.476265	588.0787	245.14249	200.0	200.0	9999	42.160275	28.901297	235.54004	-0.099292055	42.16021	28.898548	234.09659	0.074846216	-2.6465964	0.4814243	5.3799663	-8.872553	-42.58496	1.3269421	165.74337887763977
2	806.5486	346.54288	1455.451	179.26805	1151.6942	317.91733	1466.7983	640.98615	200.0	200.0	19999	171.6367	118.7985	571.89233	22.690191	171.63791	118.798935	572.07916	23.106129	0.13433088	2.9887486	10.630337	-13.142802	-172.48773	14.3449545	342.1764085292816
3	1261.1178	388.86737	1811.1605	579.07086	911.203	199.04138	1163.8016	520.36816	200.0	200.0	29999	374.87207	159.96127	667.4285	-11.61645	374.85968	159.99539	667.9513	-30.148191	3.0234015	3.312127	14.447433	-13.13419	-376.64313	33.211334	517.3390491008759
4	1064.4901	428.53595	1825.6932	410.34134	914.4098	135.06866	1171.1008	684.37036	200.0	200.0	39999	490.0631	137.86067	690.07263	-35.6845	490.05795	137.883	686.7089	-44.743176	1.9907931	3.2667868	13.775808	-17.659061	-491.0711	36.40569	694.457245349884
5	1181.0337	292.78473	1677.3827	544.6212	1423.0535	262.2687	1781.6613	1044.6163	200.0	200.0	49999	532.7745	117.49024	690.00226	-44.602695	532.77313	117.50258	686.9612	-54.580727	1.1812239	3.2744987	13.9333935	-13.21932	-533.3913	37.978767	877.9328119754791
6	1245.672	357.2201	1837.7971	610.98987	1358.765	274.5696	1799.1151	1017.1075	200.0	200.0	59999	557.5046	108.68408	695.9476	-51.980892	557.4929	108.75233	690.04395	-65.47064	0.6717443	3.161523	16.85462	-12.803691	-557.9159	40.988705	1053.5681891441345
7	1281.9254	337.02435	1816.6807	524.79083	1365.1941	401.84357	1863.027	634.9154	200.0	200.0	69999	578.4238	105.3858	725.215	-56.345264	578.4178	105.424355	723.21344	-72.25665	0.47458914	3.0330005	16.280691	-12.343882	-578.785	43.051292	1245.7166140079498
8	1277.4888	339.36557	1816.295	627.69244	1165.2015	329.65036	1616.412	730.6465	200.0	200.0	79999	598.62616	105.88172	752.5798	-58.78596	598.6255	105.889465	751.9337	-67.10519	0.33953497	3.0709064	22.628319	-13.848956	-598.875	44.18619	1426.2990362644196
9	1228.8004	399.46173	1805.326	467.514	1418.9519	407.64114	1889.3676	692.84	200.0	200.0	89999	614.42316	104.46493	757.003	-69.63389	614.4218	104.46948	758.4368	-78.20204	0.20145485	3.0485046	18.347027	-16.243242	-614.5985	43.76985	1617.683424949646
10	1251.2028	362.56097	1855.9066	549.3833	1587.9747	318.6581	1760.9207	763.3095	200.0	200.0	99999	626.04694	101.37993	767.4373	-78.6217	626.0457	101.38612	767.5093	-89.729485	0.06987899	2.9736342	21.902946	-12.468811	-626.232	42.254627	1802.888706445694
11	1308.9387	399.7372	1856.8607	499.9592	1360.8678	344.85852	1779.245	981.0391	200.0	200.0	109999	636.30304	98.33544	790.8116	-84.53617	636.3018	98.34705	792.92053	-89.68524	0.027285013	2.928234	17.565655	-11.974721	-636.45966	41.83765	1985.7760074138641
12	1372.4078	335.73123	1852.0123	571.2578	1186.5845	348.4093	1571.317	729.8542	200.0	200.0	119999	644.6388	96.39388	816.9147	-87.60077	644.63776	96.41107	827.99774	-97.60285	0.055609334	2.8917694	16.225208	-12.682463	-644.8251	41.990845	2179.3082358837128
13	1349.2983	346.04953	1838.3484	415.24564	1052.6082	339.6956	1797.4619	554.3359	200.0	200.0	129999	655.0503	96.007034	845.5269	-94.68943	655.04926	96.02806	855.63043	-102.435356	0.05262846	2.8705497	23.841076	-12.514385	-655.179	41.545383	2371.2145490646362
14	1299.8983	389.97736	1812.4037	419.06894	1248.318	481.27866	1831.7378	630.2516	200.0	200.0	139999	664.1848	95.44456	870.2857	-106.632126	664.1834	95.46362	882.9277	-117.26668	-0.075213656	2.8739057	19.830997	-15.655633	-664.2333	41.564064	2559.4398317337036
15	1306.5844	326.199	1803.9261	633.1172	1279.7017	278.23788	1878.7186	871.8743	200.0	200.0	149999	669.11707	95.715935	896.95654	-115.94108	669.1168	95.72964	908.41345	-122.839294	-0.09049205	2.8566277	19.390865	-12.247957	-669.1185	41.75387	2751.0417506694794
16	1242.0736	391.48465	1848.8706	435.61115	1441.1334	152.16843	1601.3657	1238.1239	200.0	200.0	159999	674.15686	96.1506	920.079	-109.95547	674.15607	96.16025	940.74963	-116.80997	-0.09502786	2.794331	20.780973	-15.947621	-674.1347	42.27507	2936.039019346237
17	1421.8032	275.85742	1880.9297	636.9761	1260.769	404.19827	1755.2725	553.83374	200.0	200.0	169999	678.07776	97.396286	933.8516	-95.53854	678.077	97.39991	951.2484	-102.53848	-0.12880075	2.7689178	23.989866	-12.867413	-678.0264	42.002693	3119.2857501506805
18	1378.4847	330.22232	1848.6317	615.9335	1283.8113	255.35666	1663.2781	727.68396	200.0	200.0	179999	682.73	99.06861	950.9863	-95.48305	682.7298	99.07117	962.1641	-98.40233	-0.112378225	2.7301037	20.734459	-13.761388	-682.65594	43.50153	3313.1544649600983
19	1385.6669	325.88092	1849.9492	552.3294	1443.6149	218.27003	1730.6654	987.72253	200.0	200.0	189999	687.8701	98.884766	959.65924	-90.729935	687.8695	98.88689	970.3846	-92.762344	-0.091399744	2.684085	17.229239	-13.423825	-687.8163	42.820904	3491.6982707977295
20	1411.2428	323.0134	1838.512	620.76154	1386.8431	269.75427	1700.0276	645.8169	200.0	200.0	199999	691.96313	99.453094	984.96747	-60.38359	691.96313	99.45406	980.8837	-65.78762	-0.1419873	2.6735828	24.321226	-12.544006	-691.83636	43.46097	3681.2810711860657
21	1473.341	312.0238	1878.2341	756.5127	1521.181	305.52228	1797.193	679.86646	200.0	200.0	209999	696.3606	100.120476	1005.2985	-32.00746	696.36005	100.1239	1001.17145	-36.139256	-0.16662882	2.6780033	21.814812	-13.045462	-696.23804	42.983418	3873.4703707695007
22	1388.4393	349.6181	1871.6002	605.81464	1523.7428	228.08505	1850.3871	1334.4121	200.0	200.0	219999	701.4125	100.83813	1031.2598	-10.802733	701.41223	100.83738	1024.1875	-14.723526	-0.21668957	2.644831	19.506397	-13.113686	-701.2689	42.231438	4064.3992743492126
23	1361.2092	333.0841	1857.9156	579.259	1601.6448	153.0805	1809.455	1426.952	200.0	200.0	229999	706.0421	102.15307	1048.6332	-12.030435	706.04205	102.15353	1047.5924	-13.62953	-0.2197294	2.62099	15.6515255	-15.344788	-705.9344	42.421814	4255.0440974235535
24	1382.1427	361.88965	1889.1079	621.33984	1590.4832	138.02742	1761.668	1389.4138	200.0	200.0	239999	710.96844	102.68584	1066.6561	-15.561865	710.9684	102.68838	1064.506	-18.821358	-0.22448221	2.6139247	18.053993	-12.516201	-710.8501	42.228237	4449.367577314377
25	1416.8348	334.7856	1869.2313	731.978	1278.1472	256.3505	1663.3596	629.38947	200.0	200.0	249999	715.0989	103.68481	1078.1459	-19.434668	715.0981	103.68657	1080.5675	-21.966404	-0.27188048	2.6030033	17.781992	-12.368884	-714.98254	42.124157	4637.336675167084
26	1418.917	350.236	1880.247	551.7749	1314.5168	343.3923	1831.1543	737.9095	200.0	200.0	259999	718.62006	103.51981	1088.7058	-31.238577	718.6191	103.52779	1088.3027	-43.711136	-0.3489587	2.5376363	22.683872	-13.212954	-718.5292	41.704456	4820.973046302795
27	1340.8107	346.25308	1885.2881	583.6357	1434.4413	257.59943	1683.8752	684.05084	200.0	200.0	269999	722.3666	102.78239	1096.044	-41.728268	722.36615	102.79184	1098.7233	-51.1724	-0.40766466	2.5218863	18.272816	-13.366131	-722.2703	42.20574	5015.992449760437
28	1400.6953	330.38522	1883.5775	628.003	1168.795	215.5296	1447.4392	683.4483	200.0	200.0	279999	725.4736	102.76909	1103.052	-53.748512	725.4731	102.77909	1100.1135	-65.98767	-0.4614804	2.575837	18.860458	-12.076027	-725.33856	42.14151	5199.648668527603
29	1457.5552	310.96536	1833.5782	694.9819	1051.8154	311.36627	1634.8627	572.7764	200.0	200.0	289999	725.39166	102.910614	1104.5383	-58.417706	725.3911	102.92501	1103.62	-75.35071	-0.5374412	2.5491784	25.822227	-12.608881	-725.1269	42.893867	5389.641009807587
30	1393.7089	322.3692	1886.4626	570.47974	1163.8817	379.77048	1849.7917	603.08716	200.0	200.0	299999	722.14795	101.27881	1104.6643	-71.25969	722.14685	101.30382	1101.8085	-88.408966	-0.6198355	2.482218	15.544803	-11.598861	-721.7926	43.445538	5583.998792886734
31	1419.0587	298.0591	1884.7302	824.2632	1201.0447	401.71588	1845.5516	695.30707	200.0	200.0	309999	716.11896	100.8679	1088.3833	-80.14892	716.118	100.89799	1089.9622	-96.26735	-0.70308	2.4494965	22.601229	-13.2158375	-715.6456	43.894817	5773.920627832413
32	1319.1294	338.4223	1869.0316	596.01624	1112.7424	462.55685	1865.7198	589.8135	200.0	200.0	319999	711.7285	100.69701	1091.9065	-89.05081	711.72766	100.73152	1086.1372	-102.91057	-0.70256	2.4850216	19.762062	-12.303575	-711.2136	44.280807	5970.562360048294
33	1286.0507	389.87448	1873.9323	549.5929	1086.0175	363.77438	1499.4482	498.9525	200.0	200.0	329999	708.3517	101.252335	1081.7157	-94.401245	708.3506	101.29384	1079.0822	-104.70312	-0.73372465	2.441953	17.661888	-12.510675	-707.81525	43.277042	6159.324729442596
34	1413.0582	271.5256	1891.8656	963.7726	988.30743	335.9825	1567.293	623.0099	200.0	200.0	339999	705.82513	102.001305	1089.6659	-98.269844	705.824	102.04354	1084.534	-106.87543	-0.7433408	2.4308186	19.322071	-12.370567	-705.2656	42.071396	6355.789835214615
35	1402.0687	333.2592	1838.8895	565.5132	1193.2405	362.98926	1626.0015	616.49744	200.0	200.0	349999	703.52826	103.142746	1085.9164	-99.56426	703.52686	103.18889	1080.2098	-107.1559	-0.78411126	2.39286	20.322968	-13.586548	-702.9261	42.989674	6544.0652849674225
36	1469.0054	313.18185	1848.1658	822.8377	1200.2219	392.89865	1887.0319	646.84973	200.0	200.0	359999	702.552	105.226135	1079.2706	-106.402534	702.5497	105.275406	1076.9823	-119.29708	-0.790573	2.409189	17.04334	-14.780214	-701.9576	43.139412	6734.214637756348
37	1450.9689	347.9739	1842.2148	534.5176	1269.0139	302.89206	1714.1271	601.82404	200.0	200.0	369999	702.2211	105.84585	1077.2892	-108.849045	702.21893	105.89849	1072.6611	-124.441185	-0.8154006	2.350744	16.291487	-12.683918	-701.5645	43.86063	6930.118037939072
38	1387.5815	349.54578	1837.3616	578.84094	1263.6337	266.16266	1805.8395	745.2876	200.0	200.0	379999	702.86475	106.5533	1077.917	-114.85044	702.8621	106.61119	1077.551	-118.54206	-0.785629	2.3174164	20.072725	-13.337778	-702.192	45.67337	7125.764616012573
39	1453.6865	340.14444	1889.815	586.7192	1207.5547	415.63968	1757.2592	656.26044	200.0	200.0	389999	703.8588	107.70956	1086.7064	-127.821175	703.856	107.77098	1087.6915	-140.84958	-0.76104593	2.2848978	21.326088	-11.694397	-703.2099	47.21558	7320.51967382431
40	1405.5905	291.28943	1822.6046	827.7382	1123.4844	246.36957	1667.0117	820.3001	200.0	200.0	399999	703.96533	108.55394	1102.1398	-127.156136	703.9624	108.6201	1091.2249	-140.04137	-0.7134269	2.2732706	17.94689	-13.326317	-703.2047	47.86183	7502.944659471512
41	1296.1127	346.00903	1827.9482	578.5554	1129.6428	231.18217	1550.0807	724.96375	200.0	200.0	409999	703.83057	110.16598	1096.3983	-135.69307	703.82697	110.236984	1091.1168	-145.04034	-0.70019424	2.3004756	19.2644	-12.72291	-703.1196	49.93607	7686.980398178101
42	1291.0582	382.00363	1864.6477	580.38544	982.14777	543.3629	1662.475	402.787	200.0	200.0	419999	700.4234	110.860245	1089.218	-135.6937	700.41956	110.94018	1080.5751	-146.93623	-0.7857187	2.2241685	17.607769	-14.321425	-699.5841	52.46959	7886.228957891464
43	1301.2314	336.69757	1859.8179	569.51587	1301.3276	427.8445	1767.5935	603.0535	200.0	200.0	429999	694.66754	111.13918	1069.9175	-140.56342	694.66327	111.23067	1066.791	-153.85385	-0.8391629	2.1020505	19.48243	-12.662334	-693.72076	56.367718	8075.0698482990265
44	1404.201	308.35718	1817.1473	825.93695	1244.6355	173.22328	1573.7836	854.1932	200.0	200.0	439999	689.32465	110.90514	1071.9192	-146.01445	689.3218	110.99223	1064.3333	-163.58086	-0.6261456	2.214176	21.196196	-11.684905	-688.30743	59.81918	8269.994604587555
45	1434.9359	335.50073	1868.104	555.8722	1458.1735	221.58453	1688.5966	1038.6241	200.0	200.0	449999	685.4621	110.25535	1046.6934	-177.24355	685.4602	110.33931	1039.5259	-185.99799	-0.5105307	2.2943041	22.7755	-12.238222	-684.39606	61.56154	8456.200195789337
46	1441.9961	363.29858	1879.966	583.7736	1225.6367	393.67725	1811.7109	845.9402	200.0	200.0	459999	682.6989	109.04798	1033.2668	-196.26144	682.69684	109.13649	1038.7533	-211.9962	-0.48247823	2.3065093	20.413157	-13.358776	-681.6165	63.040264	8639.461161613464
47	1371.7401	375.0091	1884.4912	540.21515	1508.6295	384.32516	1860.7972	870.66583	200.0	200.0	469999	680.3045	109.594025	1029.0924	-201.00049	680.3018	109.67304	1033.4559	-213.27118	-0.42138284	2.3155062	17.243773	-14.77522	-679.1646	66.11655	8825.002963066101
48	1482.9224	347.74545	1841.7173	519.4212	1297.3411	455.71338	1753.3206	709.898	200.0	200.0	479999	678.7096	110.7945	1034.8073	-189.89166	678.70667	110.88911	1039.1338	-206.01836	-0.36774263	2.3332217	16.74653	-11.961122	-677.5121	69.070915	9018.30054306984
49	1450.4391	342.24667	1878.5101	765.3217	1557.4072	299.91977	1845.2577	823.8174	200.0	200.0	489999	680.01666	111.59374	1023.9885	-197.24454	680.01324	111.68673	1019.22833	-214.43477	-0.33648503	2.3431773	20.403435	-14.987757	-678.8212	71.05055	9216.468580245972
50	1428.7177	299.54156	1839.3044	810.812	1446.7382	445.58804	1842.9115	525.2526	200.0	200.0	499999	682.30505	112.75316	1058.5964	-206.24513	682.3036	112.84735	1021.81146	-227.29976	-0.32749462	2.3339877	28.716839	-13.76625	-681.1099	72.363785	9413.78139925003
51	1468.0258	313.42337	1871.1458	524.9714	1397.1263	272.34753	1686.0968	966.1842	200.0	200.0	509999	684.9435	113.28384	1029.9703	-220.69112	684.9417	113.378746	1020.647	-238.41437	-0.30889204	2.3297296	19.576736	-12.244616	-683.7491	72.689766	9606.925740242004
52	1434.5272	344.95728	1835.2936	789.14435	1129.9421	478.32477	1800.2152	638.60535	200.0	200.0	519999	687.94635	114.75131	1025.8335	-225.21478	687.94415	114.849754	1015.86707	-238.70818	-0.33372182	2.3037417	25.130833	-12.378811	-686.7078	74.68915	9791.04444360733
53	1463.1122	321.9913	1836.0168	811.31006	1362.0654	223.84671	1616.7275	959.65045	200.0	200.0	529999	690.28784	115.833435	1034.0347	-234.02844	690.2858	115.92868	1014.19324	-270.35425	-0.30140606	2.2763445	20.860498	-13.494976	-688.97614	77.93375	9991.637131214142
54	1465.2991	344.68216	1845.9867	518.46216	1357.5281	405.96124	1814.6072	527.092	200.0	200.0	539999	691.7341	117.463104	1028.4181	-261.22818	691.7317	117.55925	1020.1106	-291.2844	-0.3061821	2.2534404	23.045973	-13.619645	-690.4114	79.34271	10187.639187812805
55	1456.4669	361.81497	1866.0634	521.1444	1235.9371	418.52057	1806.4861	547.38824	200.0	200.0	549999	693.67535	119.32875	1031.2573	-266.40625	693.6742	119.4307	1013.5611	-270.26562	-0.28902346	2.269522	23.520985	-14.253476	-692.361	78.484955	10377.420289754868
56	1535.5865	309.2919	1864.7418	561.08636	1453.4264	370.09238	1828.902	738.0343	200.0	200.0	559999	695.3164	120.83558	1028.8646	-250.81702	695.314	120.933205	1013.7196	-258.78992	-0.32274294	2.2622144	22.655968	-14.041397	-693.9564	78.3469	10569.173647403717
57	1489.1775	381.43	1866.4646	512.1129	1273.3899	553.30084	1874.7136	487.61346	200.0	200.0	569999	696.50195	121.32941	1030.5687	-259.02084	696.50055	121.427635	1021.35815	-260.85312	-0.29946053	2.2676234	21.20411	-13.699511	-695.0837	79.69761	10761.935756444931
58	1463.7085	348.7349	1847.3031	555.4368	1436.9031	343.537	1847.0135	847.51154	200.0	200.0	579999	699.4209	122.998405	1038.3129	-252.29723	699.41864	123.09887	1016.21765	-253.14618	-0.27358994	2.267884	23.080284	-14.618928	-698.04694	80.445076	10957.630488872528
59	1394.388	387.03796	1862.8314	566.9256	1465.0933	231.2835	1842.0717	1090.7433	200.0	200.0	589999	701.36053	123.48157	1027.1849	-257.56976	701.3585	123.57778	1019.7234	-273.96802	-0.2903163	2.265022	17.439093	-12.077732	-699.947	81.44033	11147.571584939957
60	1425.5116	384.16635	1869.6827	574.29395	1300.7361	398.44595	1843.1366	510.59552	200.0	200.0	599999	702.726	124.12637	1030.4708	-292.18616	702.7249	124.220375	1013.6043	-299.57666	-0.26478872	2.270393	17.262981	-13.030298	-701.27325	83.69582	11337.696354866028
61	1477.0808	363.6278	1854.0542	515.7997	1310.663	463.61847	1843.2172	581.7029	200.0	200.0	609999	704.0844	125.59897	1030.389	-335.86475	704.08215	125.68324	1028.3727	-348.69296	-0.24199247	2.2445953	19.481247	-12.830992	-702.56287	83.41998	11532.053532123566
62	1450.6708	350.93097	1842.6261	775.5502	1104.342	544.22687	1839.5992	355.9818	200.0	200.0	619999	705.0083	126.663925	1038.8176	-321.56876	705.0065	126.74771	1023.9512	-324.4166	-0.22951908	2.242997	18.07534	-15.542377	-703.4985	86.997955	11720.266213655472
63	1474.2069	315.2538	1834.0281	729.26105	1509.6931	232.44359	1849.9822	1069.7018	200.0	200.0	629999	707.09424	127.28644	1043.3768	-322.20218	707.09296	127.355125	1024.7029	-332.32144	-0.16355129	2.2836652	17.660992	-14.001283	-705.58575	86.08333	11912.714514017105
64	1510.1754	283.07953	1845.8938	630.4119	1200.3269	390.69943	1744.2521	436.7611	200.0	200.0	639999	709.7357	126.82714	1051.5825	-319.6911	709.7348	126.88216	1033.7538	-331.1188	-0.15135671	2.2763746	17.570265	-12.797268	-708.2147	87.0622	12104.260627985
65	1519.212	334.00925	1846.4452	744.81775	1051.76	482.85504	1818.3956	395.0202	200.0	200.0	649999	711.54254	127.2428	1038.805	-282.8799	711.5421	127.29161	1039.8534	-270.19794	-0.15059577	2.2660668	20.836914	-16.682053	-709.9745	88.59633	12295.1522834301
66	1500.0713	360.81155	1860.5033	658.149	1106.131	490.09473	1823.6039	601.6565	200.0	200.0	659999	713.2621	127.97381	1030.4349	-305.04532	713.2601	128.02509	1034.2725	-313.15646	-0.13616876	2.281306	23.305223	-13.510277	-711.665	90.75195	12481.30897283554
67	1500.4285	351.502	1861.5616	607.1451	1093.6721	564.8548	1852.7765	430.77158	200.0	200.0	669999	713.23755	128.27113	1035.4937	-293.67255	713.2358	128.3275	1025.0308	-297.93695	-0.26230967	2.2415342	18.592833	-13.940899	-711.56824	91.12011	12684.166443824768
68	1526.6161	363.00516	1851.1393	644.9388	1471.8447	412.42926	1846.4222	766.1989	200.0	200.0	679999	712.07874	129.07787	1026.7793	-265.42886	712.07544	129.12415	1018.6526	-270.51398	-0.28571042	2.230014	18.230957	-12.203648	-710.47485	92.36772	12875.17404961586
69	1436.2515	382.0813	1863.8529	623.2194	1318.9607	255.4302	1713.1853	1002.0201	200.0	200.0	689999	711.6362	130.9477	1040.5859	-242.0156	711.63586	130.99495	1039.049	-246.9681	-0.28105548	2.2280097	23.86209	-13.892303	-710.0311	93.69011	13059.517246961594
70	1472.3866	366.40656	1883.207	685.3432	1357.5762	367.2732	1780.0262	496.82166	200.0	200.0	699999	712.14465	132.12212	1040.5924	-242.68666	712.1432	132.16698	1034.5173	-230.88266	-0.20727131	2.2865956	29.574926	-13.221453	-710.4699	96.30537	13243.909004211426
71	1531.1965	366.99463	1867.827	634.5056	1081.2148	520.9629	1732.6652	383.0756	200.0	200.0	709999	712.4635	134.54263	1031.1816	-223.73259	712.4624	134.584	1024.3693	-236.33023	-0.2512981	2.255114	33.297207	-12.626085	-710.7522	96.26655	13430.743406295776
72	1504.9851	338.17157	1856.2512	734.4825	1177.7167	475.23947	1714.3529	570.6635	200.0	200.0	719999	712.893	136.66194	1041.5583	-236.00963	712.8922	136.69234	1033.3867	-238.8653	-0.2160133	2.2632072	26.128855	-14.001408	-711.16	98.3827	13620.869069337845
73	1519.6758	317.7326	1875.1252	800.1611	1227.7484	376.93024	1695.9163	541.75256	200.0	200.0	729999	714.3474	137.78177	1035.7793	-286.25793	714.34705	137.81401	1031.1906	-270.01382	-0.18519588	2.2741196	26.654701	-12.132851	-712.65784	97.98129	13805.44293832779
74	1531.8846	324.1267	1845.8887	791.9035	1347.5651	535.7546	1767.4607	464.90533	200.0	200.0	739999	714.8917	138.06903	1045.4174	-262.2706	714.8919	138.0871	1032.9149	-283.74985	-0.15958554	2.2915614	26.705725	-12.246509	-713.0871	101.86039	13997.941261291504
75	1500.5789	349.07162	1882.0891	818.363	1375.4469	392.55872	1757.9429	633.6382	200.0	200.0	749999	714.8482	138.79947	1031.1448	-243.77449	714.84796	138.81407	1041.7063	-233.80536	-0.16232584	2.271602	22.566303	-13.375505	-713.0345	103.4575	14187.586499214172
76	1590.0306	306.82953	1860.2238	809.3219	1264.3406	330.49496	1606.9773	867.7985	200.0	200.0	759999	714.876	139.30899	1038.223	-226.79037	714.87555	139.32626	1037.0247	-238.00964	-0.17510252	2.2343028	25.250568	-13.98499	-713.0925	104.69091	14375.961614847183
77	1520.2634	322.46152	1860.5562	756.1298	1225.9028	454.4948	1693.6355	404.91412	200.0	200.0	769999	716.2116	140.13322	1031.0908	-224.65453	716.2121	140.15192	1049.712	-240.9469	-0.11186649	2.2665496	26.359913	-12.128045	-714.5088	102.553185	14566.17255282402
78	1404.9156	322.17358	1848.4313	860.9845	1173.0841	368.22305	1627.0645	471.3526	200.0	200.0	779999	718.41516	139.95355	1031.2865	-261.96237	718.4159	139.97032	1034.4991	-243.01447	-0.093674615	2.2719798	32.567417	-14.291999	-716.6625	103.250046	14752.156601190567
79	1475.5105	341.69617	1876.3207	903.37494	1269.3174	411.73914	1689.3142	452.92505	200.0	200.0	789999	718.288	139.93988	1045.8545	-277.16742	718.289	139.95871	1025.3163	-253.82256	-0.12702544	2.267912	28.127756	-12.893066	-716.49146	103.97366	14951.14451956749
80	1498.5746	336.15747	1852.2502	769.17816	1029.3124	475.58066	1763.977	459.3169	200.0	200.0	799999	717.78455	140.37871	1028.1876	-268.51193	717.7844	140.3921	1018.8907	-247.88345	-0.15324053	2.2246087	29.632126	-13.592473	-715.975	103.68711	15141.625046491623
81	1540.722	373.35757	1856.8019	694.608	838.0007	355.94977	1590.9725	503.96545	200.0	200.0	809999	718.4167	141.32893	1043.0598	-284.2806	718.41693	141.3511	1020.46436	-263.09778	-0.1632609	2.2270834	25.977154	-14.780036	-716.62463	103.66549	15339.07396888733
82	1502.6115	349.56302	1849.6248	708.4424	1080.1885	440.86313	1699.8374	493.95743	200.0	200.0	819999	718.8997	142.20207	1016.24774	-289.31815	718.89886	142.2135	1017.34	-296.45575	-0.1694089	2.236961	25.737482	-14.674132	-717.0646	103.64747	15521.168578863144
83	1525.3743	354.0655	1848.4865	694.194	1176.3594	463.29657	1737.5037	414.53494	200.0	200.0	829999	719.5498	142.42944	1023.8725	-302.4117	719.5497	142.44281	1021.34564	-297.7961	-0.15703903	2.2451868	26.465664	-12.511839	-717.7381	102.46585	15712.55609035492
84	1498.72	334.66266	1850.4332	813.45325	1094.5662	342.8196	1696.8505	591.01843	200.0	200.0	839999	721.1328	142.8935	1023.8203	-297.6148	721.1321	142.90558	1020.28687	-288.6952	-0.18109952	2.2143002	23.965652	-13.555386	-719.28937	102.65332	15906.564729452133
85	1587.4508	304.27917	1854.9105	774.8158	1177.5415	380.5575	1518.7125	449.90155	200.0	200.0	849999	722.75323	143.24178	1035.2257	-330.00998	722.75275	143.247	1017.5566	-312.74695	-0.16485316	2.2167635	22.308887	-13.086038	-720.9314	101.733116	16090.194127559662
86	1557.7495	322.37222	1847.7384	731.3189	1143.8339	498.23508	1870.8715	479.74283	200.0	200.0	859999	724.7221	143.36615	1040.1484	-335.864	724.7204	143.36806	1023.7533	-316.3203	-0.17192893	2.2138097	24.078281	-12.853042	-722.868	101.14254	16271.510762691498
87	1541.9653	284.5374	1858.1584	766.7738	1294.0385	503.51608	1886.9952	416.02505	200.0	200.0	869999	727.4716	143.02776	1026.0457	-276.60144	727.4719	143.03403	1025.4877	-269.5707	-0.17120048	2.2417073	16.983429	-14.054284	-725.7028	98.1924	16455.051463127136
88	1527.8015	308.70764	1853.0233	771.77985	1143.0725	538.03564	1880.263	479.83176	200.0	200.0	879999	729.61847	142.96878	1034.0881	-314.4354	729.6183	142.97098	1023.57153	-300.5643	-0.14362855	2.240701	20.641762	-14.491537	-727.86	97.5918	16640.143298864365
89	1556.7438	278.1536	1856.6251	761.28534	1367.8033	296.87247	1787.123	862.0524	200.0	200.0	889999	730.6299	142.41502	1040.3434	-301.65952	730.62946	142.41444	1025.328	-275.8075	-0.17002356	2.2634149	20.293846	-11.925772	-728.8537	97.56146	16821.221650362015
90	1460.2517	347.23868	1864.5784	690.0485	1311.1245	455.82877	1854.5927	499.04565	200.0	200.0	899999	730.9408	143.39494	1035.8208	-288.09854	730.9414	143.39188	1020.51526	-271.6476	-0.18890433	2.2226112	22.397343	-12.39924	-729.1232	97.16641	17007.686493873596
91	1455.4797	347.8578	1854.6139	697.45215	1381.6346	391.34845	1865.9355	537.7684	200.0	200.0	909999	732.01636	143.8688	1030.9152	-319.18985	732.01587	143.86772	1036.1775	-318.67258	-0.21553978	2.1968498	20.570944	-13.055954	-730.23553	95.33032	17193.136059999466
92	1511.8506	300.79547	1852.1499	869.5726	1002.73505	554.839	1869.8708	505.5713	200.0	200.0	919999	732.5217	144.38805	1034.2953	-347.68484	732.52124	144.3849	1019.6002	-323.2259	-0.20573	2.2150571	26.196367	-14.036383	-730.7186	97.282745	17380.927208423615
93	1489.619	325.97726	1836.8016	715.87787	1057.1344	632.04846	1880.7858	428.29465	200.0	200.0	929999	733.7231	144.74512	1024.1086	-338.9471	733.7229	144.73886	1028.4197	-326.23672	-0.18799001	2.2089014	19.529419	-12.144152	-731.9189	95.81272	17566.489012241364
94	1477.1384	326.87692	1834.8724	742.3116	1270.9816	448.70175	1691.4425	557.27954	200.0	200.0	939999	735.84906	144.71043	1049.2201	-300.76288	735.84875	144.68588	1031.5039	-309.58926	-0.17079529	2.2223797	28.643719	-13.341166	-734.0508	95.36646	17759.303731918335
95	1544.0272	307.23657	1837.5249	863.80914	1109.3745	525.0257	1710.5172	459.04678	200.0	200.0	949999	737.0839	145.79988	1030.8995	-306.99844	737.08417	145.7754	1032.8956	-300.9959	-0.1635124	2.1975107	25.102184	-14.455535	-735.2797	95.50139	17945.50525021553
96	1473.2115	328.54056	1857.8953	836.85266	994.09845	507.58072	1827.2936	496.0416	200.0	200.0	959999	739.0884	146.67056	1037.4763	-315.66525	739.08795	146.65672	1039.7262	-292.3024	-0.17329612	2.216834	32.988815	-14.286232	-737.2736	95.72334	18124.150161743164
97	1518.7272	331.4809	1853.3108	670.8847	1358.3439	504.021	1828.6409	458.14935	200.0	200.0	969999	739.79724	148.35155	1036.2546	-316.7694	739.7967	148.33888	1035.2397	-310.2659	-0.16494061	2.2102213	21.008297	-11.780212	-738.0439	94.43583	18312.05028820038
98	1507.6982	343.88763	1844.0726	627.3843	1196.3182	429.6038	1650.7765	595.1106	200.0	200.0	979999	740.66705	149.23753	1037.8538	-311.37057	740.66614	149.254	1038.2133	-310.7074	-0.13802654	2.20663	29.739744	-14.595828	-738.8196	95.127235	18500.1523373127
99	1605.718	296.30933	1858.7009	629.0587	1230.676	502.50467	1719.9462	477.4195	200.0	200.0	989999	742.1182	151.01875	1035.7107	-361.37366	742.11725	151.03783	1041.4979	-384.04208	-0.1317964	2.249549	28.39828	-15.842036	-740.3241	95.641396	18684.044538259506
100	1514.4276	327.33652	1846.0824	755.6271	1262.5728	402.40485	1659.9591	425.71738	200.0	200.0	999999	742.50964	153.1452	1033.6595	-410.35764	742.5076	153.17339	1049.9744	-372.07086	-0.14231367	2.2343755	28.39538	-13.1241455	-740.6605	98.51968	18864.89794230461
101	1531.8997	345.1317	1833.2501	594.8321	1278.6361	407.33704	1684.1765	465.2247	200.0	200.0	1009999	744.50055	152.46335	1046.3558	-414.9933	744.49945	152.49591	1055.252	-408.72742	-0.17056896	2.2257566	32.58095	-13.198465	-742.6589	94.53261	19053.818605184555
102	1475.8938	329.19992	1842.2723	785.0913	1384.634	424.15897	1789.4277	472.90002	200.0	200.0	1019999	747.427	148.47296	1043.9115	-276.26025	747.4259	148.50311	1058.3047	-282.05493	-0.3108724	2.0845847	24.409666	-12.438996	-745.583	91.077194	19247.45196533203
103	1470.5659	322.93677	1865.1001	817.4576	1227.5393	510.06345	1798.5272	490.69528	200.0	200.0	1029999	748.93805	147.8325	1043.4368	-77.02805	748.9369	147.86156	1055.5116	-83.305504	-0.3279382	2.0585027	21.2127	-13.567061	-747.106	89.23104	19430.099111795425
104	1595.5741	279.04752	1853.3977	845.3995	1168.8806	385.91678	1827.216	735.7867	200.0	200.0	1039999	750.2161	148.04901	1049.5111	-75.8968	750.2153	148.07819	1057.5201	-73.6961	-0.32668373	2.0746078	16.961159	-12.85263	-748.3622	89.18056	19617.692133903503
105	1531.6874	341.32532	1869.0636	843.26465	1246.5067	425.35464	1761.7391	611.5489	200.0	200.0	1049999	752.8754	147.3165	1041.7646	-38.821465	752.8738	147.34586	1063.2163	-55.202057	-0.2842539	2.1190207	18.821234	-13.720943	-751.0385	88.81446	19809.97816491127
106	1536.9628	270.35745	1851.663	942.39105	1084.3628	375.35938	1870.0447	593.077	200.0	200.0	1059999	754.14056	148.15063	1048.8223	-28.051151	754.13934	148.1789	1060.3777	-29.571928	-0.30574197	2.101058	19.251394	-12.790587	-752.2199	90.306694	19996.36147212982
107	1489.8832	298.911	1876.6104	891.4861	1283.4926	557.3917	1805.7544	498.87347	200.0	200.0	1069999	753.6691	147.39168	1045.4757	-14.37345	753.66724	147.43864	1055.7018	-16.876938	-0.30643198	2.1210735	20.719774	-13.764046	-751.7618	89.27244	20183.24056315422
108	1489.3381	351.43277	1869.1758	825.57324	1107.964	568.7907	1881.9781	495.8536	200.0	200.0	1079999	751.755	147.23009	1050.1616	7.862124	751.7541	147.28201	1049.1512	2.986217	-0.35779363	2.1080365	22.556242	-13.503586	-749.7724	90.5788	20367.920751810074
109	1449.2339	367.6918	1876.0206	608.1513	1210.1642	290.83746	1508.1394	454.10095	200.0	200.0	1089999	750.8643	146.49666	1041.2491	22.323772	750.8627	146.53024	1045.3292	25.688282	-0.37242132	2.1063201	19.212393	-13.601258	-748.7915	91.77433	20560.030757665634
110	1511.8782	294.54596	1876.0175	805.9402	1279.0225	355.5317	1886.9768	717.0684	200.0	200.0	1099999	748.2157	147.49095	1037.2473	38.267254	748.21564	147.51585	1039.2539	22.189568	-0.4009849	2.1049454	17.92905	-13.125983	-746.12524	91.88516	20741.885025024414
111	1505.6625	291.89148	1832.2363	578.5085	1089.9232	480.55832	1888.5188	525.50555	200.0	200.0	1109999	745.208	149.08661	1023.6605	45.190914	745.2063	149.09787	1028.4496	31.715939	-0.41286537	2.1048658	18.629593	-13.336248	-743.11487	93.26581	20924.898966789246
112	1524.013	348.07126	1861.4408	766.21295	1241.4221	448.08835	1740.4457	539.7301	200.0	200.0	1119999	743.6659	150.28743	1014.4368	43.906063	743.6663	150.2818	1012.186	39.066338	-0.37527606	2.1253934	19.367214	-12.941509	-741.5741	93.85623	21110.910306930542
113	1531.9048	283.34232	1881.8054	823.5807	1332.3469	406.83557	1884.9742	449.645	200.0	200.0	1129999	743.1885	148.86134	1006.1908	54.617817	743.1884	148.851	1003.3048	41.986664	-0.41835767	2.0843623	18.96499	-13.890366	-741.0842	93.984215	21302.932873010635
114	1571.905	282.8762	1880.2014	864.42303	1146.904	431.53958	1748.8533	616.54315	200.0	200.0	1139999	742.3253	147.87396	996.755	59.228104	742.32495	147.86731	996.5296	43.702034	-0.43838134	2.1086156	19.254036	-14.517979	-740.1855	93.33308	21499.343301057816
115	1504.0007	367.83786	1857.3999	102.951256	1370.2957	440.43048	1764.856	661.09143	200.0	200.0	1149999	742.7224	146.90836	987.7899	-553.98645	742.7218	146.89876	984.036	-623.6833	-0.42171332	2.1042938	26.511822	-11.844168	-740.6069	91.69838	21681.40004658699
116	1538.857	284.73428	1868.1433	873.1542	1024.6879	301.42664	1709.6486	681.5189	200.0	200.0	1159999	744.9616	146.2787	992.74506	-470.41623	744.96155	146.26059	994.48535	-535.19574	-0.5103873	2.019576	16.688229	-15.198893	-742.8345	89.48067	21870.77766394615
117	1511.678	264.54852	1863.8126	786.20844	960.8994	458.3561	1875.3716	466.42676	200.0	200.0	1169999	747.00146	146.7665	988.16376	-482.28217	747.0005	146.73816	992.62274	-504.72336	-0.495152	2.0324976	17.49958	-11.80931	-744.88556	88.2597	22058.73906993866
118	1500.5503	295.01053	1862.5579	846.4458	1144.541	426.54544	1884.745	499.3962	200.0	200.0	1179999	749.3828	146.97401	995.41626	-452.3236	749.3835	146.94714	998.5502	-506.56525	-0.5090854	2.0547132	16.242493	-12.369238	-747.2503	86.81458	22243.146104097366
119	1506.6932	310.49017	1858.0259	787.7897	1383.3713	490.82852	1886.2816	588.1209	200.0	200.0	1189999	750.52	147.3414	996.7314	-490.6286	750.5199	147.31552	998.0274	-509.76398	-0.5703207	2.0190468	16.24464	-12.103924	-748.4142	84.927185	22429.086173057556
120	1539.6818	291.39136	1868.5405	913.4557	1160.6301	473.53006	1882.7662	574.92053	200.0	200.0	1199999	751.2571	147.2269	991.11145	-488.785	751.25684	147.19858	998.44147	-508.6201	-0.6441992	2.0177505	17.220314	-14.5146885	-749.145	82.71043	22612.56915950775
121	1534.8862	275.35883	1858.1176	862.2726	1175.9327	461.94128	1884.3726	641.51794	200.0	200.0	1209999	750.41125	147.38211	983.7475	-473.9817	750.41144	147.36543	1001.5884	-478.84668	-0.7085187	1.9961354	14.174215	-14.565462	-748.2527	84.30684	22803.900148153305
122	1521.1077	310.01486	1869.3799	859.99744	1499.5033	403.0705	1876.7535	628.2738	200.0	200.0	1219999	748.716	147.80455	983.9269	-393.94833	748.71545	147.77911	987.6642	-413.98376	-0.7460325	1.9926276	14.840992	-13.610109	-746.5662	82.786064	22994.978193998337
123	1469.4302	302.14407	1880.1735	842.5251	1033.3727	353.83264	1623.4791	587.0612	200.0	200.0	1229999	747.2685	147.94177	989.63904	-375.6968	747.26733	147.92769	986.12775	-423.44907	-0.79461396	1.9873226	16.875324	-12.856407	-745.1242	81.43857	23184.28679227829
124	1347.0708	359.92538	1840.8481	639.859	1049.9537	493.99792	1880.0333	531.34796	200.0	200.0	1239999	744.93024	146.90239	982.32043	-350.03955	744.92755	146.8777	976.4173	-377.12332	-0.8370107	1.972963	18.430698	-12.086431	-742.7866	82.22793	23370.6780230999
125	1561.3002	235.25598	1861.2931	948.14215	1106.3541	441.33057	1865.5863	638.35205	200.0	200.0	1249999	743.27264	146.23126	982.5538	-368.05038	743.2712	146.22473	985.49963	-347.281	-0.76178473	1.9447559	17.031477	-15.92569	-741.04926	84.89525	23555.592261075974
126	1543.9165	236.9831	1851.6615	936.6644	1000.38104	191.34482	1123.7177	587.65125	200.0	200.0	1259999	744.0169	145.22778	989.1848	-310.5014	744.0157	145.21248	985.70544	-316.224	-0.67528945	1.962152	24.221611	-12.846195	-741.7953	84.05063	23748.827367305756
127	1554.8615	234.20468	1851.8654	1025.2708	1320.6584	476.63812	1887.5908	560.85895	200.0	200.0	1269999	744.253	144.26595	986.4863	-321.35144	744.25116	144.23125	986.17004	-353.44543	-0.6758318	1.9723055	20.803808	-12.716342	-741.9815	84.2541	23935.258613348007
128	1590.4672	224.76967	1871.0303	1025.0978	1063.2898	335.50595	1887.61	520.0033	200.0	200.0	1279999	744.552	143.57529	983.3759	-328.68887	744.55164	143.54716	984.9174	-349.0583	-0.65553796	2.0051856	18.679329	-13.339365	-742.3444	83.31086	24125.42045521736
129	1603.7827	216.27187	1846.113	964.56757	1084.4698	377.55878	1824.1643	507.1632	200.0	200.0	1289999	746.2047	142.58423	987.3069	-328.71384	746.20483	142.55719	982.3858	-336.42834	-0.6708961	2.0243068	20.05608	-14.10111	-744.0064	82.019104	24311.51622056961
130	1564.0586	265.16815	1876.4552	813.4984	908.52606	293.5327	1224.2604	495.06613	200.0	200.0	1299999	747.7766	142.6186	984.961	-348.17352	747.77655	142.59161	977.94183	-366.96967	-0.7086625	1.9866995	19.974869	-12.017272	-745.5778	82.26473	24497.87707066536
131	1597.9264	238.65897	1879.9014	849.91534	1292.317	476.1597	1883.0258	549.99915	200.0	200.0	1309999	748.64	141.5276	978.8483	-359.50806	748.6401	141.50601	982.1453	-378.2285	-0.74717194	1.9834408	21.621984	-12.027535	-746.4645	81.61465	24682.928753852844
132	1524.4061	284.06635	1879.6854	901.5641	1213.6355	362.4361	1889.3064	641.98596	200.0	200.0	1319999	746.69434	141.63042	978.02155	-378.70377	746.6946	141.60107	979.5685	-386.65536	-0.82644504	1.9957258	23.005882	-11.8636	-744.4397	83.649765	24872.523799419403
133	1580.773	276.8104	1879.2874	837.5118	1002.4193	313.49118	1723.7986	569.76416	200.0	200.0	1329999	743.28455	141.2691	979.10004	-377.99545	743.2841	141.25934	973.7494	-384.43427	-0.86975104	1.92121	18.388805	-13.371504	-741.0106	83.89026	25057.881091356277
134	1464.4315	304.2202	1833.5105	793.2798	1169.2988	549.101	1842.8201	554.84216	200.0	200.0	1339999	742.81305	140.67235	984.2368	-310.24045	742.8131	140.65068	988.39996	-311.76172	-0.8056073	1.9255481	19.572468	-11.717842	-740.53796	83.64904	25236.2859916687
135	1520.3911	249.34325	1850.3018	860.6068	920.6878	344.77106	1757.0923	577.98285	200.0	200.0	1349999	742.9372	139.75592	980.81366	-284.25784	742.9365	139.73117	983.20667	-312.71628	-0.7560853	1.931647	21.992764	-13.83511	-740.62054	84.3953	25420.365230083466
136	1606.8555	253.22144	1870.9463	864.1038	1211.9713	594.8665	1875.9208	161.23654	200.0	200.0	1359999	743.6104	140.0808	987.8685	-239.83798	743.6108	140.03589	988.128	-243.78227	-0.7512842	1.9091557	21.108294	-11.870347	-741.34125	84.909805	25608.66636109352
137	1570.644	284.853	1881.1174	891.31537	1267.5413	449.06485	1881.5428	612.8527	200.0	200.0	1369999	743.84375	141.02588	988.0739	-225.36774	743.8434	140.98172	991.30786	-221.08057	-0.75504375	1.8711487	19.055696	-12.927784	-741.56506	84.286026	25797.318565368652
138	1584.6948	265.22336	1858.2852	1002.89514	1350.428	501.60248	1876.2648	671.12695	200.0	200.0	1379999	745.5005	141.18332	998.2985	-227.17024	745.5003	141.14691	997.6742	-230.44122	-0.7431602	1.8705016	25.631956	-13.109324	-743.1968	85.06287	25976.67025732994
139	1571.9706	266.4871	1882.9587	886.57074	1466.9779	374.80017	1867.1097	683.87866	200.0	200.0	1389999	747.6907	141.9684	998.9442	-242.86726	747.689	141.92346	1000.2399	-232.0657	-0.7155355	1.8947607	21.801935	-12.868357	-745.4183	85.56524	26164.27227640152
140	1583.9923	286.16907	1875.2673	813.61584	1241.8202	451.6643	1873.6976	707.4624	200.0	200.0	1399999	749.5872	141.98648	1005.40076	-223.13737	749.5872	141.93407	1007.0373	-222.9167	-0.7293475	1.8859851	26.009579	-12.632401	-747.3194	84.73314	26351.855468273163
141	1593.6628	269.2009	1870.8569	1009.2643	1405.553	483.36844	1879.3008	656.48285	200.0	200.0	1409999	751.08813	142.36009	1010.01306	-238.22766	751.08844	142.30013	1014.7955	-232.94571	-0.7058975	1.9137229	22.531569	-13.217436	-748.8174	86.15472	26539.525469064713
142	1596.0083	308.63745	1873.7869	753.56506	1015.76074	451.7201	1658.4264	451.60934	200.0	200.0	1419999	753.3429	142.84558	1025.3545	-247.22165	753.3418	142.79298	1022.6701	-241.32103	-0.7301395	1.9108694	23.651272	-13.736811	-751.0613	87.24386	26723.091794013977
143	1558.8383	322.70486	1859.2607	724.8514	1383.8684	392.9495	1881.3925	728.9965	200.0	200.0	1429999	753.79816	144.01985	1026.0504	-232.1347	753.79755	143.96251	1017.6222	-240.82462	-0.7781857	1.8572325	24.738888	-11.869631	-751.5352	85.752686	26907.238236427307
144	1554.8914	277.3998	1868.5936	838.325	996.84296	361.31226	1815.6895	579.2963	200.0	200.0	1439999	755.8035	144.87555	1032.4236	-227.44284	755.8016	144.8243	1029.146	-220.00528	-0.7313524	1.8850317	23.200642	-12.020035	-753.4833	88.02428	27090.40891647339
145	1545.0392	344.59943	1866.8424	682.40796	1261.3411	460.697	1876.0756	551.7641	200.0	200.0	1449999	757.9932	145.87233	1028.9799	-224.28687	757.99255	145.8207	1031.7424	-209.21085	-0.68939674	1.9008905	19.073288	-13.243792	-755.6967	87.65356	27274.309500455856
146	1600.2869	294.85446	1859.3646	657.37463	1119.6106	263.03006	1572.1089	714.2833	200.0	200.0	1459999	759.9989	145.59766	1028.6553	-212.75601	760.0	145.55107	1037.557	-208.70584	-0.68798023	1.9032782	20.110584	-12.686088	-757.7089	88.01124	27459.898922920227
147	1656.0742	213.69897	1869.175	1018.62805	1149.4232	226.16205	1538.446	948.2716	200.0	200.0	1469999	761.84186	144.74301	1033.8064	-181.2095	761.84216	144.69902	1032.1184	-176.99146	-0.67927563	1.9128022	22.96825	-13.771843	-759.57367	86.67339	27647.58822607994
148	1532.2052	316.4713	1867.4071	627.7186	1234.5178	405.06705	1880.3114	687.37256	200.0	200.0	1479999	763.5843	143.77243	1037.3368	-176.43675	763.5843	143.72458	1032.5493	-164.79059	-0.6556117	1.9115074	24.91264	-11.44327	-761.2826	88.73009	27843.564007520676
149	1609.8519	278.94638	1869.835	737.47565	1279.2179	457.51483	1740.6104	576.641	200.0	200.0	1489999	764.76556	142.63448	1043.2528	-160.40567	764.7646	142.59155	1042.9142	-135.82663	-0.6472961	1.9448502	31.378387	-12.914201	-762.4811	88.16916	28027.008212327957
150	1594.9697	310.6029	1841.3875	693.4819	985.6094	353.0714	1479.6948	615.93066	200.0	200.0	1499999	765.31537	141.89714	1046.3346	-144.33083	765.31604	141.85805	1042.1084	-132.70903	-0.64463085	1.9382664	31.417011	-13.082792	-763.0435	87.07164	28209.004583120346
151	1622.9648	271.2939	1835.747	581.59247	1398.145	341.91495	1881.6443	847.86664	200.0	200.0	1509999	765.9561	141.22484	1048.1957	-131.14497	765.9556	141.20361	1048.9509	-120.27182	-0.6311299	1.9718682	34.93689	-14.313644	-763.687	87.83865	28396.337339878082
152	1584.7766	266.0486	1869.3717	739.9317	1213.8132	463.78647	1675.3888	191.63216	200.0	200.0	1519999	766.32196	140.97244	1051.2051	-109.405426	766.32117	140.94713	1042.1033	-92.5082	-0.60709745	1.9813801	39.328518	-15.202513	-764.05554	88.2935	28586.347669124603
153	1550.832	317.49734	1873.6174	493.32748	1100.9253	312.4527	1875.7219	691.52386	200.0	200.0	1529999	767.36066	141.42508	1051.23	-111.06286	767.3602	141.4024	1047.4847	-94.278465	-0.6300495	1.973479	37.707977	-13.877217	-765.095	88.189575	28771.819655895233
154	1579.9153	323.91037	1880.2041	570.4786	1122.6013	404.78757	1870.0969	715.2111	200.0	200.0	1539999	768.0227	142.72395	1053.078	-79.75637	768.02344	142.70161	1048.6782	-65.977356	-0.5923498	1.9599285	38.107952	-13.1415825	-765.7599	88.629974	28963.18857192993
155	1614.3461	248.70676	1857.155	808.6277	1299.8018	470.71948	1869.0178	592.46606	200.0	200.0	1549999	768.547	144.11562	1053.1255	-93.72118	768.5452	144.1007	1052.78	-71.648964	-0.59973544	1.9690362	25.273407	-13.68934	-766.2631	87.23435	29147.850680351257
156	1621.1372	295.43854	1880.6609	484.80994	1146.028	325.1262	1858.34	645.83966	200.0	200.0	1559999	769.5496	143.69055	1060.9062	-94.015594	769.5493	143.67639	1047.2054	-100.13953	-0.604455	1.9774296	37.010178	-14.082208	-767.3431	84.52608	29338.812138319016
157	1627.2684	274.11493	1881.2328	604.1887	1192.6595	368.82126	1850.8434	632.0688	200.0	200.0	1569999	771.7706	144.02371	1051.0269	-125.820114	771.7698	144.003	1042.0881	-116.18284	-0.581115	1.9853982	32.21087	-13.304625	-769.6102	83.523415	29531.99972653389
158	1596.0848	320.51437	1885.1705	778.6726	1163.7173	441.70236	1865.3239	556.4077	200.0	200.0	1579999	774.1327	144.87209	1043.9104	-133.48093	774.13165	144.84395	1048.2297	-139.91937	-0.5340352	1.9997377	36.10364	-13.173111	-772.0281	83.799065	29715.770620822906
159	1543.4285	289.00116	1867.9392	804.76526	1076.1038	428.96008	1875.9198	444.65762	200.0	200.0	1589999	776.88055	145.2018	1035.6049	-130.04048	776.88007	145.17444	1028.8081	-133.1327	-0.51557857	2.0290034	31.805492	-12.167112	-774.7762	83.467155	29912.591188430786
160	1581.6527	308.93903	1887.0774	580.6226	908.93835	306.4838	1315.7096	431.7147	200.0	200.0	1599999	776.63556	144.55241	1014.67126	-141.70767	776.6359	144.52885	1013.50885	-125.5171	-0.6131408	2.0190058	32.242115	-12.743803	-774.53485	81.56465	30099.365928649902
161	1583.5073	276.245	1879.9075	916.3289	1163.1158	374.80548	1673.9229	556.63025	200.0	200.0	1609999	775.8286	144.35805	1010.19446	-102.7086	775.82965	144.33994	1006.5272	-99.43033	-0.69517976	1.9810126	42.363308	-12.847674	-773.7053	80.993126	30290.755947113037
162	1580.1205	284.33417	1884.6294	868.3981	831.3664	271.97235	1213.5679	397.27686	200.0	200.0	1619999	776.1829	144.3054	1008.8933	-103.49745	776.18365	144.28047	1013.65533	-96.63908	-0.74541605	1.9613318	24.664547	-11.468838	-774.1056	76.98624	30483.001779556274
163	1551.08	306.67474	1872.3182	859.8461	1278.886	312.73166	1843.5017	885.6513	200.0	200.0	1629999	777.07745	143.78755	1020.79895	-125.69467	777.07794	143.76152	1015.63477	-128.09892	-0.84060603	1.8996303	25.713646	-13.916727	-774.988	76.39935	30672.071816444397
164	1576.5253	312.312	1866.4117	705.3485	1197.056	409.13293	1876.5979	597.0304	200.0	200.0	1639999	777.9712	142.78363	1022.1408	-125.929184	777.97284	142.75072	1021.3381	-120.422195	-0.8733791	1.8972411	23.503723	-11.641894	-775.88403	75.6106	30857.016543149948
165	1669.6196	206.86174	1859.4697	889.876	1049.8624	430.04858	1693.7452	469.9215	200.0	200.0	1649999	779.2659	142.27885	1035.3867	-150.56033	779.2652	142.25662	1024.717	-133.80269	-0.8730752	1.910759	25.275864	-12.361208	-777.2083	73.97426	31044.9248380661
166	1501.4731	329.30658	1875.5914	618.9955	1060.75	473.79178	1860.6417	339.4673	200.0	200.0	1659999	780.7318	141.65535	1035.521	-146.96321	780.7321	141.62682	1032.1611	-146.47414	-0.8844517	1.9177629	27.898888	-12.333288	-778.693	73.71676	31234.866428613663
167	1564.9889	293.75705	1852.1671	689.3333	1242.3682	386.95352	1862.7705	671.37067	200.0	200.0	1669999	783.3356	140.9214	1045.7235	-142.90953	783.3362	140.87288	1044.7871	-149.4288	-0.84471464	1.957465	27.524586	-11.985561	-781.3185	72.42953	31418.77785539627
168	1514.7203	317.0575	1821.3882	658.3975	1227.7039	561.14136	1875.9468	338.78244	200.0	200.0	1679999	783.9312	140.82248	1051.3274	-189.23383	783.9323	140.77469	1052.8419	-181.80208	-0.8973068	1.9139087	23.091219	-12.710758	-781.9016	72.454124	31608.3722512722
169	1565.6045	291.4852	1865.575	762.15204	972.0211	395.54593	1661.2249	373.91003	200.0	200.0	1689999	784.61926	140.8916	1060.8749	-165.1581	784.6198	140.8511	1055.0942	-174.22469	-0.88908356	1.9248155	26.212227	-14.43401	-782.6035	73.22593	31803.648851394653
170	1572.0981	292.50403	1854.0405	825.8632	1213.6293	482.53598	1693.1552	397.85077	200.0	200.0	1699999	786.63245	140.92036	1060.8395	-150.96663	786.63324	140.87837	1061.956	-157.69205	-0.903596	1.8914328	22.797874	-12.538342	-784.6414	70.52266	31992.459573745728
171	1556.0757	236.71378	1874.8531	927.38385	1143.5948	481.90546	1832.0105	586.9805	200.0	200.0	1709999	788.9044	141.75407	1068.8026	-160.44069	788.90485	141.70828	1067.1666	-161.70549	-0.8894629	1.9195367	21.936306	-13.783708	-786.9046	71.59716	32175.418888568878
172	1534.8369	308.70007	1849.3649	753.05615	1070.7047	533.2924	1876.1738	426.66537	200.0	200.0	1719999	790.32855	141.885	1072.2849	-192.43884	790.3295	141.83359	1071.0569	-185.91441	-0.91576916	1.8945065	17.42109	-11.344836	-788.3324	71.97043	32359.043349027634
173	1525.8411	301.51352	1879.8041	669.6458	1035.4446	421.45682	1773.8204	652.4645	200.0	200.0	1729999	790.91815	142.59322	1076.6953	-181.24089	790.9189	142.5383	1081.5005	-188.62859	-0.92305267	1.9023441	18.415567	-12.821285	-788.9376	69.99347	32542.799855709076
174	1543.3551	340.26144	1886.5651	150.20927	1006.39386	397.1331	1864.8748	703.19055	200.0	200.0	1739999	791.8513	143.20573	1089.1752	-153.64168	791.85114	143.15042	1077.0717	-162.75574	-0.92998755	1.8598219	18.172745	-12.514148	-789.85876	70.83046	32736.36421251297
175	1601.8665	263.77637	1881.6047	622.7434	1138.1179	325.5616	1759.9065	547.8787	200.0	200.0	1749999	791.156	143.99579	1073.7207	-149.38129	791.158	143.94295	1073.7834	-176.55061	-0.93399626	1.8686501	17.988295	-12.199541	-789.1444	71.57816	32920.85229206085
176	1615.4161	241.31154	1883.499	828.9924	1185.5596	300.06418	1658.4159	540.56464	200.0	200.0	1759999	790.5509	144.00836	1086.4664	-178.58499	790.5519	143.95354	1069.8126	-169.67705	-0.9229185	1.8625597	22.297955	-13.046877	-788.5302	71.23125	33102.25512671471
177	1585.7277	252.70923	1879.1025	1015.09033	1401.7664	457.99017	1873.9235	567.65674	200.0	200.0	1769999	790.14465	143.98785	1079.5627	-183.20494	790.14526	143.93835	1069.6589	-171.62445	-0.91768044	1.8675013	18.985636	-12.594431	-788.1192	71.36577	33286.03896737099
178	1607.0658	289.2676	1870.5919	681.3067	1121.9183	590.1853	1872.8931	538.9426	200.0	200.0	1779999	791.17255	143.67784	1070.4341	-191.71194	791.1734	143.62288	1070.0997	-166.33353	-0.9351647	1.8659014	18.040112	-13.182627	-789.1655	71.54649	33479.942074775696
179	1577.394	284.55936	1864.5244	759.644	1482.8473	342.46014	1871.2242	966.33386	200.0	200.0	1789999	791.9081	143.38673	1071.6573	-173.0512	791.9091	143.32951	1070.664	-157.10844	-0.89677435	1.9062958	20.81248	-13.577213	-789.9262	71.902565	33669.85095357895
180	1540.7728	301.37585	1868.2885	664.1158	1162.3439	499.60092	1858.6448	546.59283	200.0	200.0	1799999	793.3635	142.01768	1062.6595	-188.42989	793.36426	141.96437	1062.2098	-163.00041	-0.8943007	1.908468	20.346981	-12.933846	-791.3837	71.955414	33859.68750023842
181	1527.3303	345.00586	1870.4232	459.39728	966.4198	375.87177	1877.9357	672.35675	200.0	200.0	1809999	793.74524	141.0721	1050.858	-153.51431	793.7458	141.01144	1051.8484	-152.42818	-0.8497872	1.9418807	22.221407	-11.599584	-791.7805	72.9761	34050.080072164536
182	1582.4122	343.0307	1889.0907	647.65607	1181.4519	334.2277	1865.9565	707.752	200.0	200.0	1819999	794.2071	141.07518	1053.642	-148.80441	794.2074	141.01498	1047.2251	-136.11992	-0.8098164	1.9564471	21.122185	-12.640473	-792.2689	73.16494	34234.20354795456
183	1568.4642	274.87766	1855.8186	902.94543	922.0936	311.13812	1334.9607	646.38715	200.0	200.0	1829999	795.5125	140.80908	1049.2786	-173.52254	795.51324	140.7402	1065.4243	-167.44785	-0.7971037	1.992173	19.571012	-12.70602	-793.549	74.63785	34425.931599378586
184	1504.2924	316.71875	1863.1056	630.5637	1067.4559	343.53076	1655.3326	690.675	200.0	200.0	1839999	795.6006	140.7418	1047.376	-171.77545	795.60034	140.67728	1045.7544	-169.14455	-0.8024054	1.9671911	23.656261	-13.126362	-793.66986	73.92468	34618.891830682755
185	1628.3839	268.75546	1876.7352	695.63464	1044.1483	438.1189	1828.7845	597.2379	200.0	200.0	1849999	795.911	140.2802	1038.7759	-174.05513	795.9112	140.21902	1037.619	-186.2819	-0.8162069	1.9680461	20.967981	-13.717535	-794.0203	71.458664	34807.90771865845
186	1583.9539	344.02527	1868.8213	463.18988	1097.1218	441.67853	1872.7838	693.13745	200.0	200.0	1859999	795.4085	139.92044	1032.2836	-163.99962	795.40857	139.85541	1035.2017	-128.84396	-0.8299146	1.9865797	22.433174	-17.41379	-793.4805	71.4708	34997.747672080994
187	1542.8906	304.29065	1866.1293	719.9261	1227.759	494.51422	1871.4911	574.0372	200.0	200.0	1869999	794.43823	139.35283	1028.2098	-135.05962	794.4388	139.30008	1027.2517	-110.85129	-0.85131013	1.9870927	18.978722	-12.462795	-792.4752	71.56342	35194.28341269493
188	1628.8667	269.29828	1873.8094	745.5361	1115.145	444.3892	1872.015	606.00946	200.0	200.0	1879999	793.5915	138.97131	1028.3848	-87.616714	793.5923	138.91379	1024.7598	-91.218506	-0.8477832	1.990002	18.889488	-12.717317	-791.6361	71.855	35376.53673672676
189	1565.38	320.93872	1873.5187	691.31964	1208.7094	365.24927	1873.2987	700.6507	200.0	200.0	1889999	792.9318	138.78961	1016.92053	-59.936707	792.9319	138.73283	1022.04504	-51.318607	-0.8666642	1.9722898	22.450117	-12.880434	-790.977	71.677284	35565.76716256142
190	1591.112	317.4263	1880.0885	496.8822	909.0836	302.57974	1228.9238	551.15155	200.0	200.0	1899999	792.09595	138.84975	1014.48505	-45.459133	792.0965	138.79437	1011.9492	-44.00988	-0.88725126	1.9735944	23.724277	-12.429425	-790.1093	73.20921	35749.02352190018
191	1535.7109	351.48734	1862.8156	443.48264	1114.5935	376.93817	1876.3094	671.6403	200.0	200.0	1909999	791.9489	139.17015	1014.14716	-50.143475	791.94934	139.13611	1014.6951	-30.446396	-0.87002474	1.9800135	23.219315	-12.851503	-789.9811	72.80535	35939.628204107285
192	1508.6578	369.92395	1875.3387	680.7688	1056.0804	408.10825	1874.4873	529.2824	200.0	200.0	1919999	791.1523	140.2192	1012.1858	-42.571815	791.15393	140.18501	1004.95703	22.522772	-0.8795613	1.9827718	19.533524	-12.571558	-789.1887	72.9479	36128.093309640884
193	1563.5983	309.89813	1866.8356	635.57574	1063.7908	368.74506	1603.0122	488.89954	200.0	200.0	1929999	790.32587	141.60603	1008.501	-56.211044	790.3256	141.56935	1009.14105	8.657937	-0.8872682	1.9615468	23.28665	-11.513702	-788.3293	74.55287	36309.88680720329
194	1525.9845	329.71964	1870.538	692.74536	1042.7367	428.87262	1803.9574	520.9652	200.0	200.0	1939999	789.5665	141.538	1015.1674	-57.668434	789.56616	141.50548	1006.8111	13.538756	-0.87065375	1.9829062	23.63379	-12.696523	-787.6145	73.24391	36501.516538619995
195	1624.1763	212.97968	1871.0508	1056.5499	1286.9575	283.78586	1831.1042	718.048	200.0	200.0	1949999	789.0012	141.97685	1008.78357	-77.132126	789.00073	141.94044	1007.44946	3.3660777	-0.8724884	1.9957265	24.02327	-12.888622	-786.9722	75.81922	36686.926354408264
196	1554.0342	321.73035	1841.5922	572.27094	1056.4382	349.983	1872.6617	695.30444	200.0	200.0	1959999	788.53015	142.32397	1010.54803	-64.503716	788.5296	142.27704	1007.64777	2.788102	-0.8485015	2.0004854	22.65551	-12.153313	-786.5564	73.984726	36875.03456258774
197	1574.2645	265.8732	1863.1405	638.4813	1330.192	461.96967	1848.9297	402.1005	200.0	200.0	1969999	787.8023	142.3809	1011.18243	-85.73145	787.80225	142.31927	1009.632	-6.722122	-0.895454	1.9697905	26.8346	-12.599353	-785.7647	77.1101	37063.52042341232
198	1622.8246	296.18073	1870.5889	637.4697	1113.4155	465.93207	1861.1166	580.47577	200.0	200.0	1979999	786.5301	141.91527	1002.6434	-85.77253	786.5299	141.87097	1004.5629	2.6173923	-0.90331626	1.956427	34.032413	-12.204306	-784.4941	74.71996	37254.654490470886
199	1586.2527	273.1537	1857.5161	645.7829	994.2303	612.4888	1867.5969	445.7489	200.0	200.0	1989999	785.8954	141.28325	1003.1372	-78.92452	785.8953	141.23305	1002.9776	1.5530043	-0.8783323	1.9700359	26.538742	-13.76676	-783.861	75.46661	37439.49850034714
200	1580.0172	291.65247	1878.1074	721.0736	1206.6902	366.47055	1777.9059	786.67395	200.0	200.0	1999999	785.2336	141.37308	1002.06604	-82.02548	785.233	141.32307	1007.5904	-9.837414	-0.88990426	1.94316	22.538393	-12.35696	-783.17975	75.978424	37619.36656117439
201	1580.4222	319.43323	1845.807	611.0946	1080.3162	457.37216	1850.004	563.39026	200.0	200.0	2009999	784.5757	140.6	1004.5774	-75.91344	784.5748	140.55966	1001.50543	-22.275864	-0.8657361	1.9413584	20.261131	-12.45719	-782.51587	75.48013	37803.534663677216
202	1589.3828	289.75446	1881.608	737.84955	1219.8472	475.90024	1867.2487	530.5444	200.0	200.0	2019999	784.1652	140.61552	1001.8157	-73.0658	784.1648	140.55919	998.1034	-2.2148345	-0.8720673	1.9452507	22.818567	-13.166274	-782.10046	75.87396	37995.41553854942
203	1445.6925	407.52756	1854.767	546.39	927.81055	319.28284	1385.6409	555.7583	200.0	200.0	2029999	783.409	139.92548	1001.76056	-72.03813	783.40826	139.88402	998.13367	-11.089417	-0.8488896	1.959941	32.326363	-13.461984	-781.3725	74.49764	38185.311062812805
204	1568.5145	312.29797	1868.9739	521.2392	1028.971	410.04242	1510.2498	502.16412	200.0	200.0	2039999	782.56274	139.50499	991.7952	-65.851585	782.5624	139.4653	992.3613	-34.048435	-0.869843	1.9293185	25.346127	-13.371771	-780.4618	75.935684	38372.78969526291
205	1529.0643	349.82123	1867.6942	546.7129	919.7921	277.26807	1266.627	555.7328	200.0	200.0	2049999	780.4665	139.47408	983.2702	-60.91905	780.4657	139.4431	991.4774	-57.30129	-0.8757764	1.9425049	26.31924	-13.413705	-778.37994	76.29596	38565.457943201065
206	1610.9022	257.2155	1848.9612	893.1681	1111.8168	314.76108	1506.1459	573.74335	200.0	200.0	2059999	779.0094	139.481	1005.45184	-73.09219	779.00836	139.44066	1002.834	-32.52579	-0.84182155	1.9750314	27.318226	-12.511205	-776.9343	75.547195	38751.46525335312
207	1624.5563	257.81827	1856.9667	791.7992	1172.6028	365.04413	1844.5459	670.25836	200.0	200.0	2069999	776.06384	140.1933	1003.3263	-74.69448	776.0627	140.15631	1009.302	-32.2575	-0.8707032	1.9379857	27.24329	-13.114573	-773.9526	76.53739	38935.1347053051
208	1544.8402	391.57425	1867.2806	437.26346	720.48047	382.52524	1838.4976	504.58374	200.0	200.0	2079999	773.8453	141.48708	998.23083	-86.462456	773.844	141.43594	1003.21356	-17.442368	-0.8357802	1.96267	24.906519	-11.845212	-771.69293	77.80224	39127.347482442856
209	1505.384	422.76657	1877.273	429.83655	1305.5498	448.3962	1817.1083	550.7436	200.0	200.0	2089999	770.58044	143.53433	1002.6125	-86.55979	770.5791	143.48442	1003.91534	-34.70272	-0.75125307	1.9732943	22.131245	-12.0362015	-768.4198	78.21354	39310.26078915596
210	1601.4187	345.01306	1864.2177	435.9775	1223.4521	450.02213	1738.5409	545.549	200.0	200.0	2099999	767.8865	146.01053	998.1768	-89.60187	767.8852	145.95917	1002.9901	-38.00923	-0.6959193	2.0079458	20.910488	-13.083302	-765.7031	81.24157	39493.96912264824
211	1590.8281	323.09805	1882.0731	668.7622	1236.4501	510.77225	1828.1555	602.4539	200.0	200.0	2109999	764.9324	148.59966	991.8626	-94.17164	764.93097	148.54507	999.59265	-56.608902	-0.7082642	2.001188	20.105595	-12.220015	-762.7556	80.85317	39679.337099313736
212	1552.2399	359.12387	1875.4333	527.2123	1205.2881	329.70026	1814.9414	641.8993	200.0	200.0	2119999	763.505	149.97215	1002.28235	-88.578835	763.5036	149.9148	998.97217	-57.119095	-0.7027881	2.0271664	21.97034	-12.511266	-761.34485	81.67116	39864.932675123215
213	1517.221	326.42538	1862.5792	720.05927	1093.6584	449.41483	1843.5411	526.95325	200.0	200.0	2129999	763.3822	150.99075	994.7947	-82.55188	763.3806	150.9553	998.7591	-52.532413	-0.6738366	2.05555	23.127594	-12.343231	-761.2367	81.511475	40049.133430957794
214	1577.1038	311.59866	1869.4427	774.08203	1026.1648	540.4305	1854.5635	478.41708	200.0	200.0	2139999	763.58844	151.74118	1000.97394	-82.496284	763.58527	151.71655	1005.3443	-55.430267	-0.68485874	2.0616126	26.682333	-12.608979	-761.45764	83.6028	40232.7468020916
215	1532.5848	321.10422	1879.7719	707.3326	1286.9873	437.80493	1862.9177	574.05255	200.0	200.0	2149999	764.6313	151.04192	1005.16895	-83.94618	764.62994	151.0168	1006.1467	-47.290558	-0.6900196	2.073474	29.203701	-12.789686	-762.5323	82.432205	40415.12224531174
216	1512.6821	359.04507	1874.4039	661.191	1262.2603	405.80746	1778.111	656.9851	200.0	200.0	2159999	765.0079	149.60599	1013.3731	-63.88678	765.0063	149.59172	1007.81506	-53.402893	-0.7180817	2.070536	28.202559	-11.551264	-762.89856	81.934685	40606.68078160286
217	1591.4441	250.54547	1884.5403	909.01697	1142.3927	442.70724	1857.3516	552.4822	200.0	200.0	2169999	765.5411	147.86757	1006.00305	-70.21637	765.5388	147.86716	999.4411	-56.245495	-0.803212	2.0193818	24.272768	-11.952292	-763.444	80.34329	40792.40736436844
218	1537.5233	334.5797	1877.2568	627.6894	1154.4797	490.15872	1832.3373	584.9189	200.0	200.0	2179999	765.19946	147.83365	998.6324	-86.49456	765.19867	147.82515	998.03564	-74.5171	-0.83746123	1.9958531	23.192646	-13.530554	-763.1113	78.269485	40978.04112482071
219	1568.4196	298.965	1855.6614	549.0054	991.6247	469.61603	1874.4943	522.8613	200.0	200.0	2189999	766.45776	147.71756	996.2267	-104.25475	766.45776	147.69846	998.34045	-82.52152	-0.8165043	1.9931571	23.400412	-12.46773	-764.39246	77.67711	41164.88975262642
220	1638.2594	277.52863	1877.6144	822.6623	1087.491	369.07507	1875.1726	519.1268	200.0	200.0	2199999	770.4695	147.64735	1001.1997	-104.357765	770.4689	147.61267	1000.0124	-86.338005	-0.8124454	2.0052428	28.437363	-13.676561	-768.48254	75.37156	41357.06788444519
221	1658.152	194.47316	1861.8209	800.1508	1269.4673	440.99072	1854.1802	521.14246	200.0	200.0	2209999	775.0617	148.18213	1007.18866	-85.65131	775.0619	148.15091	1004.47906	-83.06548	-0.80273765	1.9908068	40.607758	-13.362202	-773.1098	74.17833	41542.16737651825
222	1589.6033	338.28625	1862.5842	312.97598	1176.9219	294.85754	1458.6963	512.2469	200.0	200.0	2219999	778.6699	149.25192	1011.633	-90.05369	778.6695	149.21365	1009.50104	-84.60395	-0.7954575	1.9771173	26.016222	-12.448683	-776.70764	75.982666	41726.04895734787
223	1640.7781	243.71973	1857.9133	595.2067	1001.51495	314.57486	1482.294	629.87726	200.0	200.0	2229999	781.9582	149.43599	1016.8112	-81.7337	781.95795	149.39836	1021.1989	-77.48944	-0.77341396	2.0114963	42.262512	-11.989688	-780.0316	75.50885	41907.07916307449
224	1513.8525	362.17688	1879.9623	449.0052	1048.135	404.12018	1861.8848	613.4603	200.0	200.0	2239999	784.39087	148.9585	1018.341	-196.9765	784.39056	148.92088	1020.1295	-140.06563	-0.8005763	2.0150607	35.913513	-13.69318	-782.43536	77.17542	42088.5981259346
225	1573.4304	303.11276	1881.189	567.0024	889.0304	265.23825	1524.9283	498.41272	200.0	200.0	2249999	786.6749	148.31584	1025.9879	-98.436905	786.67474	148.28195	1021.2667	-117.447235	-0.7212034	2.0323966	26.764805	-12.954676	-784.7916	76.11717	42285.373903512955
226	1632.0754	267.50778	1874.0839	542.81805	1226.1511	370.06375	1804.7335	608.2025	200.0	200.0	2259999	790.4388	147.67802	1026.0284	-90.413414	790.4385	147.64192	1024.5251	-56.392395	-0.71881074	2.0252786	23.202684	-12.525681	-788.54095	76.175606	42476.32676959038
227	1616.1613	261.75024	1865.6985	552.66	1434.7698	331.51382	1729.8608	952.3413	200.0	200.0	2269999	793.9505	148.27036	1023.2433	-348.4013	793.9507	148.24797	1021.81805	-279.5602	-0.6852083	2.025387	25.367334	-13.131071	-792.1064	76.398964	42674.155354738235
228	1568.3622	396.98154	1885.5878	480.54843	1089.2307	526.0465	1855.5077	473.4129	200.0	200.0	2279999	797.4058	148.22586	1021.99164	-262.05685	797.4059	148.20044	1023.309	-263.3951	-0.6747139	2.0619607	24.64899	-12.8122425	-795.5607	77.191216	42859.87327528
229	1656.1127	300.90927	1875.016	527.7621	1249.5413	357.54196	1879.4592	769.0493	200.0	200.0	2289999	800.093	148.88033	1024.4417	-285.21698	800.0917	148.86263	1026.6082	-231.05931	-0.67306197	2.0481882	25.625574	-12.931886	-798.29626	75.653145	43048.05808663368
230	1554.6301	334.62595	1891.9199	567.0747	1301.2834	445.74182	1772.7523	633.9225	200.0	200.0	2299999	802.4184	148.38062	1030.179	-268.6589	802.41766	148.36133	1028.4027	-304.28827	-0.6716521	2.0354512	24.151062	-11.780852	-800.5801	77.16875	43237.84693932533
231	1605.227	297.54028	1867.2588	538.76	1289.0175	633.1692	1882.9376	334.7964	200.0	200.0	2309999	803.1792	148.97176	1025.3096	-260.52747	803.1777	148.9582	1028.1912	-295.006	-0.6589076	2.0448158	25.612204	-12.780209	-801.3613	77.27496	43429.13201665878
232	1606.7499	269.7203	1880.943	1005.234	1195.4075	433.4864	1742.4885	525.4172	200.0	200.0	2319999	803.742	149.25627	1029.4554	-303.5044	803.74066	149.24509	1030.3081	-300.14352	-0.64607954	2.0547526	23.53425	-12.953167	-801.9355	76.79091	43630.943632125854
233	1582.335	304.52145	1875.0869	582.95483	1175.1842	482.83228	1751.7769	493.06906	200.0	200.0	2329999	804.8612	149.86438	1030.9955	-495.60025	804.86035	149.84717	1028.1788	-562.2503	-0.6944953	2.03038	43.0568	-12.347486	-803.0338	77.18246	43968.375497579575
234	1618.9576	316.7499	1872.3661	651.3847	1135.4637	413.8122	1594.427	674.2465	200.0	200.0	2339999	806.1007	150.52	1032.7588	-375.93604	806.09955	150.49747	1033.6173	-346.5143	-0.6847825	2.0306423	26.707058	-12.254873	-804.2721	77.75	44304.792939186096
235	1593.5831	321.87164	1884.18	544.0369	1045.8019	249.15242	1547.0562	739.4604	200.0	200.0	2349999	806.87775	150.68983	1029.9247	-539.5162	806.87537	150.68509	1030.0514	-513.1895	-0.6947605	2.0276916	20.70668	-12.341665	-805.0601	77.067795	44649.40154695511
236	1669.2429	227.7376	1884.5083	992.3707	1453.5533	368.45847	1879.6254	756.0689	200.0	200.0	2359999	807.18585	150.52904	1028.1614	-411.8908	807.1847	150.52582	1025.9033	-469.8153	-0.72432303	2.021004	22.509348	-13.421556	-805.3421	77.57025	44986.14292097092
237	1477.5155	402.58752	1868.259	590.5946	1271.8387	525.0921	1878.3116	396.15338	200.0	200.0	2369999	807.79553	151.9166	1021.3663	-595.83386	807.79456	151.91637	1024.435	-570.715	-0.7306005	2.003533	28.445206	-13.189906	-805.9777	77.44368	45337.58956837654
238	1625.6664	300.21878	1867.619	530.5982	1309.9146	514.6454	1864.5981	479.00726	200.0	200.0	2379999	809.1039	152.45372	1020.5665	-543.16876	809.1027	152.4578	1023.0065	-488.0168	-0.6645784	2.0559342	35.466827	-13.0266905	-807.3157	75.96105	45677.178483724594
239	1558.0889	339.85068	1862.5681	516.55347	705.443	330.35678	1309.5828	359.40402	200.0	200.0	2389999	810.4358	152.9359	1022.76807	-697.006	810.4347	152.93549	1031.516	-758.81287	-0.7169859	2.0245678	31.322678	-12.828209	-808.6359	74.834175	46011.30015492439
240	1620.2864	306.35278	1876.6678	567.91766	1036.6599	450.4688	1882.171	720.91174	200.0	200.0	2399999	811.5301	153.55873	1024.9622	-752.08777	811.52826	153.55562	1030.6113	-741.33875	-0.6829935	2.0524411	32.60484	-12.961973	-809.7123	75.49551	46351.93734383583
241	1636.625	251.06267	1870.1432	636.7141	1097.8885	454.6107	1877.9435	648.304	200.0	200.0	2409999	813.48724	154.4523	1028.8585	-962.31537	813.48627	154.44408	1035.4666	-909.07623	-0.66916907	2.062849	38.365067	-12.419596	-811.7216	75.03651	46694.93114614487
242	1594.1289	314.77747	1871.5618	495.34836	955.7529	245.78482	1289.7563	631.10706	200.0	200.0	2419999	813.90405	155.60596	1034.6133	-819.06714	813.90247	155.6002	1036.6547	-840.8696	-0.6789899	2.0426505	39.816578	-12.086728	-812.0914	77.02473	47039.27977538109
243	1620.5774	269.27036	1866.954	643.91455	1383.6051	460.47894	1875.5695	907.7082	200.0	200.0	2429999	815.7047	155.36873	1034.4537	-976.46436	815.70386	155.35623	1043.4899	-915.8183	-0.6904962	2.0185664	34.31799	-12.832089	-813.92944	75.34847	47388.19672322273
244	1614.7941	289.0594	1876.5186	888.38324	941.2668	453.1186	1817.7937	329.13596	200.0	200.0	2439999	816.4576	155.68246	1037.1388	-937.8921	816.4565	155.66693	1044.0536	-992.66656	-0.67941177	2.0183792	34.744034	-12.383739	-814.648	76.34545	47756.12202692032
245	1604.0585	336.343	1870.2662	520.66296	959.4857	550.2594	1840.2571	311.53156	200.0	200.0	2449999	815.56476	155.41806	1036.222	-871.1388	815.5633	155.3978	1041.5933	-874.20557	-0.674583	2.017734	37.069187	-13.881528	-813.7391	77.445244	48104.49813103676
246	1575.4275	325.52292	1879.0515	646.9953	1054.7795	462.62997	1855.1967	338.32422	200.0	200.0	2459999	815.8111	154.75844	1026.7189	-783.7027	815.80994	154.74138	1035.3395	-880.5662	-0.6494094	2.0184596	31.91241	-12.520669	-813.9817	78.61395	48434.117210149765
247	1576.4808	294.37494	1871.4382	908.03253	1307.0378	408.25424	1796.5446	594.30725	200.0	200.0	2469999	815.1283	154.60275	1023.03284	-1054.1759	815.1261	154.58122	1028.3011	-1065.8108	-0.66408896	2.0134053	36.452347	-11.7325115	-813.2679	78.24825	48766.60108304024
248	1563.7642	370.54065	1882.4045	421.27295	1359.9294	445.87695	1882.2795	510.55338	200.0	200.0	2479999	813.8726	154.64935	1014.454	-1156.824	813.87134	154.62772	1018.2768	-1172.2333	-0.6795089	1.9996368	45.42564	-13.079004	-812.0672	78.15477	49123.190599918365
249	1612.0936	334.64417	1875.2842	656.9478	813.6636	519.3115	1881.181	414.2931	200.0	200.0	2489999	812.51135	155.42874	1007.3403	-1054.954	812.509	155.41641	1015.5231	-1143.247	-0.7221948	1.972156	29.54299	-13.066724	-810.6641	80.268684	77479.75736165047
250	1561.1761	312.99274	1878.5873	528.82794	859.0262	261.3397	1235.0562	441.45477	200.0	200.0	2499999	810.0412	156.81871	1007.60406	-1132.6232	810.03845	156.79291	1009.81537	-1071.6243	-0.73053056	1.9701496	34.21585	-12.343328	-808.1301	83.830025	77958.20778727531
