Epoch	AverageEpRet	StdEpRet	MaxEpRet	MinEpRet	AverageTestEpRet	StdTestEpRet	MaxTestEpRet	MinTestEpRet	EpLen	TestEpLen	TotalEnvInteracts	AverageQ1Vals	StdQ1Vals	MaxQ1Vals	MinQ1Vals	AverageQ2Vals	StdQ2Vals	MaxQ2Vals	MinQ2Vals	AverageLogPi	StdLogPi	MaxLogPi	MinLogPi	LossPi	LossQ	Time
1	11.306454	4.5086527	25.48924	5.4664235	24.990965	0.0	24.990965	24.990965	200.0	200.0	9999	11.686321	6.0956926	23.770245	-0.0025448538	11.686341	6.0956483	23.73921	0.008179616	-2.7333214	0.23888513	-1.0212708	-9.141411	-12.227356	0.00961904	356.72566199302673
2	11.910125	4.0118957	25.015692	5.217641	15.997866	9.536743e-07	15.997865	15.997865	200.0	200.0	19999	29.535324	4.396552	41.35575	18.593336	29.53533	4.3965316	41.355328	18.533367	-2.7331672	0.23797935	-1.9671402	-9.120422	-30.066525	0.019248672	781.7623310089111
3	13.841936	15.602089	120.33149	6.768635	45.92565	0.0	45.92565	45.92565	200.0	200.0	29999	41.17308	3.2919006	69.540215	30.823416	41.17312	3.2918012	69.55033	30.903877	-2.7303421	0.24949484	-1.8559399	-8.954102	-41.69393	0.059697315	1200.27930021286
4	21.506964	27.573801	193.75919	6.935789	13.217603	0.0	13.217603	13.217603	200.0	200.0	39999	48.305614	3.803314	295.84088	4.384262	48.30565	3.8021586	295.76343	9.795913	-2.7258096	0.26594377	3.7728105	-8.235693	-48.815838	0.13704705	1630.8131430149078
5	20.46139	16.17558	89.21374	6.796832	82.54515	7.6293945e-06	82.54514	82.54514	200.0	200.0	49999	52.879204	11.561137	471.33124	0.23410761	52.87928	11.5599	471.23618	0.24359672	-2.6978374	0.44505608	15.164507	-9.153433	-53.348194	2.1546793	2083.305023908615
6	21.34036	13.769821	83.22006	7.380185	36.709934	0.0	36.709934	36.709934	200.0	200.0	59999	54.603176	23.70209	781.6621	12.627874	54.603363	23.705633	794.8197	16.9273	-2.6319723	0.79312176	22.491117	-10.104561	-55.032417	4.4780107	2530.5665848255157
7	9.744975	6.5570273	35.84639	3.1522799	12.131933	9.536743e-07	12.131932	12.131932	200.0	200.0	69999	65.502846	61.197037	1244.5961	27.766891	65.50297	61.204777	1196.3616	28.338501	2.2501218	5.5498786	59.866142	-12.011402	-66.5599	38.44926	2983.6150584220886
8	69.40945	215.86795	1153.2588	5.2418246	234.10063	1.5258789e-05	234.10065	234.10065	200.0	200.0	79999	105.65014	101.83635	1234.8997	-36.57088	105.652115	101.84542	1243.3164	-12.394939	0.99954873	3.881051	34.97379	-13.034882	-106.73972	114.86417	3432.2327601909637
9	38.916794	56.92781	401.55515	9.764723	16.089018	0.0	16.089018	16.089018	200.0	200.0	89999	150.69687	101.42914	1115.8438	-45.67141	150.69832	101.42158	1122.3645	-27.524406	1.6466621	3.0102744	31.70467	-13.929669	-152.09062	116.9413	3860.3549263477325
10	36.401867	20.22403	117.932175	5.746837	23.832233	0.0	23.832233	23.832233	200.0	200.0	99999	146.42169	83.06936	1059.0947	-41.60579	146.41591	83.077324	1040.801	-47.12103	0.34242618	2.3957462	30.74502	-15.140343	-147.09285	72.03854	4295.6434960365295
11	29.626942	16.305788	69.22935	9.256491	13.54756	0.0	13.54756	13.54756	200.0	200.0	109999	116.76319	70.65336	912.3154	-57.90401	116.76014	70.646255	910.2268	-59.489468	-0.50265133	2.3067372	26.439892	-11.28806	-117.02892	50.510994	4688.230027914047
12	73.96316	99.93059	563.99194	14.601508	31.833363	3.8146973e-06	31.833359	31.833359	200.0	200.0	119999	98.343	58.6131	970.69904	-66.5682	98.3457	58.59971	964.01404	-70.17612	-0.49165854	2.0547137	25.771456	-12.488586	-98.66929	35.17184	5081.0827786922455
13	75.47844	80.199005	551.4156	14.440109	84.206055	0.0	84.206055	84.206055	200.0	200.0	129999	81.33084	49.840157	1224.8474	-86.65233	81.3317	49.833218	1205.7993	-89.432144	-1.3306056	1.7714977	27.559473	-15.632406	-81.47829	36.36864	5515.35550403595
14	84.900696	103.4925	443.02716	5.1851635	68.16112	7.6293945e-06	68.16111	68.16111	200.0	200.0	139999	66.944824	44.185406	1228.9747	-94.07496	66.945175	44.18345	1252.0267	-96.70709	-1.7026048	1.6409249	27.097412	-11.257684	-66.999596	35.312317	5962.970630645752
15	50.478485	66.90371	397.40414	5.9702153	63.12617	0.0	63.12617	63.12617	200.0	200.0	149999	59.057053	41.950176	1481.3523	-128.92589	59.060333	41.933434	1470.359	-126.40246	-1.699778	1.764786	36.383045	-11.701669	-59.15009	52.1694	6397.746879577637
16	50.091476	81.915955	541.7154	4.1216507	5.074641	0.0	5.074641	5.074641	200.0	200.0	159999	55.418995	51.529316	1939.5548	-143.03857	55.42319	51.525295	1921.4852	-142.30911	-1.4778091	2.046823	37.444866	-13.690941	-55.61051	86.66422	6775.12496304512
17	19.628525	15.6441765	83.04586	2.743834	7.656939	0.0	7.656939	7.656939	200.0	200.0	169999	53.353603	68.206665	2496.3196	-183.1199	53.36017	68.188194	2472.4612	-181.89893	-0.8932852	2.5318432	42.089584	-11.832542	-53.830364	133.40555	7178.659914493561
18	60.729263	201.06187	1444.8472	2.2067604	8.018606	0.0	8.018606	8.018606	200.0	200.0	179999	54.559235	80.560875	2900.8171	-230.03152	54.56562	80.53846	2896.601	-236.06223	-0.6286921	2.7533329	33.286316	-12.097389	-54.93516	140.09277	7572.744686365128
19	31.999765	50.788204	342.97888	2.518556	13.6076145	0.0	13.6076145	13.6076145	200.0	200.0	189999	51.704567	90.08914	3155.6045	-271.90945	51.701828	90.0783	3133.908	-271.2048	-0.5740703	2.979293	47.290504	-15.55542	-52.03433	173.18706	7966.0413813591
20	47.908306	103.30956	698.38184	3.1804338	10.814432	9.536743e-07	10.814433	10.814433	200.0	200.0	199999	46.478195	99.87522	3279.8325	-367.73224	46.473625	99.86239	3298.221	-364.6503	-0.539538	3.1693475	58.838757	-13.821633	-46.760246	178.30368	8385.256103754044
21	94.48431	178.18222	1129.4034	4.075332	10.77431	9.536743e-07	10.774311	10.774311	200.0	200.0	209999	53.680126	116.29855	3335.5195	-517.1753	53.685734	116.3033	3257.0598	-511.64633	0.007104354	3.367745	38.203915	-12.278873	-53.923824	212.67834	8780.372359991074
22	89.64487	174.49298	1188.6991	3.822651	10.492379	0.0	10.492379	10.492379	200.0	200.0	219999	73.98155	166.22124	3338.8757	-662.1761	73.98847	166.22124	3330.8623	-659.564	0.7346041	3.402876	34.95337	-13.9072	-74.249176	311.84705	9180.787986516953
23	117.16838	361.12	1564.1167	2.6260662	3.133022	0.0	3.133022	3.133022	200.0	200.0	229999	130.60966	242.87389	3364.347	-717.0224	130.6092	242.8905	3365.159	-714.57947	2.1029663	3.7008502	35.043034	-12.420063	-131.854	595.9023	9590.815159082413
24	173.69746	420.45102	1522.938	2.8977153	12.426078	0.0	12.426078	12.426078	200.0	200.0	239999	168.46095	258.6829	2668.219	-792.79114	168.45358	258.71368	2697.8787	-784.00836	2.3190103	3.3567395	29.42615	-13.77563	-169.72264	671.3176	10005.826153755188
25	82.14293	209.31757	1055.4269	3.5123546	20.94653	1.9073486e-06	20.946527	20.946527	200.0	200.0	249999	161.2006	240.48396	2522.7483	-859.62134	161.21172	240.48056	2490.624	-862.19354	2.317709	3.1202633	35.370018	-13.228463	-162.10934	611.9905	10405.317218542099
26	70.35762	191.15839	1296.7512	5.610252	9.985971	9.536743e-07	9.985972	9.985972	200.0	200.0	259999	133.8712	215.38675	1960.252	-927.02246	133.88255	215.38283	1856.2784	-924.34796	1.8394662	2.9837322	32.24087	-14.411812	-134.05782	439.54965	10813.38667345047
27	52.73204	174.1312	1134.6543	7.702507	19.246433	1.9073486e-06	19.246435	19.246435	200.0	200.0	269999	101.40129	195.43622	1792.8192	-934.5804	101.39314	195.45218	1773.3873	-918.18164	1.6436133	3.1857798	40.57615	-13.438258	-101.21289	338.56436	11221.254640102386
28	359.35153	525.7999	1584.4387	3.5850656	13.462346	0.0	13.462346	13.462346	200.0	200.0	279999	89.63543	196.6899	1761.1101	-921.87695	89.64048	196.69792	1828.709	-903.9455	1.8004516	3.2537284	40.586224	-11.949213	-89.35409	385.3455	11654.240242958069
29	116.10782	333.47302	1542.571	3.0899663	10.554639	9.536743e-07	10.554638	10.554638	200.0	200.0	289999	86.89939	200.94568	1628.1825	-1023.97565	86.906845	200.96487	1591.8241	-997.81396	1.7792834	3.1742382	31.659763	-14.215151	-86.70118	421.6077	12043.651253461838
30	77.387215	273.88986	1499.9167	8.9280205	15.231053	0.0	15.231053	15.231053	200.0	200.0	299999	81.862816	195.09572	1373.7747	-1075.7474	81.86705	195.10173	1412.4778	-1051.1598	1.5298245	2.9404137	32.00654	-14.568396	-81.738	375.43353	12450.666158914566
31	180.50452	360.7263	1394.1282	4.4136915	13.983572	9.536743e-07	13.983573	13.983573	200.0	200.0	309999	73.9442	183.73643	1247.0055	-1089.8602	73.93911	183.74153	1273.727	-1051.2871	1.351354	2.8488696	33.971893	-14.227527	-73.68223	347.9521	12862.259744882584
32	132.47166	292.85974	1343.4341	4.359824	271.14966	0.0	271.14966	271.14966	200.0	200.0	319999	62.89598	175.5329	1201.6426	-1097.973	62.887306	175.55194	1193.5729	-1036.4471	1.0274353	2.7501845	37.186653	-13.15645	-62.399174	315.90283	13261.769190788269
33	304.65466	430.59918	1502.9478	4.724727	15.096575	9.536743e-07	15.096574	15.096574	200.0	200.0	329999	55.32752	171.90375	1193.9644	-1089.0983	55.314377	171.91919	1181.7294	-1048.4927	0.90003735	2.76617	33.928783	-12.895235	-54.733963	286.99677	13664.24082159996
34	392.34515	554.9192	1560.0188	3.6371455	8.507752	0.0	8.507752	8.507752	200.0	200.0	339999	56.32199	180.68741	1270.659	-1069.5858	56.31692	180.70427	1243.2852	-1030.7919	1.1588436	2.9243977	43.337265	-14.624878	-55.770676	321.05026	14059.971487998962
35	516.00415	560.88525	1497.8126	4.729654	1274.2429	0.0	1274.2429	1274.2429	200.0	200.0	349999	66.80232	192.52739	1272.1049	-1101.7446	66.80158	192.531	1231.8767	-1061.5674	1.3644953	2.95733	34.050117	-13.061937	-66.28863	334.7447	14470.808076143265
36	548.75287	576.11053	1503.0828	3.1539645	4.4905386	4.7683716e-07	4.490538	4.490538	200.0	200.0	359999	71.26743	201.02606	1084.6956	-1101.7351	71.267296	201.02992	1126.3809	-1061.3568	1.3942723	2.9881008	33.542824	-13.197895	-70.633865	362.23865	14878.631085157394
37	459.2701	567.1931	1600.7894	3.3187227	16.270964	0.0	16.270964	16.270964	200.0	200.0	369999	80.26912	210.08255	1083.6027	-1118.2167	80.266106	210.09233	1089.7017	-1055.8424	1.6407448	2.9889212	30.615566	-14.855459	-79.693535	404.8622	15303.211649656296
38	573.6947	541.7366	1482.9519	5.074033	18.973133	1.9073486e-06	18.973135	18.973135	200.0	200.0	379999	90.4604	219.18768	1072.6998	-1084.554	90.46398	219.19363	1063.472	-1065.5363	1.7235062	2.9163754	29.43947	-13.319419	-89.806366	428.9911	15702.619370937347
39	621.07385	586.3276	1535.5837	5.8323274	119.58531	0.0	119.58531	119.58531	200.0	200.0	389999	98.61076	227.66504	1028.7747	-1044.5721	98.609695	227.6792	1038.6165	-1013.06573	1.8513076	2.9573565	32.56077	-14.897986	-97.97954	459.30536	16117.263605117798
40	437.2003	581.95325	1570.4058	3.1493917	1164.7883	0.0	1164.7883	1164.7883	200.0	200.0	399999	107.10338	235.81271	1041.7571	-1026.1846	107.10805	235.82541	1047.4785	-1004.9504	1.9678442	3.016117	30.458347	-14.058582	-106.4134	509.7837	16524.241868019104
41	571.07947	621.4382	1579.0494	4.1669035	18.004553	1.9073486e-06	18.004555	18.004555	200.0	200.0	409999	114.894104	245.27399	1063.5781	-997.5131	114.89415	245.29156	1058.2074	-1005.0376	2.1357245	3.0275588	29.725445	-12.90481	-114.24407	559.374	16923.269306898117
42	633.53033	585.8711	1524.3691	6.4348183	233.20158	1.5258789e-05	233.20157	233.20157	200.0	200.0	419999	123.972015	258.86255	1093.8444	-1034.4819	123.97367	258.87616	1104.7103	-1049.2167	2.3204243	3.08205	29.815952	-15.428877	-123.2149	631.39124	17325.582657575607
43	654.81744	629.79376	1597.9841	3.1622927	4.7157583	4.7683716e-07	4.715758	4.715758	200.0	200.0	429999	131.79266	274.58755	1143.0736	-1070.6857	131.79083	274.59995	1162.0352	-1097.9413	2.485312	3.1269755	32.174343	-12.430687	-130.9474	716.95544	17727.95895051956
44	629.6888	540.6324	1507.8868	5.505322	7.488768	4.7683716e-07	7.4887676	7.4887676	200.0	200.0	439999	139.15315	289.25223	1143.4792	-1122.8314	139.14763	289.26263	1147.9819	-1140.0352	2.6155968	3.1719575	33.212635	-14.862374	-138.2683	798.3564	18127.283326625824
45	581.5167	529.9116	1538.1943	3.5642784	63.59516	3.8146973e-06	63.595158	63.595158	200.0	200.0	449999	146.22177	301.28247	1113.4257	-1142.7236	146.21399	301.2945	1126.7129	-1151.3472	2.7347176	3.255118	46.742413	-15.111641	-145.28383	866.054	18525.874398946762
46	696.44696	558.2876	1548.3137	6.377027	11.972613	9.536743e-07	11.972614	11.972614	200.0	200.0	459999	147.5052	303.92957	1161.9124	-1118.4988	147.49986	303.93845	1149.1647	-1112.2185	2.7633457	3.237063	46.204765	-15.959739	-146.52942	867.5839	18936.949557065964
47	802.39	541.6883	1582.1471	4.2305045	3.3582566	2.3841858e-07	3.3582563	3.3582563	200.0	200.0	469999	148.21413	305.50208	1169.0217	-1142.3384	148.2082	305.50812	1190.703	-1133.8898	2.8153563	3.2554455	42.254093	-12.151127	-147.168	870.9904	19342.382692098618
48	783.25464	552.99884	1546.7865	6.9031014	1525.8416	0.0	1525.8416	1525.8416	200.0	200.0	479999	152.7614	310.242	1133.962	-1248.2424	152.76048	310.2498	1155.6947	-1227.9563	2.9290826	3.2609599	48.25929	-13.533356	-151.6715	878.5134	19753.611602306366
49	782.8432	582.3878	1566.9908	7.64802	15.437456	9.536743e-07	15.437455	15.437455	200.0	200.0	489999	163.66772	319.70532	1128.82	-1305.2893	163.66197	319.69107	1155.7346	-1314.862	3.147377	3.2638996	41.49138	-12.69005	-162.69499	915.9915	20156.978401184082
50	781.55023	570.2862	1546.3992	7.0134964	1229.1965	0.00012207031	1229.1967	1229.1967	200.0	200.0	499999	171.8208	327.88257	1161.7655	-1398.0337	171.81836	327.86868	1159.5747	-1463.9287	3.063849	3.271205	46.98214	-12.201901	-170.70955	949.8752	20576.441772460938
51	932.86127	561.55524	1567.5485	7.081327	12.73321	0.0	12.73321	12.73321	200.0	200.0	509999	178.11264	338.26987	1165.7264	-1450.4634	178.10396	338.25784	1156.8209	-1519.0614	3.1724184	3.2827208	47.19583	-13.328529	-177.0521	1014.3568	20987.392046928406
52	743.6697	603.5901	1547.6918	6.270457	1316.8655	0.0	1316.8655	1316.8655	200.0	200.0	519999	183.47635	344.00208	1178.054	-1692.1653	183.47194	343.9953	1187.7384	-1756.0569	3.1982782	3.2207358	46.09657	-16.337044	-182.32608	1004.3787	21407.280217647552
53	1010.89734	534.1068	1564.8595	6.4571233	1495.3782	0.00012207031	1495.3783	1495.3783	200.0	200.0	529999	185.33388	348.97186	1133.0006	-1894.6333	185.33229	348.9598	1151.2278	-1962.3333	3.1698992	3.243586	51.399464	-15.538158	-184.05547	1013.9997	21814.348140001297
54	1089.791	480.7546	1567.9478	8.568962	1293.0372	0.0	1293.0372	1293.0372	200.0	200.0	539999	190.5764	359.48947	1115.624	-2031.0686	190.56702	359.49094	1110.8936	-2162.1636	3.254588	3.205361	46.345387	-13.3188305	-189.24188	1063.8147	22227.16885638237
55	1096.6334	516.5727	1572.2483	6.1280756	17.483719	0.0	17.483719	17.483719	200.0	200.0	549999	199.75381	368.99457	1125.3118	-2203.0886	199.74821	368.98032	1105.8356	-2262.6174	3.346823	3.246165	38.805443	-12.834566	-198.37865	1106.421	22640.925146102905
56	812.97546	515.5266	1546.515	5.7788277	1486.3494	0.0	1486.3494	1486.3494	200.0	200.0	559999	213.17004	380.97635	1070.4402	-2394.8667	213.16652	380.95657	1075.588	-2505.9475	3.5296836	3.292461	47.264584	-13.421437	-211.89403	1176.4348	23034.679327964783
57	870.24646	540.4116	1557.8987	7.2365694	15.947035	0.0	15.947035	15.947035	200.0	200.0	569999	224.73128	391.38235	1061.8605	-2524.6377	224.72441	391.36343	1042.2875	-2635.751	3.4641182	3.279394	37.32181	-13.52403	-223.32887	1231.1151	23388.885540008545
58	407.28473	540.55273	1413.9413	8.522298	58.069324	0.0	58.069324	58.069324	200.0	200.0	579999	231.6021	397.24307	1063.9146	-2590.5767	231.60349	397.21347	1086.4099	-2648.3164	3.6035764	3.34105	49.299686	-11.956175	-230.24664	1278.4984	23736.515783548355
59	343.3902	502.43314	1535.9768	17.064758	1214.9781	0.00012207031	1214.978	1214.978	200.0	200.0	589999	245.93228	405.48596	1057.053	-2661.8713	245.92953	405.46368	1057.9601	-2704.9565	3.6778398	3.3899484	40.938873	-14.345976	-244.57393	1310.462	24043.20616865158
60	372.29587	452.3237	1373.5669	11.591913	45.24778	0.0	45.24778	45.24778	200.0	200.0	599999	256.51898	409.11304	1190.4994	-2611.5354	256.51675	409.09207	1192.5636	-2680.491	3.6572118	3.413002	35.125088	-14.211996	-255.0838	1334.7977	24350.270930290222
61	261.64923	388.95663	1405.8691	10.208042	1164.5247	0.00012207031	1164.5248	1164.5248	200.0	200.0	609999	259.05804	411.286	1240.0532	-2555.3442	259.05713	411.2662	1246.3314	-2690.5637	3.6142266	3.3716602	39.373016	-14.052439	-257.55234	1339.8022	24727.313262701035
62	610.8578	502.66528	1454.5955	10.404116	8.38241	0.0	8.38241	8.38241	200.0	200.0	619999	258.7005	412.515	1203.6466	-2698.2761	258.69363	412.50757	1216.6064	-2828.726	3.6002865	3.3621473	47.170326	-11.629942	-257.0201	1326.0024	25111.460749149323
63	1072.5171	500.74188	1564.1133	4.7518616	8.191498	0.0	8.191498	8.191498	200.0	200.0	629999	254.80992	411.60468	1248.9935	-2854.1418	254.79965	411.59918	1219.4537	-2924.8232	3.6187947	3.3341067	40.546543	-15.243263	-252.99875	1371.2462	25461.38789010048
64	67.498856	286.32706	1507.0787	8.213345	9.275714	9.536743e-07	9.275715	9.275715	200.0	200.0	639999	260.95642	418.8382	1183.4519	-3109.7085	260.95096	418.8255	1187.872	-3268.7224	3.7369626	3.3955572	44.18317	-11.258034	-259.5558	1397.8643	25827.640790462494
65	10.653133	2.056759	17.024343	8.516616	9.880753	0.0	9.880753	9.880753	200.0	200.0	649999	272.8568	429.33447	1039.3303	-3175.2031	272.84735	429.3051	1049.9277	-3338.6006	3.9066443	3.4966958	39.993557	-12.194119	-272.29477	1512.0686	26187.160813570023
66	13.553622	4.4744177	30.067673	8.859643	12.411837	9.536743e-07	12.411838	12.411838	200.0	200.0	659999	278.22833	433.1557	1074.5146	-3429.1206	278.2266	433.13425	1066.8386	-3522.0508	3.9247594	3.455245	52.21621	-12.714815	-277.8932	1476.3339	26545.1949031353
67	13.053912	2.3355231	21.142561	9.219618	10.2090845	0.0	10.2090845	10.2090845	200.0	200.0	669999	270.5971	430.35165	1082.0972	-3517.7732	270.59015	430.33923	1108.1561	-3576.9001	3.7237089	3.3838236	43.26992	-13.188227	-269.5376	1432.0208	26902.501782894135
68	38.266617	151.33458	1097.0798	9.62236	12.309051	0.0	12.309051	12.309051	200.0	200.0	679999	268.87436	428.21747	1068.427	-3592.691	268.86954	428.18094	1051.8329	-3651.2437	3.6437826	3.4210188	48.948257	-12.21056	-267.2838	1427.3472	27260.001579523087
69	14.366261	3.7326949	28.50283	7.5016303	902.276	6.1035156e-05	902.27594	902.27594	200.0	200.0	689999	269.8894	428.10904	1092.2201	-3624.2295	269.8916	428.09305	1088.2472	-3583.477	3.6840913	3.3160887	39.29061	-12.095192	-268.57593	1428.5	27629.352813243866
70	43.992348	134.76993	880.55945	10.735717	13.4720125	9.536743e-07	13.472012	13.472012	200.0	200.0	699999	268.48947	427.2119	1089.6891	-3754.0437	268.4829	427.19284	1078.43	-3750.0974	3.7308054	3.3368638	56.926414	-12.643847	-267.41888	1408.8184	27959.429717302322
71	30.878592	94.047356	688.49316	12.127428	11.473581	0.0	11.473581	11.473581	200.0	200.0	709999	264.0351	419.81485	1066.6322	-3816.7034	264.03436	419.80536	1084.004	-3776.5107	3.6871066	3.382384	59.33735	-14.034227	-262.70245	1318.6564	28264.11400294304
72	345.53275	471.29517	1493.5653	9.966005	13.420428	9.536743e-07	13.420429	13.420429	200.0	200.0	719999	257.04913	413.43478	1084.7502	-3906.2087	257.0477	413.42532	1097.7726	-3934.3625	3.5541484	3.394905	49.625725	-13.364368	-255.43935	1280.8672	28550.87662100792
73	1057.0457	460.8329	1538.5975	7.1071305	575.0856	0.0	575.0856	575.0856	200.0	200.0	729999	251.17685	412.81033	1097.0419	-3952.1626	251.17165	412.79047	1110.4519	-3947.7686	3.6029732	3.388213	46.432262	-12.471121	-249.46735	1285.9774	28862.27124762535
74	926.2159	538.7974	1543.6697	4.145118	1396.4656	0.0	1396.4656	1396.4656	200.0	200.0	739999	256.05112	416.9594	1105.3582	-4018.1882	256.04846	416.92197	1120.7501	-4117.131	3.786315	3.3734076	41.318348	-13.605131	-254.52698	1325.657	29161.13832759857
75	826.99164	539.94666	1486.4003	9.559071	1303.0549	0.00012207031	1303.055	1303.055	200.0	200.0	749999	258.34515	421.94266	1105.1993	-4074.2146	258.34244	421.9278	1113.8439	-4083.454	3.694111	3.4032583	48.40133	-14.263134	-256.76984	1344.2257	29462.205726623535
76	941.8283	433.95367	1493.59	10.240684	390.00067	0.0	390.00067	390.00067	200.0	200.0	759999	260.7975	423.83832	1109.7957	-4268.7134	260.79602	423.8162	1117.1057	-4238.4004	3.7891386	3.372276	49.631878	-12.430705	-259.29865	1385.8018	29767.652959108353
77	969.59296	452.28198	1517.351	6.8964906	38.115517	0.0	38.115517	38.115517	200.0	200.0	769999	261.0697	424.75388	1093.3151	-4393.7246	261.0715	424.7395	1086.3109	-4335.0166	3.6913097	3.3757393	47.583397	-12.786952	-259.4709	1348.704	30063.90850687027
78	963.7346	470.9485	1495.2235	7.657416	1314.9281	0.00012207031	1314.9282	1314.9282	200.0	200.0	779999	259.23508	424.8864	1094.925	-4339.268	259.23105	424.86526	1091.4635	-4354.9253	3.7096272	3.4218674	59.336723	-12.25232	-257.7014	1368.9102	30371.335307836533
79	975.60724	476.5874	1465.7501	3.5646725	1465.866	0.0	1465.866	1465.866	200.0	200.0	789999	263.02267	427.529	1104.033	-4340.844	263.01938	427.52396	1098.3143	-4268.4487	3.7918117	3.382252	52.683834	-11.649005	-261.4386	1370.9606	30660.313192367554
80	1146.2557	372.49063	1513.6362	49.186367	1463.9329	0.00012207031	1463.933	1463.933	200.0	200.0	799999	260.14703	425.60004	1093.051	-4179.056	260.14047	425.59665	1098.0239	-4194.861	3.762759	3.4409595	46.261047	-12.37803	-258.47733	1385.355	30957.229341983795
81	1188.9226	378.69968	1578.8019	21.05742	1537.8884	0.00012207031	1537.8883	1537.8883	200.0	200.0	809999	261.7744	429.7139	1094.275	-4348.705	261.7713	429.70276	1106.1915	-4313.739	3.798138	3.3878205	57.41588	-12.381126	-260.16205	1398.334	31256.522558927536
82	1233.7657	289.70938	1528.2734	177.45424	1396.8761	0.0	1396.8761	1396.8761	200.0	200.0	819999	270.07098	433.69955	1112.9912	-4298.615	270.06656	433.69336	1131.9287	-4460.657	3.7524564	3.3965802	47.431213	-12.555919	-268.38892	1447.8135	31565.488921642303
83	1144.5624	440.99594	1562.3862	3.7397623	1433.1965	0.0	1433.1965	1433.1965	200.0	200.0	829999	270.66617	431.68857	1099.4769	-4203.251	270.65985	431.68158	1116.2468	-4253.181	3.7917063	3.3808692	45.58419	-11.936733	-268.90994	1433.4548	31864.14345574379
84	1104.9027	477.18356	1536.4048	6.105897	1353.5438	0.0	1353.5438	1353.5438	200.0	200.0	839999	267.13416	433.69592	1100.5366	-4439.2036	267.13095	433.69348	1121.1249	-4456.887	3.8266258	3.4293282	50.597565	-13.627244	-265.30557	1396.6088	32161.66054368019
85	1176.3817	404.22018	1547.8036	8.946053	1404.3478	0.0	1404.3478	1404.3478	200.0	200.0	849999	272.4587	441.97012	1115.9956	-4489.275	272.45877	441.96835	1126.7598	-4533.121	3.834695	3.3519497	48.578148	-13.783785	-270.64233	1464.0613	32462.800934791565
86	1147.3899	463.81564	1559.0028	5.4157887	545.50665	6.1035156e-05	545.5066	545.5066	200.0	200.0	859999	276.69043	445.83966	1121.6863	-4548.1577	276.6818	445.85425	1134.354	-4473.8486	3.9062173	3.4104834	60.0525	-14.686809	-274.964	1477.5796	32751.917810678482
87	1104.0009	472.63828	1546.6853	10.935457	1513.365	0.00012207031	1513.3649	1513.3649	200.0	200.0	869999	280.13876	447.9255	1131.1036	-4615.148	280.13907	447.91202	1136.4102	-4685.2783	3.962412	3.4166899	53.929947	-11.621478	-278.3506	1503.4393	33058.433389663696
88	1297.1377	380.09872	1568.6533	4.1414666	1136.6093	0.0	1136.6093	1136.6093	200.0	200.0	879999	280.03415	448.61734	1146.6832	-4677.7793	280.03687	448.60333	1140.2207	-4513.4834	3.9315748	3.3402863	39.45618	-12.593245	-278.14752	1517.8958	33333.86877036095
89	1103.3135	442.45428	1577.1351	108.46656	467.79703	3.0517578e-05	467.79706	467.79706	200.0	200.0	889999	281.9159	452.40335	1156.189	-4694.269	281.9111	452.4073	1168.6099	-4679.765	3.923867	3.3171391	47.610794	-14.85732	-280.1512	1557.388	33642.98432469368
90	1231.797	312.7846	1502.7793	239.36649	1428.7773	0.0	1428.7773	1428.7773	200.0	200.0	899999	291.66077	457.22626	1149.2001	-4850.669	291.66052	457.23453	1141.9183	-4736.585	3.9121199	3.3345346	52.292114	-15.06772	-289.90366	1630.0624	33940.50934672356
91	1081.093	477.24817	1517.5487	7.0306597	1440.5139	0.00012207031	1440.514	1440.514	200.0	200.0	909999	293.9551	457.8292	1161.093	-4617.5825	293.95792	457.83185	1156.6487	-4597.6406	3.9459076	3.3212678	52.056965	-14.48558	-292.0709	1613.6598	34229.57971954346
92	1171.0679	404.1526	1506.4946	8.66971	1488.668	0.0	1488.668	1488.668	200.0	200.0	919999	293.23624	458.14166	1155.2263	-4531.029	293.2349	458.13666	1185.704	-4399.535	3.9797873	3.3545716	43.403458	-12.818274	-291.44366	1629.0717	34537.7388920784
93	1201.4691	397.91364	1526.3875	32.684853	133.61113	1.5258789e-05	133.61115	133.61115	200.0	200.0	929999	298.3214	460.29333	1179.7327	-4441.6636	298.3236	460.2975	1198.5386	-4459.8306	3.9719064	3.3689442	43.600945	-13.237375	-296.4153	1656.9205	34825.270436525345
94	1058.3684	486.58157	1522.6194	17.616655	1513.2281	0.00012207031	1513.228	1513.228	200.0	200.0	939999	304.89474	465.32083	1204.3966	-4724.1973	304.89606	465.3335	1233.6461	-4649.1743	4.0270634	3.3487453	61.593124	-12.744137	-303.10574	1674.8188	35134.12802696228
95	1206.0902	369.6687	1537.7297	8.991911	639.52136	0.0	639.52136	639.52136	200.0	200.0	949999	305.85583	470.2491	1266.2281	-4489.4346	305.8512	470.25244	1273.0879	-4454.087	4.0124354	3.3603573	44.318687	-13.755289	-303.87292	1759.3892	35424.39321708679
96	1237.2585	374.86572	1518.4072	7.654513	1453.3049	0.00012207031	1453.305	1453.305	200.0	200.0	959999	312.47034	474.03897	1278.4814	-4618.4976	312.47275	474.0299	1303.9849	-4590.2827	4.0662913	3.3193383	47.27003	-12.06958	-310.60648	1789.7134	35727.5419356823
97	1239.3572	365.1806	1511.012	4.775841	1507.948	0.00012207031	1507.9479	1507.9479	200.0	200.0	969999	313.9533	477.47357	1326.7905	-4879.064	313.95258	477.4705	1332.3	-4769.5903	4.0584235	3.34987	45.8037	-12.5514555	-311.95563	1790.7008	36035.40534877777
98	1034.012	570.0708	1562.0494	6.2872586	1455.527	0.00012207031	1455.5269	1455.5269	200.0	200.0	979999	318.23178	480.7416	1354.2164	-4926.6924	318.2296	480.74854	1353.1093	-4849.7227	4.144865	3.3989165	52.300995	-14.416218	-316.3202	1838.4082	36325.97225522995
99	1204.8453	410.62094	1542.7328	5.3538513	1538.919	0.0	1538.919	1538.919	200.0	200.0	989999	325.81488	485.73807	1339.8572	-5008.371	325.8105	485.7582	1348.339	-4913.137	4.1306806	3.407639	58.990253	-12.118208	-323.9412	1848.0833	36630.63198661804
100	1296.1218	352.73727	1558.6129	11.876822	179.59799	1.5258789e-05	179.59798	179.59798	200.0	200.0	999999	331.94397	491.07236	1328.6843	-5199.0454	331.9438	491.076	1342.7874	-5405.6455	4.2152557	3.4014912	67.41449	-12.469018	-330.02307	1890.6472	36926.84668684006
101	1209.1166	487.2416	1559.0027	6.0426416	1383.1614	0.00012207031	1383.1615	1383.1615	200.0	200.0	1009999	332.34375	493.17282	1355.3585	-4937.242	332.3389	493.18588	1357.8112	-4871.612	4.2254987	3.322174	70.232254	-11.7595415	-330.31024	1886.5594	37220.87886071205
102	1225.5038	442.90704	1558.699	7.8077464	1378.7086	0.00012207031	1378.7085	1378.7085	200.0	200.0	1019999	332.60364	497.44077	1339.4077	-4751.762	332.59695	497.46405	1346.7233	-4743.092	4.1945477	3.3375993	44.228806	-14.447225	-330.54785	2032.0194	37520.22424006462
103	1306.9006	374.00693	1570.7871	9.012854	7.0869684	4.7683716e-07	7.086968	7.086968	200.0	200.0	1029999	339.7357	500.13348	1328.8145	-4712.2324	339.734	500.1532	1353.7136	-4668.8003	4.2132316	3.356368	48.51903	-13.155507	-337.60464	2015.2532	37815.10206079483
104	1202.6318	441.90698	1569.6198	22.657518	1530.7561	0.00012207031	1530.7562	1530.7562	200.0	200.0	1039999	338.4765	499.8987	1334.9155	-4924.1064	338.47342	499.92166	1361.6296	-4936.6694	4.286676	3.4049172	69.61895	-14.0243435	-336.31775	2037.0328	38110.10672259331
105	1263.0507	436.37222	1548.0277	3.299132	1410.0743	0.0	1410.0743	1410.0743	200.0	200.0	1049999	340.84808	502.78928	1326.3405	-4756.193	340.8432	502.79538	1328.6542	-4702.5483	4.2828145	3.3982081	58.66706	-12.740056	-338.6198	2050.4587	38404.917269945145
106	1179.9576	413.24094	1539.0582	8.692481	1478.9934	0.00012207031	1478.9935	1478.9935	200.0	200.0	1059999	333.1439	503.31223	1331.4811	-4691.054	333.14398	503.3258	1349.6381	-4564.1035	4.1724224	3.3184297	50.76052	-11.698734	-330.7751	2048.5022	38702.357927799225
107	1264.6809	383.80017	1589.0345	40.94952	1314.9144	0.00012207031	1314.9146	1314.9146	200.0	200.0	1069999	338.1425	510.6183	1400.9432	-4844.597	338.13824	510.64694	1382.7751	-4828.061	4.297536	3.3887732	52.80919	-13.042677	-335.80905	2120.36	39001.568922281265
108	1140.9379	514.2665	1520.5833	5.550345	1108.7902	0.0	1108.7902	1108.7902	200.0	200.0	1079999	355.0207	514.63727	1397.1039	-5006.443	355.0185	514.6411	1387.2452	-4948.704	4.4249215	3.402082	59.82319	-11.841509	-352.87894	2156.4734	39307.286678791046
109	1235.9318	430.2345	1570.0753	18.648222	1548.4851	0.00012207031	1548.485	1548.485	200.0	200.0	1089999	373.0124	518.1925	1377.8384	-5156.2134	373.0119	518.21436	1391.4841	-5202.6777	4.4116955	3.4117496	58.95839	-13.664864	-370.6964	2192.2827	39613.00728774071
110	1284.8289	373.55045	1561.0981	59.324917	1511.506	0.0	1511.506	1511.506	200.0	200.0	1099999	380.79556	512.8198	1381.3179	-5236.4863	380.7907	512.8371	1375.6134	-5196.1206	4.4064727	3.334174	63.102737	-12.418531	-378.30457	2184.6084	39911.74610733986
111	1217.9248	426.59174	1578.9115	10.46114	1498.7567	0.0	1498.7567	1498.7567	200.0	200.0	1109999	375.5979	500.35672	1388.7415	-5422.4873	375.59442	500.36557	1386.9512	-5475.9824	4.349762	3.3264105	57.603195	-13.931621	-373.08746	2187.7605	40214.9286005497
112	1228.9	480.98767	1559.1555	7.3464174	1301.4183	0.00012207031	1301.4185	1301.4185	200.0	200.0	1119999	385.77548	486.87756	1366.9497	-5647.6323	385.77515	486.87183	1376.895	-5583.5234	4.348747	3.3421965	62.392685	-14.316701	-383.2027	2110.6584	40522.403383255005
113	179.14413	373.59048	1410.2477	10.480228	13.526907	9.536743e-07	13.526908	13.526908	200.0	200.0	1129999	395.9128	482.0227	1392.7837	-6116.37	395.9059	482.02924	1356.5308	-5968.3784	4.356287	3.3067102	67.11075	-15.13739	-393.58865	2171.8657	40823.264672756195
114	537.33514	604.0354	1494.6813	5.513863	12.007958	0.0	12.007958	12.007958	200.0	200.0	1139999	399.65942	477.09717	1417.4781	-6228.837	399.66052	477.09882	1417.309	-6210.3105	4.2963896	3.3493922	70.31937	-12.878092	-397.17596	2104.838	41127.848378419876
115	1373.3542	315.83286	1578.2606	11.75845	1570.5652	0.0	1570.5652	1570.5652	200.0	200.0	1149999	400.27408	475.52734	1401.9362	-6312.4834	400.2718	475.5231	1404.5908	-6204.4517	4.4455075	3.3957148	61.05716	-11.39638	-397.7252	2113.493	41427.33342576027
116	1278.9293	390.31186	1558.9358	11.847419	886.96826	0.0	886.96826	886.96826	200.0	200.0	1159999	400.5313	473.62875	1385.4874	-6210.622	400.53125	473.6346	1389.3766	-6209.486	4.2846756	3.334461	68.42254	-14.069599	-397.78918	2085.4333	41731.8787317276
117	1348.4873	349.54416	1568.94	8.141537	1298.5012	0.00012207031	1298.5013	1298.5013	200.0	200.0	1169999	400.3472	474.05206	1367.4662	-6537.9824	400.34995	474.07254	1350.597	-6591.2764	4.3492527	3.3341126	68.83664	-14.903512	-397.5904	2137.9553	42025.22831058502
118	1326.7618	283.6368	1559.8177	323.5135	9.703195	0.0	9.703195	9.703195	200.0	200.0	1179999	398.96487	468.78815	1368.8562	-6684.6016	398.9614	468.79123	1367.8401	-6630.9004	4.247676	3.334279	74.74278	-12.095335	-396.252	2149.6697	42315.70820093155
119	1188.7035	485.33566	1557.9084	7.8239226	15.717392	0.0	15.717392	15.717392	200.0	200.0	1189999	412.50012	469.18192	1363.185	-6570.8057	412.50375	469.17783	1376.8834	-6591.516	4.4224114	3.3123367	72.82464	-13.833126	-409.83676	2143.4656	42615.917697668076
120	1177.7798	550.3262	1573.473	10.618102	9.903901	0.0	9.903901	9.903901	200.0	200.0	1199999	417.8098	463.58908	1378.2102	-6585.281	417.81207	463.5797	1379.052	-6638.4517	4.386875	3.2939577	58.00387	-15.499168	-415.1685	2156.6736	42908.71534323692
121	1445.744	217.97609	1572.4829	448.6338	711.2999	0.0	711.2999	711.2999	200.0	200.0	1209999	430.3946	456.444	1378.607	-6998.2383	430.3946	456.43872	1369.5802	-7023.727	4.323175	3.227247	67.13254	-11.216414	-427.579	2141.98	43208.08424592018
122	1231.0166	462.09067	1571.1013	15.266071	1311.5393	0.00012207031	1311.5394	1311.5394	200.0	200.0	1219999	431.43	451.6018	1394.8041	-7308.549	431.43027	451.61142	1391.5975	-7229.328	4.2940283	3.2509296	104.738525	-11.942728	-428.5321	2156.7056	43488.730580329895
123	1133.5793	481.9574	1558.6696	8.95071	1064.2003	0.0	1064.2003	1064.2003	200.0	200.0	1229999	441.75977	450.3646	1396.459	-7861.0444	441.76285	450.35287	1399.6871	-7938.393	4.345543	3.3204627	68.91906	-11.543594	-438.9314	2141.1848	43787.386845350266
124	1347.1161	375.84805	1590.1355	8.217927	511.7373	0.0	511.7373	511.7373	200.0	200.0	1239999	447.6784	452.45505	1407.3132	-7823.9497	447.67868	452.44623	1410.3257	-7776.998	4.367124	3.2778022	90.29596	-14.997393	-444.721	2180.588	44087.90770983696
125	1347.045	341.49112	1589.0017	151.2895	1412.5945	0.00012207031	1412.5944	1412.5944	200.0	200.0	1249999	454.907	448.8558	1367.7036	-7991.48	454.90906	448.8399	1359.6938	-7912.9507	4.226031	3.2191703	80.371025	-12.281958	-452.00406	2046.4264	44384.59680175781
126	1411.114	243.911	1590.9165	97.92918	1452.1115	0.0	1452.1115	1452.1115	200.0	200.0	1259999	458.2605	449.30286	1370.1102	-8466.827	458.2609	449.29163	1380.1715	-8405.354	4.2459803	3.2914329	86.413086	-14.665771	-455.33884	2058.9575	44682.71497750282
127	1227.4155	453.35544	1559.9285	3.5508375	1530.3254	0.00012207031	1530.3256	1530.3256	200.0	200.0	1269999	455.51895	456.10623	1391.3484	-8386.167	455.5198	456.09665	1382.5309	-8435.578	4.3136525	3.2601573	74.0584	-14.318439	-452.4999	2114.9277	44980.6730966568
128	1273.0367	423.18625	1568.0275	9.353537	1497.2937	0.00012207031	1497.2936	1497.2936	200.0	200.0	1279999	466.6462	460.0588	1365.7753	-8514.447	466.64645	460.06015	1354.3983	-8474.694	4.331838	3.244616	88.10798	-12.50271	-463.5256	2148.0823	45278.468432188034
129	1207.3434	451.44525	1578.8071	22.026941	1511.7719	0.00012207031	1511.772	1511.772	200.0	200.0	1289999	468.9101	453.8967	1324.9885	-8635.261	468.91147	453.89166	1330.964	-8778.337	4.3081455	3.1962824	86.45134	-13.384765	-465.6857	2103.858	45575.09346532822
130	1159.9176	476.28677	1549.3348	15.802889	1478.1711	0.00012207031	1478.1713	1478.1713	200.0	200.0	1299999	466.26273	454.9013	1283.2281	-9221.003	466.26035	454.88205	1277.6528	-9220.311	4.298383	3.190585	81.55027	-14.510609	-463.204	2077.4102	45870.9155921936
131	1307.0272	349.16293	1578.591	96.04797	1517.6287	0.0	1517.6287	1517.6287	200.0	200.0	1309999	460.7414	456.3279	1254.5292	-9557.743	460.73755	456.3154	1246.2288	-9508.88	4.264691	3.2340155	85.59859	-12.135377	-457.33804	2029.5695	46174.22253060341
132	1110.4899	577.77454	1569.3523	6.5550523	1236.8103	0.0	1236.8103	1236.8103	200.0	200.0	1319999	460.40494	455.54706	1285.1837	-9634.384	460.40247	455.57156	1266.0366	-9555.507	4.2858205	3.2778	90.15938	-11.552284	-457.1418	2011.7894	46479.50301003456
133	1137.2108	512.42377	1578.6487	9.594163	1427.4998	0.00012207031	1427.4996	1427.4996	200.0	200.0	1329999	468.719	458.738	1286.1624	-10040.654	468.71954	458.73425	1260.8069	-10139.5205	4.3586574	3.2811522	101.90216	-11.206255	-465.59244	2029.4552	46760.487483501434
134	1317.7612	395.4952	1569.163	7.841549	415.9789	3.0517578e-05	415.97888	415.97888	200.0	200.0	1339999	472.39456	460.59756	1265.0698	-10580.428	472.3965	460.58347	1274.1622	-10654.271	4.3559933	3.2831497	117.44667	-11.817533	-469.0357	2058.9988	47058.91030931473
135	1209.2362	453.10135	1576.3258	5.4265676	1505.753	0.0	1505.753	1505.753	200.0	200.0	1349999	469.3458	464.05728	1259.3523	-11119.337	469.3431	464.0784	1260.7177	-11160.348	4.43452	3.2071946	71.42827	-13.054708	-466.13406	2101.89	47367.24045038223
136	1191.4565	485.58954	1576.9984	7.183731	1397.362	0.00012207031	1397.3619	1397.3619	200.0	200.0	1359999	475.62134	468.1678	1273.0149	-11947.658	475.61908	468.16443	1252.9275	-11907.374	4.4011817	3.226864	72.98919	-11.489122	-472.3137	2099.7617	47669.49408507347
137	1156.2037	518.03174	1569.6958	9.712013	624.0785	0.0	624.0785	624.0785	200.0	200.0	1369999	474.95303	467.1937	1247.716	-11877.149	474.953	467.20505	1244.0144	-11972.322	4.3056583	3.232258	95.67047	-12.284593	-471.4592	2073.355	47979.67693424225
138	1217.442	474.0795	1588.0681	5.6997786	1338.054	0.00012207031	1338.0541	1338.0541	200.0	200.0	1379999	471.4741	469.76465	1237.9642	-12209.189	471.4721	469.7904	1239.7416	-12387.374	4.269851	3.2241461	104.24503	-12.522827	-468.0886	2039.5392	48291.86714076996
139	1283.2576	449.11868	1598.6862	24.44973	1472.8342	0.00012207031	1472.8344	1472.8344	200.0	200.0	1389999	470.65115	476.91873	1238.5269	-13618.184	470.64453	476.94037	1230.4027	-13577.594	4.3285537	3.2463655	97.31838	-11.100147	-467.1338	2079.1685	48589.67569708824
140	1234.4678	424.32654	1557.2563	15.435294	1557.3391	0.00012207031	1557.3392	1557.3392	200.0	200.0	1399999	470.7412	485.76102	1218.8787	-13906.797	470.7425	485.74588	1209.8082	-13776.088	4.3023744	3.3536627	113.27546	-16.404675	-467.3169	2051.9822	48879.54503726959
141	1336.0132	391.41986	1578.0464	3.3860192	1547.135	0.00012207031	1547.1351	1547.1351	200.0	200.0	1409999	479.27267	486.4335	1212.1593	-14784.275	479.26547	486.46738	1201.7723	-14558.883	4.327567	3.2847385	125.147354	-11.42177	-475.8085	2088.4585	49169.10137915611
142	1367.1028	393.7926	1568.312	16.432482	1537.0674	0.0	1537.0674	1537.0674	200.0	200.0	1419999	481.1049	483.8412	1191.0588	-15849.277	481.1093	483.8682	1200.829	-15815.505	4.2164035	3.236148	108.54573	-12.317512	-477.5626	2058.2783	49474.31900238991
143	1156.2192	509.3599	1577.2828	15.509223	74.877556	0.0	74.877556	74.877556	200.0	200.0	1429999	487.14194	486.465	1279.5	-16590.736	487.14154	486.49213	1306.7852	-16623.719	4.3851824	3.3171868	88.302605	-12.920971	-483.68524	2002.4211	49763.25395345688
144	1192.0328	475.9088	1555.6213	17.869585	1556.9462	0.0	1556.9462	1556.9462	200.0	200.0	1439999	491.1089	499.09753	1291.849	-17647.502	491.11386	499.13657	1270.8047	-17658.404	4.2878056	3.2633324	113.02229	-12.090948	-487.64914	2035.1128	50053.40360999107
145	1211.277	515.1858	1568.6046	9.176282	1466.5603	0.0	1466.5603	1466.5603	200.0	200.0	1449999	487.09018	503.75418	1182.0349	-18015.602	487.09027	503.80127	1208.6066	-18417.154	4.1855245	3.2044256	55.487236	-13.088978	-483.43115	2116.066	50353.13268113136
146	1205.9891	476.86356	1558.451	16.56714	1467.2207	0.0	1467.2207	1467.2207	200.0	200.0	1459999	485.2053	510.13522	1193.1086	-19437.74	485.20398	510.20004	1190.1261	-19378.197	4.2055316	3.2338295	63.62706	-12.388554	-481.6389	2179.5078	50653.274527549744
147	1264.1968	462.19925	1568.552	13.928324	1487.9563	0.0	1487.9563	1487.9563	200.0	200.0	1469999	486.77206	513.581	1185.4722	-20104.676	486.7688	513.61395	1213.2375	-19924.31	4.1926746	3.3485181	92.069984	-16.57837	-483.09695	2201.4736	50942.510786771774
148	1310.4999	328.64185	1539.7709	42.837135	29.811804	0.0	29.811804	29.811804	200.0	200.0	1479999	476.72736	522.7213	1165.8767	-20310.18	476.72565	522.7623	1160.6691	-20263.445	4.2555585	3.3480213	81.02238	-12.666897	-473.0271	2190.045	51228.96679902077
149	1345.2085	336.60306	1530.6263	30.659618	1423.0851	0.0	1423.0851	1423.0851	200.0	200.0	1489999	472.88855	517.684	1165.5708	-20546.232	472.8829	517.72894	1148.137	-20526.9	4.163472	3.23658	58.356503	-13.89403	-469.03036	2233.3955	51514.10311174393
150	1280.7358	475.4476	1605.0786	10.116363	1466.4717	0.0	1466.4717	1466.4717	200.0	200.0	1499999	471.45316	522.1961	1168.2677	-20019.045	471.44885	522.22687	1184.3407	-20183.107	4.1915474	3.2263396	78.59891	-11.516837	-467.4829	2293.6753	51821.28104972839
151	1313.3007	399.027	1556.983	18.65486	1448.5966	0.0	1448.5966	1448.5966	200.0	200.0	1509999	474.78552	522.7118	1167.3824	-21143.494	474.7813	522.7919	1168.7418	-21073.957	4.278337	3.2910607	79.23454	-12.16084	-470.9921	2311.9768	52119.39479613304
152	1065.5531	540.8247	1517.4015	12.314747	1452.7781	0.0	1452.7781	1452.7781	200.0	200.0	1519999	479.00394	531.6841	1186.6846	-21332.867	479.00137	531.7069	1189.1934	-21277.34	4.2070823	3.2509038	91.71634	-12.81822	-475.2525	2380.5007	52407.37551522255
153	1173.5436	527.27783	1555.8542	9.178561	1517.7426	0.00012207031	1517.7427	1517.7427	200.0	200.0	1529999	490.24185	541.35535	1270.1372	-24236.96	490.23727	541.40405	1226.5734	-24358.72	4.331845	3.3473403	84.46912	-13.785719	-486.59534	2453.2576	52699.96591806412
154	1334.7336	391.27042	1578.745	18.968134	553.9082	0.0	553.9082	553.9082	200.0	200.0	1539999	499.14127	554.9059	1240.2926	-26228.37	499.1345	554.8829	1242.3225	-26402.984	4.3746943	3.2637007	69.23197	-11.941376	-495.5238	2573.276	52992.08261322975
155	1349.5859	308.5706	1577.8463	101.48946	1453.6321	0.00012207031	1453.6322	1453.6322	200.0	200.0	1549999	506.34662	563.4879	1249.5554	-29660.703	506.3427	563.5058	1245.3629	-29531.055	4.375461	3.3038764	99.16004	-12.117678	-502.6224	2599.9236	53285.98338794708
156	1340.8486	350.9213	1536.0411	14.076917	1525.446	0.0	1525.446	1525.446	200.0	200.0	1559999	505.6565	566.84607	1229.6388	-31028.037	505.64478	566.868	1236.5742	-30925.771	4.3458786	3.2999904	81.95381	-12.701203	-501.65836	2673.444	53581.28719520569
157	1276.6017	399.39804	1567.5073	5.13617	1547.6853	0.00012207031	1547.6852	1547.6852	200.0	200.0	1569999	508.92627	561.34625	1405.7084	-32632.518	508.925	561.3163	1381.5269	-32456.531	4.4308496	3.3447185	61.318916	-16.93933	-505.28134	2641.3704	53873.84226679802
158	1236.8241	487.60095	1588.0938	3.8759348	1497.1292	0.00012207031	1497.1293	1497.1293	200.0	200.0	1579999	522.25415	559.4619	1834.5621	-32054.89	522.2532	559.4756	1807.1763	-31967.465	4.470431	3.3637965	64.41203	-14.745256	-518.59955	2653.644	54171.41724538803
159	1228.4562	465.33215	1566.6316	7.13141	3.325018	0.0	3.325018	3.325018	200.0	200.0	1589999	527.13715	565.1786	2305.23	-35654.324	527.13367	565.1939	2288.1802	-35628.05	4.380435	3.377506	80.28676	-11.5681925	-523.4051	2597.3152	54452.64932847023
160	116.81762	372.2011	1477.6888	3.201429	7.810874	0.0	7.810874	7.810874	200.0	200.0	1599999	520.39044	567.48254	2489.4163	-36104.07	520.391	567.5105	2462.9565	-35985.13	4.380899	3.3709543	69.833015	-12.389537	-516.4993	2695.2861	54748.452625989914
161	442.64478	628.92	1568.5508	3.718714	17.96184	0.0	17.96184	17.96184	200.0	200.0	1609999	507.39462	569.49896	1857.0398	-39490.49	507.39224	569.50543	1911.5704	-39222.27	4.287885	3.4297442	71.14566	-11.763656	-503.2404	2696.716	55038.16843414307
162	1255.909	424.77795	1568.1503	4.5545964	1393.9407	0.0	1393.9407	1393.9407	200.0	200.0	1619999	499.39987	560.9708	1802.0519	-38548.77	499.3977	560.99243	1811.242	-38285.7	4.30911	3.4546256	81.64175	-13.569109	-495.4044	2646.321	55338.83608698845
163	1138.6149	561.7997	1574.6422	7.400802	1500.076	0.0	1500.076	1500.076	200.0	200.0	1629999	499.68893	567.4812	1966.1045	-42463.016	499.6871	567.498	1951.5029	-41906.066	4.4842973	3.500644	66.20421	-14.449442	-495.86426	2661.4011	55642.52187037468
164	1108.1257	505.2427	1558.3749	5.967942	1538.1183	0.0	1538.1183	1538.1183	200.0	200.0	1639999	505.30695	559.94855	1834.868	-43120.7	505.3012	559.9369	1796.9038	-42653.39	4.3696284	3.4895	74.56976	-13.503536	-501.4592	2588.7517	55948.28489232063
165	1025.102	576.1252	1588.5333	3.3530993	1472.9471	0.0	1472.9471	1472.9471	200.0	200.0	1649999	505.26126	562.97034	1682.2875	-44422.55	505.2558	562.98535	1667.3776	-44371.883	4.386339	3.4977796	79.53272	-12.448171	-501.04333	2679.5532	56243.050251722336
166	1134.066	511.0716	1558.2161	6.9102106	797.828	0.0	797.828	797.828	200.0	200.0	1659999	509.21964	575.69104	1320.896	-50300.945	509.21497	575.63776	1342.467	-49618.734	4.477795	3.532495	75.56916	-14.347857	-505.1333	2693.2505	56545.925828933716
167	1098.8442	570.0039	1587.8777	7.1237974	1525.7158	0.0	1525.7158	1525.7158	200.0	200.0	1669999	513.18286	584.46173	1245.7336	-50421.98	513.17896	584.4308	1257.1298	-50188.98	4.5342927	3.5977063	119.75152	-13.761002	-509.01334	2771.572	56849.8973801136
168	1236.0375	471.25244	1599.7559	9.545088	14.0852	0.0	14.0852	14.0852	200.0	200.0	1679999	520.6768	592.6136	1228.7694	-48987.484	520.6825	592.5624	1328.7888	-48903.555	4.457888	3.462564	93.831474	-11.467312	-516.4072	2791.5437	57144.97516179085
169	1257.1388	484.1593	1589.1912	8.306305	1534.3473	0.00012207031	1534.3472	1534.3472	200.0	200.0	1689999	520.5482	590.45636	1228.9235	-47707.434	520.5527	590.4439	1335.717	-47274.7	4.4294524	3.5006192	93.90634	-13.644791	-516.2128	2725.778	57451.55909895897
170	1036.3774	627.477	1590.9379	4.7520714	1477.76	0.00012207031	1477.7601	1477.7601	200.0	200.0	1699999	511.83554	587.3778	1225.0392	-45885.832	511.8352	587.3632	1264.8171	-45753.54	4.4563103	3.4944072	89.163	-12.880899	-507.45566	2743.807	57754.05101251602
171	1265.1543	413.10217	1589.1251	17.661463	1306.87	0.0	1306.87	1306.87	200.0	200.0	1709999	509.18893	594.62146	1230.4302	-45561.773	509.18918	594.56305	1265.9116	-45117.973	4.3168197	3.4984605	76.42516	-13.066611	-504.8141	2759.1768	58044.367382764816
172	1315.9946	410.2175	1598.4644	9.305399	1514.9493	0.0	1514.9493	1514.9493	200.0	200.0	1719999	509.84576	588.27673	1308.8557	-42882.086	509.84854	588.28827	1339.1761	-42836.14	4.440184	3.506474	71.23075	-13.228677	-505.4436	2790.872	58349.30288934708
173	1310.1901	358.2738	1580.445	10.577949	1480.1951	0.00012207031	1480.195	1480.195	200.0	200.0	1729999	508.3853	595.7799	1800.4438	-41997.777	508.3866	595.7239	1795.6362	-41735.016	4.505299	3.5226912	79.27424	-11.459162	-504.1331	2764.4236	58647.41903758049
174	1177.0222	551.4683	1578.9263	5.0692954	1567.2903	0.0	1567.2903	1567.2903	200.0	200.0	1739999	513.4995	583.6418	2114.5974	-41404.285	513.497	583.6423	2107.1484	-40953.69	4.5051613	3.5648909	65.30807	-10.976053	-509.1111	2762.5735	58939.56877827644
175	1184.5106	529.63367	1589.5885	2.531101	1512.9739	0.00012207031	1512.974	1512.974	200.0	200.0	1749999	512.2928	559.8571	2320.6472	-40971.418	512.30023	559.795	2302.7102	-40405.18	4.4581714	3.5932138	68.19328	-11.399634	-507.8832	2639.6077	59230.84881186485
176	1360.1918	416.47842	1579.5869	2.8390026	1586.5935	0.00012207031	1586.5934	1586.5934	200.0	200.0	1759999	510.35767	569.0807	2273.8267	-38329.92	510.35037	569.0481	2279.2793	-38672.12	4.374948	3.5251458	74.01326	-12.161862	-505.77286	2626.999	59533.0773627758
177	1340.1586	367.51926	1578.8071	5.951262	1568.8176	0.00012207031	1568.8177	1568.8177	200.0	200.0	1769999	513.5746	555.17883	2004.423	-38416.992	513.5727	555.18414	1989.1143	-38183.535	4.502902	3.664462	78.93777	-14.2185755	-509.2945	2623.6113	59817.39508795738
178	1205.4209	549.75024	1592.2377	3.3869252	1547.5707	0.00012207031	1547.5708	1547.5708	200.0	200.0	1779999	522.1994	551.6998	2004.6882	-37174.617	522.1965	551.661	1959.4921	-36857.016	4.403059	3.4846382	75.80225	-12.5537195	-517.85095	2538.7683	60102.423186302185
179	1341.2561	442.24234	1591.2942	2.8449588	1308.9808	0.00012207031	1308.981	1308.981	200.0	200.0	1789999	524.3077	543.6823	1829.0873	-36238.176	524.3075	543.62085	1813.1125	-36476.305	4.356847	3.5256636	71.4952	-12.069973	-519.9379	2511.079	60400.60186958313
180	796.72375	735.6928	1597.8341	2.3623505	9.068407	0.0	9.068407	9.068407	200.0	200.0	1799999	526.56964	544.728	1325.0737	-35301.035	526.56665	544.70325	1334.6978	-34967.42	4.257069	3.5413105	62.36951	-12.966011	-522.2323	2508.9043	60695.45383024216
181	724.841	705.7546	1611.6881	9.403386	1555.3898	0.0	1555.3898	1555.3898	200.0	200.0	1809999	527.5328	548.25287	1190.8489	-34595.688	527.52814	548.2974	1261.6995	-34866.465	4.2677064	3.4928184	68.53383	-12.132785	-523.21625	2545.7979	60988.87540388107
182	1396.0308	306.62955	1588.2501	184.03363	1548.3821	0.00012207031	1548.3822	1548.3822	200.0	200.0	1819999	523.73737	541.28125	1168.6735	-31883.152	523.7335	541.2297	1177.9895	-32006.955	4.20986	3.4250276	58.063026	-14.889316	-519.3419	2513.62	61283.359941244125
183	1411.5114	360.90292	1599.7336	3.3349223	1566.4407	0.0	1566.4407	1566.4407	200.0	200.0	1829999	527.956	537.83636	1182.4697	-33303.086	527.9603	537.79663	1193.3883	-33396.695	4.363123	3.5843377	63.97336	-11.358367	-523.8637	2549.7456	61569.09773373604
184	1326.9392	429.5361	1599.4847	12.749771	1575.7072	0.0	1575.7072	1575.7072	200.0	200.0	1839999	527.3044	546.96606	1185.802	-31971.52	527.3021	546.9869	1260.2544	-31572.68	4.441091	3.5510864	67.187485	-13.586182	-523.20105	2502.958	61865.958748579025
185	1449.95	298.27463	1588.8171	190.47125	1362.7118	0.0	1362.7118	1362.7118	200.0	200.0	1849999	529.74866	530.45374	1148.2617	-31836.818	529.74677	530.42505	1204.5414	-31245.42	4.4905334	3.6014593	57.410675	-12.542397	-525.6032	2474.3704	62180.05598926544
186	1409.3185	330.13684	1610.6965	239.73132	1502.6019	0.00012207031	1502.602	1502.602	200.0	200.0	1859999	530.9881	530.5705	1150.7131	-28905.031	530.9901	530.55743	1202.2242	-29478.127	4.3086357	3.515354	64.343834	-11.607586	-526.8908	2491.6833	62479.65371274948
187	1341.6421	390.08768	1599.9167	12.51984	1597.2626	0.0	1597.2626	1597.2626	200.0	200.0	1869999	529.91077	514.5121	1131.0648	-27858.676	529.90393	514.5196	1198.48	-27842.373	4.3634024	3.5478911	77.65836	-11.123915	-525.8235	2396.6882	62785.16214823723
188	1346.4595	443.56396	1598.9454	3.0605223	8.025954	0.0	8.025954	8.025954	200.0	200.0	1879999	536.9036	517.1422	1134.1254	-29649.879	536.9008	517.1304	1137.9517	-29758.592	4.1817403	3.5383432	58.856544	-12.361113	-532.8752	2340.5056	63084.303896188736
189	1353.0319	408.81628	1599.057	8.795706	1549.5675	0.0	1549.5675	1549.5675	200.0	200.0	1889999	544.1866	510.52466	1130.3895	-29648.984	544.17755	510.5553	1274.0187	-29622.986	4.104714	3.4534996	48.069168	-13.145902	-539.9445	2382.3254	63393.88033103943
190	1207.4528	498.21838	1607.4032	7.2336407	728.31006	0.0	728.31006	728.31006	200.0	200.0	1899999	549.68384	505.8355	1141.6854	-29136.615	549.6812	505.82986	1189.1382	-28891.68	4.184323	3.5594704	57.693256	-12.496509	-545.5388	2338.475	63685.24500608444
191	1456.1648	274.8771	1612.0289	281.0978	1576.5575	0.0	1576.5575	1576.5575	200.0	200.0	1909999	563.77484	506.7794	1136.7756	-28080.387	563.77014	506.76138	1239.4977	-27527.457	4.3273444	3.5228503	72.79271	-13.290129	-559.7756	2344.7927	63991.85596323013
192	1493.3872	160.35143	1597.9829	718.9809	281.82327	0.0	281.82327	281.82327	200.0	200.0	1919999	569.94165	496.34726	1131.857	-28815.9	569.9349	496.3745	1185.1913	-29461.348	4.1665525	3.4771779	68.08889	-11.57496	-565.95795	2250.8203	64282.741735219955
193	1393.6123	318.78156	1599.3585	8.082457	1508.8363	0.00012207031	1508.8364	1508.8364	200.0	200.0	1929999	575.6305	494.08313	1131.7972	-29165.496	575.6261	494.11554	1228.6896	-28282.436	4.1785827	3.4060163	68.577705	-13.915827	-571.67505	2224.1	64592.74101996422
194	1457.3514	234.51097	1607.741	511.13882	1571.5945	0.00012207031	1571.5944	1571.5944	200.0	200.0	1939999	582.3105	494.42865	1141.5029	-29127.28	582.3034	494.40964	1176.391	-29044.398	4.179295	3.5242312	72.07888	-13.482729	-578.38385	2258.8452	64904.485602617264
195	1356.3282	457.32092	1619.3771	6.77312	35.60095	0.0	35.60095	35.60095	200.0	200.0	1949999	586.1956	490.32443	1161.9119	-29873.172	586.19293	490.36758	1238.7034	-29814.525	4.1940117	3.5067675	88.94132	-12.138451	-582.20667	2262.436	65205.24405622482
196	1390.0391	364.06952	1606.1001	15.5666065	1478.2893	0.00012207031	1478.2894	1478.2894	200.0	200.0	1959999	590.0686	488.8657	1181.1061	-29990.85	590.06616	488.8665	1166.2097	-30356.703	4.178078	3.4914012	68.891975	-15.25132	-586.1972	2218.298	65501.12405991554
197	1475.5836	267.94626	1618.8666	298.14124	1523.289	0.0	1523.289	1523.289	200.0	200.0	1969999	590.3417	487.23306	1145.7805	-29360.496	590.33545	487.24344	1153.1024	-28779.512	4.271246	3.4889562	105.33249	-11.7002945	-586.3102	2202.43	65812.35613775253
198	1387.8877	381.54352	1601.6011	11.566716	1619.0035	0.00012207031	1619.0034	1619.0034	200.0	200.0	1979999	592.20526	493.10703	1162.3138	-30018.723	592.2015	493.1154	1157.4086	-29820.283	4.1683807	3.5153794	65.35184	-11.7012415	-588.2796	2269.1777	66119.90451073647
199	1371.2699	412.879	1619.992	4.2970586	1305.154	0.0	1305.154	1305.154	200.0	200.0	1989999	593.99	488.35458	1288.1301	-28471.543	593.9877	488.37912	1253.0646	-28118.744	4.1974907	3.621786	85.32731	-15.981363	-590.0419	2182.802	66410.98214578629
200	1303.1165	479.4911	1610.4933	12.762083	1529.4957	0.00012207031	1529.4956	1529.4956	200.0	200.0	1999999	595.82776	487.96216	1332.0602	-27854.447	595.8235	487.97922	1349.9293	-27592.295	4.090029	3.5824816	81.85562	-12.454359	-591.788	2141.2327	66717.61790180206
201	1442.9052	298.95193	1609.5781	62.29466	1599.367	0.0	1599.367	1599.367	200.0	200.0	2009999	600.2333	485.50873	1308.0275	-25396.322	600.2313	485.48853	1321.469	-25115.73	4.189099	3.6013312	80.021194	-11.85514	-596.2647	2119.485	67014.81599020958
202	1345.5715	426.10547	1599.8348	9.927116	1503.6864	0.0	1503.6864	1503.6864	200.0	200.0	2019999	602.1626	492.7362	1285.1721	-28479.178	602.1574	492.7553	1284.6218	-28030.406	4.021136	3.4785903	66.53087	-11.873039	-598.3599	2080.3318	67294.85229182243
203	1320.1172	468.46976	1593.4332	5.143383	1551.9951	0.0	1551.9951	1551.9951	200.0	200.0	2029999	606.2085	485.72897	1786.3284	-26115.148	606.2056	485.7195	1777.068	-26346.697	4.1720886	3.7281404	77.6015	-12.450401	-602.4845	2097.1448	67589.75829362869
204	370.48898	640.13824	1639.3384	1.9467074	2.611471	0.0	2.611471	2.611471	200.0	200.0	2039999	626.85345	499.40884	2612.4307	-27558.096	626.8447	499.41287	2667.749	-27116.49	4.501643	4.084423	86.28874	-13.003297	-625.0533	2170.6099	67893.42049884796
205	27.694204	147.7784	1062.0543	2.7107084	9.640656	0.0	9.640656	9.640656	200.0	200.0	2049999	651.8695	515.93506	2384.5574	-27475.4	651.8633	515.8993	2412.8984	-27246.61	4.670095	4.02601	74.611244	-11.744074	-651.4033	2244.6113	68193.66709947586
206	8.735111	1.5666797	11.875577	4.547435	8.5763	0.0	8.5763	8.5763	200.0	200.0	2059999	628.31647	504.92554	1581.5156	-26967.104	628.3193	504.8753	1586.8145	-26967.621	4.4809885	3.7746098	85.5954	-13.792736	-626.5533	2225.0244	68495.26717686653
207	32.611416	144.84525	1046.4321	7.0482917	9.974738	0.0	9.974738	9.974738	200.0	200.0	2069999	600.0627	494.45377	1414.8116	-26358.473	600.06335	494.44943	1390.9226	-25845.682	4.228082	3.6337695	93.231255	-14.166759	-597.09784	2135.9165	68801.66131401062
208	996.8678	640.81274	1577.9529	7.9061337	1599.6287	0.0	1599.6287	1599.6287	200.0	200.0	2079999	584.31335	492.32953	1378.7354	-24643.578	584.3219	492.29874	1385.5985	-24145.588	4.208191	3.6750152	89.42734	-12.768427	-580.4539	2094.0137	69108.56759905815
209	1335.0675	381.09937	1609.0375	4.975864	1535.1653	0.0	1535.1653	1535.1653	200.0	200.0	2089999	578.9313	494.42865	1284.1705	-22916.928	578.9268	494.41617	1267.4758	-23008.58	4.1496525	3.641616	92.22417	-11.482816	-575.2266	2136.62	69271.38403439522
210	1384.5028	344.64133	1610.6073	4.264437	1600.3674	0.00012207031	1600.3676	1600.3676	200.0	200.0	2099999	578.92303	487.4939	1152.7931	-21724.691	578.9233	487.49405	1174.698	-21332.602	4.093214	3.6413062	78.92013	-11.692078	-575.1735	2050.9895	69409.47094941139
211	1391.6318	350.38632	1620.1719	20.350523	1320.4407	0.0	1320.4407	1320.4407	200.0	200.0	2109999	577.6041	484.74612	1218.0558	-21211.309	577.60223	484.7023	1229.3557	-20990.16	3.9873333	3.5858588	85.33062	-12.012527	-573.8658	2044.1752	69553.60456037521
212	1385.2642	323.65375	1589.9174	74.20097	247.81406	3.0517578e-05	247.81409	247.81409	200.0	200.0	2119999	576.88184	474.63818	1289.9802	-19790.07	576.8828	474.64417	1314.414	-19702.088	4.099183	3.6601086	96.7602	-12.955229	-573.20667	2074.4312	69694.64653682709
213	1452.427	318.1591	1597.9636	185.08891	1569.3269	0.00012207031	1569.3268	1569.3268	200.0	200.0	2129999	587.22	470.33218	1255.7068	-19193.574	587.2193	470.34183	1245.8453	-18841.643	4.128247	3.685736	84.656044	-12.123327	-583.707	1984.2284	69834.72619605064
214	1360.7913	380.91675	1609.1716	13.231735	1552.5459	0.0	1552.5459	1552.5459	200.0	200.0	2139999	593.2362	464.5559	1761.2549	-19038.027	593.23505	464.53287	1787.2694	-19040.34	3.959856	3.5138397	76.94653	-13.464287	-589.579	1982.7393	69978.71103549004
215	1462.3905	284.4852	1607.609	128.22159	1525.7765	0.0	1525.7765	1525.7765	200.0	200.0	2149999	596.5522	458.58514	1759.9907	-18144.54	596.555	458.5801	1740.6674	-18021.316	4.0467095	3.5749068	72.335106	-14.225042	-592.87537	1884.8092	70119.4729218483
216	1466.2456	275.69986	1608.823	150.04027	1556.7168	0.0	1556.7168	1556.7168	200.0	200.0	2159999	599.8697	453.30325	1745.1562	-16826.34	599.86914	453.29858	1659.739	-16501.521	4.1264524	3.6608772	80.03013	-12.463424	-596.3991	1899.4276	70263.64239692688
217	1423.3137	342.5017	1610.0238	245.27931	1560.7136	0.00012207031	1560.7135	1560.7135	200.0	200.0	2169999	605.4687	445.7345	1523.8629	-13915.758	605.47217	445.72318	1505.0336	-13658.644	3.9054654	3.5317612	72.42589	-13.405319	-601.8876	1810.0802	70398.9899802208
218	1416.711	320.074	1598.5153	150.40953	1556.2882	0.0	1556.2882	1556.2882	200.0	200.0	2179999	596.8903	441.0303	1493.6224	-13812.766	596.89276	441.00214	1498.0841	-14362.269	3.9026787	3.5571501	69.526535	-12.733923	-593.1167	1854.4233	70541.37477660179
219	1395.9337	383.21158	1607.7128	18.87281	1588.219	0.0	1588.219	1588.219	200.0	200.0	2189999	594.29346	440.52747	1353.0068	-13559.677	594.2911	440.47864	1355.5032	-13336.607	3.799154	3.5552654	59.97031	-14.481669	-590.6088	1748.9504	70679.2182469368
220	1387.717	329.33917	1588.1046	5.4653764	1098.1838	0.0	1098.1838	1098.1838	200.0	200.0	2199999	594.74396	445.56558	1293.411	-14206.619	594.74493	445.55835	1297.3077	-13365.227	3.893179	3.5647275	79.033516	-11.717553	-591.026	1832.3696	70823.80794548988
221	1427.8756	371.96136	1619.3462	7.398086	1529.2743	0.0	1529.2743	1529.2743	200.0	200.0	2209999	595.743	448.14645	1229.1118	-13159.903	595.73804	448.17242	1226.3423	-13336.361	3.9228826	3.6100085	77.68619	-11.930809	-592.1793	1808.3948	70969.10867738724
222	1365.1147	401.2923	1610.2689	3.413378	1598.1221	0.0	1598.1221	1598.1221	200.0	200.0	2219999	601.5217	441.00797	1112.8207	-11766.575	601.5199	441.00662	1093.0388	-11663.338	3.8590238	3.6099422	104.094025	-11.187832	-597.9175	1782.5319	71110.74524450302
223	1433.4515	300.337	1618.9253	147.05887	1568.6365	0.00012207031	1568.6364	1568.6364	200.0	200.0	2229999	602.0518	438.13892	1202.3971	-12050.886	602.05096	438.11234	1160.5116	-11512.12	3.8301754	3.6001022	73.605225	-13.198132	-598.4665	1787.0386	71253.41976428032
224	1199.2938	574.00055	1617.424	6.65878	1565.9359	0.00012207031	1565.936	1565.936	200.0	200.0	2239999	603.30054	440.9666	1212.1233	-11163.012	603.2944	440.95737	1203.9965	-11004.501	3.7798798	3.570944	79.42305	-16.250387	-599.7058	1779.4294	71393.86502552032
225	1420.5546	329.99286	1607.8528	17.544191	1557.766	0.00012207031	1557.7661	1557.7661	200.0	200.0	2249999	605.4748	438.13046	1202.0352	-11252.606	605.4723	438.15002	1158.0681	-11041.304	3.8962517	3.600628	76.883995	-15.149318	-601.9048	1857.1318	71538.53502035141
226	1449.838	286.3162	1600.9667	163.62941	1598.0608	0.00012207031	1598.0609	1598.0609	200.0	200.0	2259999	604.87866	432.4915	1252.4603	-11340.213	604.8825	432.49802	1240.8118	-10989.499	3.746859	3.522197	104.80003	-12.481892	-601.2243	1825.4106	71678.13147735596
227	1511.7924	205.53719	1608.9945	188.99178	1526.2214	0.00012207031	1526.2213	1526.2213	200.0	200.0	2269999	605.5587	434.6507	1182.5703	-11605.532	605.5541	434.6395	1135.777	-11392.191	3.813988	3.5375087	61.698563	-14.885251	-601.83264	1876.1316	71820.25667667389
228	1404.8762	363.6215	1610.7993	92.29704	1548.8146	0.0	1548.8146	1548.8146	200.0	200.0	2279999	609.0364	433.7304	1224.3818	-12908.362	609.0334	433.7342	1218.0436	-11829.284	3.7627673	3.6400788	76.30334	-13.015941	-605.3885	1801.3368	71962.9919860363
229	1397.7039	389.20944	1608.3761	6.4272804	1569.8066	0.0	1569.8066	1569.8066	200.0	200.0	2289999	611.3622	427.1077	1108.161	-11909.45	611.35913	427.12405	1137.1576	-11857.363	3.79583	3.6148067	61.303272	-12.102476	-607.8932	1798.573	72108.12515211105
230	1442.034	368.80573	1629.3417	8.17628	1628.3832	0.00012207031	1628.3833	1628.3833	200.0	200.0	2299999	617.39514	427.54968	1252.098	-12141.918	617.3987	427.559	1281.061	-12290.8	3.803714	3.6395423	63.772957	-13.908665	-613.837	1828.5905	72250.34797811508
231	1286.1965	528.6933	1631.1509	6.8176703	1609.9895	0.0	1609.9895	1609.9895	200.0	200.0	2309999	621.6156	435.17834	1213.7637	-12389.343	621.6141	435.21674	1213.8938	-11960.839	3.832952	3.6420734	76.31494	-11.710873	-618.1996	1838.7798	72391.66356253624
232	1425.6539	323.91534	1621.5082	19.223013	291.9717	0.0	291.9717	291.9717	200.0	200.0	2319999	624.4742	435.3242	1246.8752	-12260.684	624.47034	435.32336	1251.1404	-12181.871	3.8061182	3.693316	60.706326	-12.273075	-620.9183	1868.577	72534.02668881416
233	1399.6499	340.86172	1619.2876	21.108555	1575.0156	0.0	1575.0156	1575.0156	200.0	200.0	2329999	624.62103	438.78897	1221.233	-11179.925	624.61395	438.77716	1224.1151	-11423.367	3.930135	3.737587	70.7166	-12.997418	-621.1475	1782.3772	72677.36411094666
234	1422.5007	301.75443	1610.978	366.82715	1276.7107	0.00012207031	1276.7106	1276.7106	200.0	200.0	2339999	631.9409	435.46506	1121.4098	-11985.922	631.9394	435.43542	1118.8253	-11986.032	3.7905207	3.7434144	112.13907	-12.934666	-628.48016	1857.8474	72820.08567333221
235	1418.448	386.0595	1625.3876	13.076203	1470.2141	0.0	1470.2141	1470.2141	200.0	200.0	2349999	629.1303	432.0534	1110.2957	-10934.146	629.12885	432.07013	1115.9935	-11082.535	3.7944353	3.7738123	87.45758	-11.585811	-625.5353	1758.9344	72961.24805736542
236	1430.2362	356.18097	1620.1606	10.7716875	1534.2483	0.00012207031	1534.2484	1534.2484	200.0	200.0	2359999	629.5979	428.03503	1103.811	-11122.736	629.59326	428.02988	1165.805	-11553.209	3.8997154	3.7700224	117.74026	-20.61536	-626.2871	1835.9445	73099.89315009117
237	1375.9756	387.4856	1608.0189	12.365801	1360.4064	0.0	1360.4064	1360.4064	200.0	200.0	2369999	638.34985	426.00186	1382.0072	-11546.496	638.3518	425.9605	1451.3264	-11405.435	3.7612424	3.7262492	142.88121	-10.918987	-634.9269	1697.7288	73240.12796282768
238	1480.3796	267.0974	1626.356	156.25232	1587.6348	0.0	1587.6348	1587.6348	200.0	200.0	2379999	633.931	429.07172	1267.3717	-11363.691	633.9256	429.07687	1360.135	-11056.645	3.727481	3.7156243	78.01916	-14.549921	-630.45966	1668.9314	73379.90844011307
239	1368.2985	415.34833	1617.5968	26.410221	130.55385	0.0	130.55385	130.55385	200.0	200.0	2389999	636.0424	426.58975	1197.255	-11706.742	636.0394	426.57452	1180.9747	-11677.646	3.6345234	3.7240095	79.86101	-14.663692	-632.6407	1657.4877	73521.07338404655
240	1442.2415	300.51718	1621.8911	216.31393	1608.2223	0.00012207031	1608.2222	1608.2222	200.0	200.0	2399999	635.6209	434.01306	1221.638	-11880.684	635.6176	434.01395	1227.9159	-11825.976	3.720512	3.7464721	114.99024	-14.007024	-632.1604	1628.8273	73657.3781516552
241	1369.0563	459.05862	1629.6097	9.217928	1578.216	0.0	1578.216	1578.216	200.0	200.0	2409999	637.1434	440.31302	1470.3417	-12185.763	637.1427	440.30093	1405.4019	-12108.997	3.7184937	3.8865032	57.803635	-12.396355	-633.8509	1661.384	73799.1350209713
242	1376.0188	421.92026	1631.2811	36.896164	1516.2922	0.00012207031	1516.2924	1516.2924	200.0	200.0	2419999	633.788	442.35248	1512.0024	-11818.812	633.7868	442.35947	1565.2146	-11842.009	3.7268703	3.7648487	97.472595	-13.886916	-630.4062	1680.6914	73937.74598169327
243	1469.0381	293.27686	1631.0186	222.4724	1640.4485	0.00012207031	1640.4484	1640.4484	200.0	200.0	2429999	632.42285	444.68665	1423.0092	-11946.526	632.42444	444.69083	1466.2164	-12411.273	3.7072432	3.7859643	103.83746	-13.936268	-629.0698	1719.808	74076.83545088768
244	1319.0068	507.007	1629.1605	34.97087	1572.2686	0.0	1572.2686	1572.2686	200.0	200.0	2439999	636.12665	439.85825	1371.8251	-11999.2	636.1225	439.85498	1418.8308	-11862.363	3.8258708	3.8383427	92.09061	-12.76747	-632.8291	1728.1146	74213.50486540794
245	1408.9486	396.72476	1650.1741	74.209816	1391.4124	0.00012207031	1391.4125	1391.4125	200.0	200.0	2449999	645.5265	439.5863	1115.6678	-10370.2705	645.5206	439.58994	1330.1819	-10674.58	3.7510889	3.7789598	67.8123	-12.285791	-642.2287	1686.866	74350.76579618454
246	1417.5247	433.33337	1640.1036	4.5197425	1547.1835	0.0	1547.1835	1547.1835	200.0	200.0	2459999	647.3349	434.0451	1113.5068	-11154.725	647.33466	434.06372	1109.438	-11166.168	3.8514884	3.8035429	149.41498	-13.298803	-644.0926	1670.3558	74485.94464969635
247	1273.2775	511.0123	1631.5085	8.580529	1586.0022	0.0	1586.0022	1586.0022	200.0	200.0	2469999	648.8982	434.75058	1100.8179	-10458.1875	648.9018	434.74207	1107.334	-10750.973	3.7240446	3.8480322	147.83301	-13.70105	-645.687	1765.738	74627.68590188026
248	1417.5824	406.10315	1640.41	29.118788	1567.0295	0.00012207031	1567.0297	1567.0297	200.0	200.0	2479999	643.13464	451.39954	1106.3853	-11766.137	643.1292	451.41272	1101.6584	-11905.409	3.6018384	3.7836576	68.07265	-13.912763	-639.6088	1798.2347	74770.52283263206
249	1303.8772	490.34607	1629.7777	3.9547138	1632.6038	0.00012207031	1632.6039	1632.6039	200.0	200.0	2489999	634.2686	466.92743	1110.3745	-11638.979	634.2588	466.97873	1113.9127	-12353.063	3.7630916	3.8801558	157.55804	-11.618768	-630.6333	1905.246	74913.56756305695
250	1371.1724	417.92908	1621.1545	12.477746	1554.9933	0.0	1554.9933	1554.9933	200.0	200.0	2499999	629.3454	478.48816	1115.3676	-13071.068	629.33514	478.539	1110.3492	-13140.994	3.6840773	3.8619192	75.86572	-16.132198	-625.6184	1967.0472	75053.16847968102
