Epoch	AverageEpRet	StdEpRet	MaxEpRet	MinEpRet	AverageTestEpRet	StdTestEpRet	MaxTestEpRet	MinTestEpRet	EpLen	TestEpLen	TotalEnvInteracts	AverageQ1Vals	StdQ1Vals	MaxQ1Vals	MinQ1Vals	AverageQ2Vals	StdQ2Vals	MaxQ2Vals	MinQ2Vals	AverageLogPi	StdLogPi	MaxLogPi	MinLogPi	LossPi	LossQ	Time
1	305.46588	117.32441	690.1808	167.16199	828.7015	311.92532	1136.3289	348.73865	200.0	200.0	9999	40.300987	24.74967	169.17938	-0.0036993213	40.300903	24.751453	169.39279	0.008101289	-2.5757997	0.60639954	5.905115	-9.678671	-40.670246	1.4106504	1288.5909707546234
2	1014.5346	394.3203	1760.0804	333.5736	1078.7837	332.07568	1688.918	751.19324	200.0	200.0	19999	153.94908	100.77129	483.66452	-10.500825	153.95045	100.776184	477.25388	-7.506881	0.35938156	2.9346833	16.356916	-13.439697	-154.7008	13.138268	2717.057460784912
3	1282.6823	317.56244	1794.4813	539.18365	1359.8658	303.32086	1773.1548	653.88477	200.0	200.0	29999	347.8642	136.50096	583.5858	-30.487637	347.8691	136.50302	584.22675	-21.452948	2.92613	3.6824765	19.562809	-14.084302	-349.2816	30.94454	4387.208163976669
4	1193.4578	364.17047	1832.3682	586.2465	1325.5773	333.53152	1806.8809	1008.5267	200.0	200.0	39999	476.75793	129.75069	666.53845	-29.99373	476.75665	129.76158	666.597	-24.224644	2.203452	3.8864532	15.57174	-14.102789	-477.80466	39.98642	6545.843224287033
5	1309.8495	343.75726	1810.6877	644.4669	1134.3478	357.94687	1688.4305	587.9114	200.0	200.0	49999	542.87006	123.94984	731.4763	-28.591703	542.8704	123.95339	733.61304	-28.412931	1.6467824	3.7914176	16.118237	-11.781441	-543.69977	41.857605	8850.168788671494
6	1289.7837	374.11752	1818.8331	596.431	1288.6509	374.28857	1829.5754	663.89825	200.0	200.0	59999	590.6224	123.368004	768.9171	-30.046148	590.622	123.37732	767.2907	-28.068838	1.1536353	3.7266698	17.25987	-12.296736	-591.2069	42.071526	11080.750245332718
7	1331.0464	371.2245	1865.3612	631.5604	1331.3918	414.81137	1782.8927	776.401	200.0	200.0	69999	621.32745	121.92801	798.3603	-89.554214	621.3276	121.93501	800.22736	-88.2432	0.8105433	3.5487945	16.230818	-12.055528	-621.6663	42.441013	14104.171514511108
8	1411.478	355.47733	1836.1626	461.07642	1215.7019	220.44542	1510.8918	900.5729	200.0	200.0	79999	640.00415	119.12204	830.4667	-164.27486	640.0051	119.114525	832.54395	-168.87448	0.7616884	3.450433	15.884871	-12.864439	-640.23676	43.406475	17310.173399686813
9	1390.4556	311.26117	1843.7507	581.3483	1245.3181	321.79968	1679.0984	827.15356	200.0	200.0	89999	658.2143	118.38431	858.8374	-229.25832	658.2159	118.366776	860.5239	-230.93568	0.7961248	3.3916123	16.116987	-12.27227	-658.38275	47.584892	20491.973665714264
10	1478.0641	278.7524	1877.2192	602.4972	1414.7352	315.44846	1844.2246	974.938	200.0	200.0	99999	677.35156	119.21274	880.2128	-297.94662	677.3539	119.197876	879.1046	-300.8022	0.7438715	3.2884257	16.51064	-13.347281	-677.4858	48.21494	23352.004326105118
11	1401.2546	337.09494	1877.2062	552.1551	1318.9287	362.9872	1840.749	963.29175	200.0	200.0	109999	693.9243	121.69914	898.89404	-337.57852	693.9262	121.68685	902.9312	-337.77078	0.6785923	3.204057	14.905837	-12.007074	-694.0916	48.226467	25173.266665697098
12	1446.5387	292.03848	1841.1726	579.1458	1269.2858	483.47522	1844.3516	631.38916	200.0	200.0	119999	707.4835	122.12484	911.58527	-358.3341	707.48505	122.116066	911.78046	-360.40036	0.42272815	3.1143315	15.077349	-13.489117	-707.5414	46.950768	26395.78184914589
13	1451.1948	345.6165	1874.041	546.2656	1246.4359	302.42392	1849.284	894.74347	200.0	200.0	129999	715.223	121.54529	920.27625	-334.6622	715.2243	121.53522	919.66626	-335.57077	0.3588833	3.0909417	15.479946	-13.487093	-715.1478	47.52833	27498.356065511703
14	1412.1444	355.12918	1868.8546	504.84836	1257.2538	357.62064	1843.2694	684.19275	200.0	200.0	139999	723.45404	122.29671	928.7701	-319.4505	723.455	122.287796	931.92865	-328.1551	0.32310468	2.9778845	16.834295	-12.21932	-723.3753	47.907818	28697.99325466156
15	1427.682	375.13925	1852.3586	565.9739	1218.8094	338.51944	1841.5964	888.27826	200.0	200.0	149999	731.61554	124.44813	937.06885	-346.07556	731.6174	124.44063	937.39923	-347.455	0.3301337	2.9348428	17.621098	-12.815564	-731.4663	47.59018	29879.5488550663
16	1441.2262	284.18314	1860.6477	583.9512	1260.668	328.59628	1854.5049	839.56384	200.0	200.0	159999	736.0595	124.52567	937.7707	-367.31348	736.06055	124.51571	937.41406	-349.30185	0.09494835	2.927558	15.902569	-12.634923	-735.78174	48.38322	30632.181902885437
17	1444.4716	329.51428	1860.0735	538.3617	1200.5897	351.76797	1821.0597	650.28485	200.0	200.0	169999	737.0474	124.937675	936.5876	-327.74045	737.04944	124.925285	939.77454	-328.37418	-0.085577264	2.9034421	18.39244	-14.181933	-736.7177	47.823074	31163.726823091507
18	1525.5189	303.50217	1877.0658	542.3971	1213.5057	381.1134	1820.0608	641.76917	200.0	200.0	179999	739.5183	124.85583	940.56805	-315.61795	739.51965	124.84504	943.2166	-324.0278	-0.09014808	2.851257	16.247396	-11.536659	-739.17395	47.346756	31578.00759291649
19	1537.5956	294.95145	1860.0709	522.44824	1403.675	400.00595	1849.7352	644.6531	200.0	200.0	189999	744.7766	126.132034	950.3619	-318.78064	744.7775	126.12164	951.9574	-322.0831	-0.058776468	2.8771012	19.273872	-16.238937	-744.43036	47.276756	31847.624091148376
20	1496.846	277.6801	1877.2347	586.89514	1394.8801	321.0182	1813.2428	822.74176	200.0	200.0	199999	750.4655	127.686844	962.89307	-344.2574	750.46625	127.68106	956.93536	-318.07455	-0.11563272	2.8385508	17.820385	-15.011061	-750.0033	47.681393	32005.519625902176
21	1499.9052	278.36575	1856.3844	746.3087	1338.9879	373.53687	1808.4845	708.30536	200.0	200.0	209999	755.3756	129.40295	964.0162	-303.1698	755.3762	129.39551	959.4934	-299.5974	-0.17506671	2.8183715	18.481224	-12.137999	-755.0374	48.58665	32162.87802219391
22	1521.7653	307.48816	1854.8846	651.7493	1539.9392	226.55244	1823.9009	926.29205	200.0	200.0	219999	760.42053	129.52763	963.8953	-363.06525	760.42114	129.51932	965.38544	-371.60254	-0.17565826	2.7677488	18.887762	-13.020454	-760.0794	47.838734	32320.894192934036
23	1483.1455	322.766	1852.8787	616.5923	1526.8683	299.54163	1799.1066	991.75964	200.0	200.0	229999	764.8335	129.67966	967.0273	-542.69183	764.8335	129.6725	968.6064	-517.9894	-0.23743153	2.790737	19.635294	-13.214136	-764.4167	46.843525	32477.20878458023
24	1474.1462	338.88376	1840.709	621.5966	1432.6638	286.68658	1833.6205	799.58026	200.0	200.0	239999	767.975	129.5511	965.0151	-658.84955	767.9753	129.5434	965.8292	-648.6157	-0.39166662	2.7867227	21.822872	-12.32399	-767.531	46.407726	32632.831760168076
25	1469.8855	344.90854	1838.0062	584.7175	1384.6185	382.14487	1826.3479	651.28546	200.0	200.0	249999	768.9602	130.79793	966.1136	-893.86694	768.9604	130.7888	966.1063	-878.49915	-0.41253698	2.7559848	21.58576	-13.522884	-768.5024	46.392838	32791.28190255165
26	1542.2928	286.58505	1855.8318	736.0152	1262.3704	498.0367	1835.6359	605.86127	200.0	200.0	259999	771.7934	132.51059	970.46967	-1091.8772	771.79364	132.50198	972.0225	-1064.7578	-0.41765678	2.7367053	18.150116	-14.522568	-771.3283	47.016994	32949.05686068535
27	1471.7773	284.7234	1834.2091	754.4484	1550.8368	256.9751	1810.4744	1089.8198	200.0	200.0	269999	774.9311	134.11661	971.7942	-1343.8474	774.93225	134.10829	973.5142	-1283.6232	-0.37879738	2.742475	20.776943	-12.626783	-774.3834	48.460785	33107.08342432976
28	1382.3339	341.35202	1839.95	643.7371	1400.642	387.88626	1798.4596	750.8244	200.0	200.0	279999	775.43854	135.63792	975.7315	-1420.3873	775.4391	135.63298	976.31934	-1418.8748	-0.40272474	2.7632945	22.486515	-11.976269	-774.8959	48.923645	85740.02028536797
29	1499.6072	269.2216	1836.3844	787.3001	1297.7755	310.2903	1826.3353	822.77094	200.0	200.0	289999	776.53754	135.88478	971.9929	-1456.7306	776.5378	135.87769	971.623	-1488.3486	-0.3878475	2.7494957	23.512583	-11.441179	-776.0129	49.43046	86218.86376237869
30	1578.3265	190.41069	1840.3135	1161.8235	1546.0648	306.97263	1815.5834	786.81323	200.0	200.0	299999	777.3943	134.79744	966.5639	-1538.8121	777.39545	134.7878	977.5462	-1504.6322	-0.36795214	2.6883187	19.366552	-11.974485	-776.7991	50.34046	86696.32686781883
31	1512.1908	312.90036	1841.8967	680.0019	1337.4949	418.29755	1754.7924	752.7002	200.0	200.0	309999	778.09863	134.86319	967.43896	-1545.5482	778.1	134.85573	973.6579	-1567.0466	-0.3241066	2.7190819	20.824673	-13.5533085	-777.4591	51.13075	87174.09808540344
32	1443.6512	345.79633	1829.5366	651.4701	1483.7263	359.20615	1797.8281	865.3829	200.0	200.0	319999	778.5364	135.11284	969.99347	-1492.8483	778.53754	135.10274	968.5046	-1500.4276	-0.2593626	2.7749257	21.303545	-12.717509	-777.94165	50.303486	87669.63574457169
33	1511.2692	320.8278	1855.5887	696.96893	1277.287	349.42627	1825.3043	858.5683	200.0	200.0	329999	779.3999	135.35321	970.74786	-1321.9209	779.40063	135.34088	973.35675	-1321.2758	-0.18853651	2.7641196	19.960476	-13.555408	-778.8219	51.35497	88153.04071569443
34	1556.03	259.72958	1849.5636	706.3445	1420.803	350.39767	1732.3793	778.53217	200.0	200.0	339999	780.3605	135.69572	977.88556	-1148.9996	780.3615	135.68448	978.29407	-1111.1442	-0.11486737	2.7330804	19.528357	-12.777293	-779.7211	51.423744	88574.64109563828
35	1486.869	329.0091	1837.9224	649.245	1389.3529	360.47464	1773.0468	651.8	200.0	200.0	349999	781.6221	136.83331	986.41876	-1090.9241	781.6231	136.82582	985.8898	-1082.1315	-0.061707646	2.7271307	19.64273	-11.787946	-781.0018	52.67127	88987.81404614449
36	1456.379	293.99088	1836.0122	729.20264	1504.6702	360.8725	1795.9288	670.39716	200.0	200.0	359999	784.96716	135.50066	987.3225	-984.4317	784.9683	135.4882	985.5505	-1029.025	-0.09668879	2.726116	23.417315	-13.441417	-784.37866	52.89414	89391.43873620033
37	1424.41	357.4355	1850.2338	634.8401	1234.5994	333.73566	1722.7153	797.1331	200.0	200.0	369999	784.61224	133.91896	982.42676	-801.4521	784.6136	133.90479	982.8791	-775.24774	-0.109224506	2.71144	20.268667	-13.586084	-783.9592	52.012405	89809.72058010101
38	1579.2028	227.9545	1846.4479	977.09235	1373.031	355.83612	1796.8917	735.49554	200.0	200.0	379999	784.4066	133.15842	976.32263	-614.8746	784.4071	133.14244	976.4806	-611.28424	-0.16651891	2.6718142	23.402504	-12.791405	-783.727	52.367393	90225.83050823212
39	1546.8481	333.87585	1857.0542	565.24536	1415.3923	410.36823	1801.1847	720.50696	200.0	200.0	389999	783.69385	134.6917	973.73773	-669.3824	783.69525	134.66483	974.67926	-600.4311	-0.22159077	2.691648	25.0448	-14.386232	-782.9769	52.580532	90644.57147312164
40	1511.1703	313.1735	1846.8586	632.3354	1158.6682	447.86078	1755.8254	698.1399	200.0	200.0	399999	784.4275	136.25177	973.42175	-569.0391	784.4277	136.2293	978.1677	-551.2422	-0.23157485	2.6992702	19.057667	-11.74832	-783.6568	53.769287	91054.77576422691
41	1562.5598	298.25107	1849.2736	745.1436	1373.1738	392.98184	1795.6787	800.21533	200.0	200.0	409999	784.33563	138.08463	976.5576	-467.62714	784.3359	138.06479	977.6418	-461.88638	-0.24263233	2.653756	19.901703	-13.2505665	-783.624	53.079624	91450.83029174805
42	1577.6775	232.76097	1841.0837	787.63293	1138.4923	300.2128	1667.2557	745.5673	200.0	200.0	419999	784.5981	137.95699	976.3837	-481.08832	784.59894	137.93555	976.6886	-463.95767	-0.2895973	2.598809	18.944788	-15.828921	-783.8382	52.491905	91873.18410730362
43	1559.5491	319.1561	1860.0154	532.5349	1469.5007	304.4681	1827.406	840.64233	200.0	200.0	429999	785.96313	138.883	978.45026	-570.8011	785.9637	138.86511	977.609	-629.8084	-0.21878336	2.6041756	22.156834	-13.152443	-785.21	53.53138	92195.98661231995
44	1590.3486	250.73978	1853.2179	599.9643	1038.9893	393.82248	1769.0509	659.6798	200.0	200.0	439999	788.91736	139.67894	979.11896	-769.4637	788.9172	139.65413	977.7892	-771.82275	-0.19042784	2.6081746	19.753452	-13.9407425	-788.1767	54.697426	92337.26149725914
45	1501.3441	343.84174	1849.7987	596.83563	1519.996	321.6745	1775.9149	775.30365	200.0	200.0	449999	790.03143	141.36432	975.816	-803.97797	790.0319	141.33331	977.06287	-865.28076	-0.2272045	2.5879774	22.495829	-13.1858225	-789.19604	55.06021	92479.33610773087
46	1457.1328	338.58987	1864.9745	578.6895	1092.9607	353.49884	1786.6007	695.6392	200.0	200.0	459999	788.9636	144.44144	977.75934	-822.52545	788.96564	144.40453	974.39514	-857.3305	-0.26516274	2.5395167	21.263308	-12.942694	-788.1106	56.845306	92622.96832442284
47	1625.9692	231.99326	1865.9463	999.8324	1528.1371	308.85696	1854.7292	1084.8638	200.0	200.0	469999	788.9839	145.76706	974.0839	-784.02673	788.9852	145.73534	982.99457	-887.19696	-0.2746853	2.5458272	24.448666	-12.49926	-788.156	56.000088	92763.51983189583
48	1597.4269	265.7806	1849.1284	618.698	1311.0837	345.46564	1831.4034	784.3055	200.0	200.0	479999	789.9377	146.88379	974.9421	-706.4202	789.93854	146.851	977.2152	-801.82	-0.29880172	2.551274	25.732727	-13.114159	-789.1169	56.354576	92906.03825235367
49	1543.9213	346.0319	1852.8584	604.81384	1317.025	316.9439	1812.2625	670.1315	200.0	200.0	489999	790.2068	150.138	977.87427	-714.706	790.20764	150.11642	980.4093	-726.0302	-0.29117432	2.5796187	22.713894	-12.768027	-789.3502	57.261894	93049.81944704056
50	1486.9332	312.49924	1839.4102	617.7297	1441.3127	303.02344	1852.1396	696.59296	200.0	200.0	499999	790.0332	152.4024	982.64087	-747.79376	790.0346	152.37529	985.05927	-812.0723	-0.3166821	2.5381076	21.892414	-12.342847	-789.2007	56.762386	93193.83935642242
51	1559.3298	271.08792	1850.3835	850.22156	1267.1136	431.1067	1796.8494	712.9162	200.0	200.0	509999	790.7167	154.26294	989.6262	-1004.522	790.7171	154.23895	991.84924	-1114.2095	-0.31578243	2.522955	19.26342	-13.039957	-789.8551	57.08772	93337.40885472298
52	1572.7306	213.98093	1856.0826	1054.7496	1181.225	410.08493	1792.738	726.2632	200.0	200.0	519999	793.0139	155.44815	995.4353	-978.1259	793.0153	155.43228	998.9696	-1073.118	-0.278796	2.5361261	17.249498	-12.449249	-792.1389	58.17152	93478.72777056694
53	1609.0636	218.9967	1865.6268	1046.8927	1169.6246	279.9206	1491.4454	586.0854	200.0	200.0	529999	795.4837	155.21655	998.31464	-897.16077	795.48425	155.19455	1006.9429	-1009.44653	-0.25429264	2.558098	19.940596	-16.007454	-794.6314	57.704613	93618.4720287323
54	1586.2797	221.39375	1861.001	964.3391	1241.0459	307.3972	1632.046	672.8414	200.0	200.0	539999	797.9056	154.76247	1001.29504	-925.5727	797.9077	154.7352	1001.74945	-1048.117	-0.2467034	2.573027	22.282413	-14.929697	-797.02515	57.521027	93760.13197994232
55	1512.4999	271.09283	1863.8296	976.4109	1443.3539	360.5817	1837.3735	730.91833	200.0	200.0	549999	800.72723	153.73294	994.09235	-1072.2032	800.72766	153.71172	1010.27765	-1152.8765	-0.22467202	2.572349	20.49065	-12.271118	-799.8903	56.877636	93902.41097402573
56	1566.0988	227.32579	1843.2241	843.7944	1116.0247	302.97888	1552.6036	760.33295	200.0	200.0	559999	801.96436	153.91528	993.4546	-1111.8684	801.96436	153.89088	996.5419	-1195.046	-0.2954132	2.520803	25.296867	-12.392838	-801.0549	55.509323	94046.14371585846
57	1609.5775	215.5501	1866.7046	932.2535	1210.861	415.2225	1876.4403	658.70557	200.0	200.0	569999	803.29285	154.56915	995.2973	-1267.3644	803.29395	154.54633	996.8908	-1299.1847	-0.33890286	2.4899342	26.713339	-12.266004	-802.3778	56.25229	94188.05254602432
58	1567.4056	204.63928	1855.5371	1134.9481	1502.2491	322.136	1856.1992	1016.44696	200.0	200.0	579999	804.0017	153.93846	993.5049	-1305.919	804.0022	153.91673	1000.5825	-1373.2638	-0.3800835	2.4860044	25.13357	-13.27946	-803.0721	54.688774	94331.67687797546
59	1567.227	225.22209	1854.7612	1011.33716	1248.3141	379.17822	1636.2786	604.9627	200.0	200.0	589999	803.03375	153.17088	994.06177	-1307.7981	803.0343	153.15114	996.55707	-1351.9847	-0.4135345	2.4777231	21.37636	-13.892747	-802.11395	54.67311	94471.66545557976
60	1556.6752	251.91855	1859.61	920.54175	1158.7878	399.2145	1758.3914	585.8167	200.0	200.0	599999	803.3122	151.56155	989.85925	-1263.3038	803.3128	151.53894	992.14404	-1298.0225	-0.42759067	2.4815698	28.672602	-11.82926	-802.4022	55.1494	94619.59327983856
61	1531.8425	223.77989	1855.135	1009.8223	1025.6593	248.30246	1666.3994	779.81586	200.0	200.0	609999	804.97455	149.8735	990.5148	-1206.2465	804.97485	149.84769	994.0754	-1242.2194	-0.42555156	2.502146	26.173851	-11.4557705	-804.1042	55.47075	94763.58179283142
62	1554.4325	270.44278	1860.7928	759.18274	1213.2327	424.63132	1789.0188	732.76697	200.0	200.0	619999	807.6628	148.67339	1000.04205	-824.2252	807.6633	148.64151	1000.6599	-844.69794	-0.4175962	2.4963295	22.587032	-12.790094	-806.8414	55.633408	94912.27729153633
63	1595.7947	228.66835	1849.0685	1010.542	1037.6467	400.26495	1664.8878	668.16986	200.0	200.0	629999	810.61487	146.70795	1009.27594	-736.2083	810.61536	146.68605	1010.3424	-791.0229	-0.40854117	2.4886463	21.025118	-12.379448	-809.764	57.33548	95058.52884364128
64	1636.6667	232.68607	1857.341	891.988	1159.8181	340.38354	1767.4363	777.9762	200.0	200.0	639999	813.5475	144.11229	1011.91876	-715.65533	813.547	144.08798	1016.82416	-837.5707	-0.38931903	2.4548438	28.901123	-12.773284	-812.7273	57.1713	95200.83673548698
65	1635.3616	204.93182	1853.7809	806.3077	1235.3337	411.78552	1748.8823	744.42896	200.0	200.0	649999	816.2414	142.79518	1013.51324	-892.0524	816.24274	142.76526	1018.5057	-880.0687	-0.40834096	2.4377248	24.66512	-13.317814	-815.38745	57.61711	95349.9034409523
66	1625.9454	203.36215	1855.2826	1104.4672	1128.0822	400.88873	1689.9053	679.9467	200.0	200.0	659999	819.4353	141.3277	1023.6097	-1035.8274	819.435	141.30298	1025.8862	-1030.6377	-0.41727734	2.4347875	20.558231	-12.279485	-818.6927	57.245773	95495.23415613174
67	1591.9114	284.93555	1856.781	687.7264	1016.1371	306.9944	1500.793	572.9652	200.0	200.0	669999	823.0619	140.32411	1025.6765	-1345.8304	823.0622	140.30032	1029.5597	-1348.7223	-0.40988293	2.4358146	20.524742	-13.112951	-822.2389	57.7247	95636.44450235367
68	1611.7683	240.33913	1849.6583	781.76935	1459.0665	327.86603	1734.8474	763.9435	200.0	200.0	679999	825.528	139.23653	1030.5409	-1915.7186	825.5271	139.21956	1035.0082	-1945.0543	-0.39170828	2.3881557	23.677086	-13.392117	-824.69147	57.554127	95785.2846634388
69	1631.6938	267.58063	1859.6132	407.74487	1393.0664	421.47382	1843.3154	803.28174	200.0	200.0	689999	828.0106	139.11804	1034.7394	-2070.1414	828.01074	139.08934	1037.9711	-2117.4219	-0.39608395	2.424401	29.367039	-12.454886	-827.20514	58.77807	95932.78575754166
70	1658.6674	216.215	1853.6769	709.2876	1072.0475	367.2781	1768.9314	687.0252	200.0	200.0	699999	829.96893	139.67973	1035.4496	-2668.665	829.97	139.6501	1040.0713	-2540.2217	-0.34806022	2.4486234	23.702707	-14.237637	-829.1677	59.57734	96077.31974172592
71	1653.963	174.77103	1854.7518	1015.8246	1015.4451	337.1014	1815.1954	798.7992	200.0	200.0	709999	831.7829	140.4324	1040.2386	-3233.2334	831.7829	140.41356	1043.3231	-3285.4429	-0.34224328	2.4671197	24.41735	-13.124286	-830.9616	60.947014	96222.8332426548
72	1642.9886	263.8764	1849.0247	534.00287	1218.743	374.08722	1876.4017	758.6236	200.0	200.0	719999	832.79047	142.50603	1039.1049	-3786.7922	832.7906	142.4776	1044.5002	-3811.1528	-0.32969818	2.4629881	26.25481	-15.139978	-831.92004	62.917324	96367.63703656197
73	1667.5333	191.2099	1851.1016	782.5961	1394.3549	275.1874	1865.279	1077.7621	200.0	200.0	729999	834.5031	141.78311	1041.0885	-4316.247	834.50574	141.72363	1040.9233	-4177.48	-0.27484158	2.5177274	31.983635	-12.649272	-833.6423	67.421844	96511.82511544228
74	1590.9253	264.88202	1854.9357	797.2519	1252.7759	503.49002	1850.3352	551.34094	200.0	200.0	739999	836.0522	141.07408	1037.6316	-4525.6504	836.0539	141.02252	1039.0555	-4508.268	-0.30257893	2.4676368	25.722706	-12.496404	-835.1911	68.83758	96656.65583872795
75	1640.8342	191.8522	1852.1896	966.60974	1285.994	440.46158	1846.5271	687.0339	200.0	200.0	749999	837.86646	138.30376	1042.5922	-4362.2593	837.8682	138.24371	1042.3406	-4459.793	-0.30715021	2.5091867	31.640808	-14.462863	-836.97925	69.241486	96802.80558395386
76	1608.0732	208.92056	1862.4448	991.4346	1337.7861	269.27185	1738.6609	1080.0035	200.0	200.0	759999	837.7342	135.75232	1039.0258	-4231.888	837.7343	135.72821	1038.3395	-4387.5947	-0.28559366	2.5447166	31.934523	-13.447687	-836.8563	66.73919	96948.33475470543
77	1630.2015	193.0332	1853.4648	1083.4734	1220.2406	399.04398	1725.0746	789.55066	200.0	200.0	769999	836.7873	130.75708	1041.5713	-3524.4895	836.7869	130.74718	1041.9622	-3585.3774	-0.31709155	2.4887328	26.953348	-12.706772	-835.9299	63.609844	97095.05032539368
78	1507.5966	341.3814	1860.2174	382.22726	994.0874	330.69543	1697.833	741.7486	200.0	200.0	779999	832.40485	138.20024	4302.3975	-7018.701	832.40497	139.01204	13017.642	-5854.067	0.028337087	2.8322628	368.68817	-16.220547	-830.9403	577.4656	97236.60756731033
79	1570.1581	272.3387	1850.9846	582.93665	1225.3547	510.68616	1834.978	512.20087	200.0	200.0	789999	821.129	138.1159	1605.0841	-4837.9365	821.1348	137.93248	1971.0873	-4679.1763	-0.14324404	2.9221878	207.74667	-12.288882	-819.93713	152.40857	97380.73044538498
80	1564.1892	252.22662	1855.2986	980.20526	1380.4307	399.91232	1826.7832	762.1352	200.0	200.0	799999	819.3618	138.24893	1021.47003	-4772.195	819.37006	138.16222	1023.3263	-5336.566	-0.19195229	2.907845	240.14928	-14.916087	-818.2993	116.18254	97522.08193588257
81	1618.6464	239.99677	1860.8638	683.5714	983.5913	396.17493	1723.7102	473.38174	200.0	200.0	809999	819.44196	138.28368	1024.4751	-4752.1533	819.44385	138.22078	1031.5051	-4830.477	-0.24594581	2.965119	239.10333	-11.485743	-818.4035	115.22177	97666.70517587662
82	1610.1505	233.44614	1859.5479	740.41394	1280.9144	549.9997	1876.0311	516.52716	200.0	200.0	819999	822.0473	136.60664	1020.54755	-3786.845	822.0545	136.49321	1033.2075	-4032.405	-0.25081626	2.9340508	254.86305	-14.356372	-821.104	113.17855	97808.83452653885
83	1582.7701	198.43138	1854.3706	1177.8887	1194.7625	423.7459	1761.234	566.6856	200.0	200.0	829999	822.8065	135.10054	1026.0779	-3647.1782	822.8115	134.9689	1030.3555	-3645.0754	-0.18163396	3.1367595	315.59906	-13.766306	-821.8277	118.3577	97948.53868365288
84	1605.5718	230.42923	1850.8564	759.516	767.6602	449.85397	1854.7109	449.58746	200.0	200.0	839999	821.7339	131.77922	1032.7341	-4037.0552	821.73737	131.7217	1024.3649	-4251.7485	-0.19905001	2.931405	260.60147	-12.347145	-820.7366	106.177475	98090.23758816719
85	1665.4464	176.50089	1857.9327	1231.096	1057.3702	439.9981	1822.7152	426.69205	200.0	200.0	849999	822.70667	129.29468	1349.2242	-4013.0383	822.7094	129.18382	1340.4901	-3625.4414	-0.1372966	2.9506536	252.33704	-12.838293	-821.82587	113.63745	98232.60516047478
86	1646.611	169.92064	1855.6947	1106.9095	1129.0842	410.87015	1738.2445	624.7071	200.0	200.0	859999	826.3589	127.86652	1738.4791	-3749.9124	826.3583	127.8172	1643.9185	-3566.0947	-0.21670365	2.7773378	255.6983	-15.38684	-825.5388	93.28667	98375.20362830162
87	1663.522	197.93471	1859.5425	1030.5367	1568.2821	380.42603	1879.0348	812.6484	200.0	200.0	869999	830.1253	126.874756	1717.703	-4146.7275	830.1254	126.84603	1697.8591	-4074.4365	-0.22494796	2.8122647	209.00972	-12.241149	-829.3518	84.05715	98517.43082284927
88	1677.3523	150.45155	1847.8967	1324.1665	1095.0862	439.13248	1852.8583	534.84467	200.0	200.0	879999	833.2014	126.25917	1583.1876	-5135.9165	833.2038	126.20622	1446.119	-4996.958	-0.22850114	2.8654387	252.5713	-13.122929	-832.3933	93.36822	98659.72019290924
89	1676.67	163.51819	1858.6365	1126.7919	1219.0674	448.94553	1765.951	664.66315	200.0	200.0	889999	836.81976	130.30319	1531.7557	-5334.5923	836.81726	130.26222	1468.7343	-5641.007	-0.2115976	2.916209	239.68332	-13.379158	-835.972	103.31534	98804.10671401024
90	1591.1361	270.43857	1857.1394	859.2522	1034.8767	398.06577	1678.4312	535.2276	200.0	200.0	899999	838.17755	126.80149	1494.3348	-5211.8965	838.1743	126.756424	1484.7572	-5127.034	-0.2061346	2.9168718	242.49759	-19.639061	-837.2876	124.82946	98946.32322764397
91	1619.3363	277.88815	1858.8997	638.2734	1372.4225	319.28674	1795.0048	829.5043	200.0	200.0	909999	839.227	126.51353	1361.5664	-5317.8477	839.22314	126.61594	1313.86	-5241.6064	-0.19713573	2.997787	246.58345	-15.569646	-838.3297	114.87946	99093.71865272522
92	1619.5664	269.8784	1858.5463	613.1422	1264.4167	370.4593	1821.5482	764.02423	200.0	200.0	919999	839.9628	125.90611	1063.3489	-4404.008	839.96454	125.8334	1047.5245	-4268.2837	-0.082621455	3.034562	208.39185	-12.150289	-839.227	98.726654	99242.48057103157
93	1655.9812	192.59174	1858.3625	1214.0522	1365.78	457.7865	1734.2722	694.01373	200.0	200.0	929999	841.3029	126.1327	1075.1257	-5333.455	841.3077	125.930046	1138.3093	-5234.411	-0.033275742	3.1525748	260.57974	-12.815157	-840.4358	144.38623	99384.11893057823
94	1663.3236	187.46678	1849.1807	903.8801	1066.905	466.66043	1838.8923	464.97415	200.0	200.0	939999	841.2778	127.29417	1150.8254	-7718.248	841.2822	127.08686	1119.9762	-6474.902	-0.038316637	3.1633394	276.20276	-14.781349	-840.3918	153.90044	99529.62217736244
95	1571.3717	207.74147	1843.0087	1037.7234	1347.6455	385.3983	1786.1078	745.42773	200.0	200.0	949999	841.67017	124.37285	1048.599	-6324.6616	841.6694	124.34437	1021.99475	-7077.8438	-0.12878463	2.9143538	260.9391	-12.279902	-840.8025	139.99449	99672.86427521706
96	1541.2644	253.33257	1864.8699	964.21466	1209.2102	413.9529	1813.2789	605.0595	200.0	200.0	959999	841.73987	121.883865	1027.5707	-5503.4893	841.7428	121.73905	1016.4223	-6006.434	-0.055356655	3.1130037	277.1067	-13.676558	-840.9709	107.86192	99813.61107134819
97	1569.1407	270.50916	1848.885	865.32996	1108.9646	322.1795	1684.4541	802.5875	200.0	200.0	969999	841.66296	119.36741	1058.5455	-5360.09	841.66315	119.34487	1017.89966	-6585.112	-0.14412603	3.105313	366.62772	-13.776924	-840.89	91.11171	99956.91680836678
98	1551.5746	261.533	1855.9008	841.0611	1189.9187	305.83646	1701.0452	953.15027	200.0	200.0	979999	843.10895	118.70108	1021.22656	-6658.785	843.1131	118.498	1019.531	-6632.9165	-0.08209124	2.9621913	266.0531	-12.780563	-842.3635	92.336395	100099.42163205147
99	1562.4436	265.84695	1858.1686	760.94226	1260.2809	595.4598	1847.4142	375.06052	200.0	200.0	989999	844.1626	116.905914	1026.9197	-6420.6895	844.1647	116.77047	1014.62476	-6007.418	-0.011634896	3.1651394	330.77866	-13.806013	-843.4025	108.40087	100242.1936480999
100	1620.9772	241.64879	1860.4838	854.7994	1444.3733	450.28967	1835.5724	674.9494	200.0	200.0	999999	843.1824	117.38504	1196.785	-7150.9136	843.1853	117.18482	1029.9045	-7264.4346	-0.10932523	3.2143397	280.9584	-14.26726	-842.3136	117.68509	100384.43048858643
101	1528.287	327.67484	1853.9663	627.42163	989.87335	336.04788	1399.6793	550.6367	200.0	200.0	1009999	841.675	116.6598	1036.5995	-8666.3955	841.66534	117.522446	1002.04724	-9602.534	-0.0131277945	3.104741	315.64682	-13.392169	-840.4845	354.43378	100526.11032366753
102	1533.1239	325.33817	1866.7416	678.12994	1469.1674	296.34067	1834.7847	1018.3538	200.0	200.0	1019999	837.6772	116.7681	998.7159	-6308.012	837.67773	116.6324	998.1963	-5466.377	-0.25810897	3.0407465	321.1341	-12.180486	-836.7976	84.14489	100668.35949611664
103	1628.7773	207.99126	1856.7373	999.7627	1306.741	474.51508	1806.9581	670.4408	200.0	200.0	1029999	841.7289	115.83427	1008.9924	-8239.849	841.7352	115.67907	996.1863	-8418.228	-0.28870952	2.9525042	304.573	-13.845428	-840.822	148.79477	100809.28605008125
104	1636.5657	259.2501	1855.2577	497.30728	953.2792	429.34604	1661.7296	373.48093	200.0	200.0	1039999	843.8365	116.02845	1009.9624	-6643.864	843.83154	116.446594	998.28406	-8570.653	-0.33041313	3.0376256	338.47522	-14.222682	-842.8802	137.75314	100951.82971787453
105	1534.4106	331.76663	1836.1783	281.1017	719.98596	358.94678	1618.0667	353.43054	200.0	200.0	1049999	844.37915	118.01834	1007.86957	-6671.9478	844.3729	118.38789	991.39496	-8058.6978	-0.39613697	2.7831724	270.51392	-14.457315	-843.404	147.24718	101096.15732860565
106	1608.1722	218.44461	1846.2311	825.7013	1183.2769	425.2472	1833.3672	682.04535	200.0	200.0	1059999	845.78296	117.68208	992.7407	-6859.0117	845.7791	117.89252	1013.75775	-7504.8267	-0.45663092	3.0280879	353.38834	-12.588252	-844.9597	70.90739	101240.53733706474
107	1594.7551	237.68617	1851.7814	779.32056	1438.7634	238.86523	1819.0072	958.7795	200.0	200.0	1069999	848.0456	124.598434	1011.1106	-8872.773	848.04333	124.72518	990.2206	-8856.994	-0.42348886	3.0046563	342.03152	-15.21088	-847.1274	105.808975	101385.75264835358
108	1618.2465	258.27023	1841.2666	332.0793	1249.5503	375.29163	1783.7423	696.6631	200.0	200.0	1079999	850.43195	123.729744	1009.06287	-9283.249	850.4301	123.92036	1001.73474	-10105.547	-0.44768074	2.9065926	297.46167	-15.488905	-849.46	186.40417	101527.35930943489
109	1609.4945	253.68076	1846.4081	680.1555	1216.8282	359.36496	1771.6084	704.9366	200.0	200.0	1089999	849.0899	119.4558	986.51526	-8837.418	849.09064	119.33928	988.50946	-9459.583	-0.39080286	2.9199092	306.96677	-16.530064	-848.1613	115.01555	101670.02516818047
110	1638.8258	263.87613	1849.6338	258.0596	1245.9935	321.91782	1783.6299	709.512	200.0	200.0	1099999	852.46906	114.98812	991.28235	-7224.376	852.47174	114.831985	994.4303	-7274.488	-0.4905825	2.6904292	224.56975	-12.907222	-851.6574	93.413994	101816.06131052971
111	1703.5162	135.9476	1860.3708	1198.0804	1248.4788	464.81522	1820.3434	709.259	200.0	200.0	1109999	856.0103	115.881874	1003.01196	-7321.784	856.0127	115.82663	992.9325	-6957.203	-0.5497909	2.8071105	332.31165	-12.466059	-855.2638	66.3197	101958.15344309807
112	1693.9548	125.64379	1860.2588	1242.9854	1126.3812	380.19852	1775.5818	639.4807	200.0	200.0	1119999	860.1773	120.10006	1011.06433	-7367.232	860.17645	120.10425	1000.46075	-6858.4795	-0.5113737	2.7993946	300.8551	-13.328661	-859.3983	88.59171	102103.63037443161
113	1690.7495	190.07837	1859.7509	715.2347	1431.6034	395.82208	1840.7648	844.5185	200.0	200.0	1129999	864.51746	110.09028	1022.05334	-7612.366	864.51935	110.05047	1005.50934	-7539.76	-0.5185419	2.671762	210.86452	-12.339489	-863.7929	74.69245	102246.89371657372
114	1632.5585	205.33437	1858.7122	1034.2539	1129.9388	505.2982	1865.1763	584.9824	200.0	200.0	1139999	866.57715	113.358665	1010.1892	-7535.1973	866.57806	113.319084	1017.21436	-7273.3774	-0.5469914	2.6536868	250.59862	-13.369698	-865.8532	61.69635	102393.02488422394
115	1646.8784	180.13112	1867.0564	1200.7583	1139.7148	322.99734	1519.6661	606.95654	200.0	200.0	1149999	868.8595	112.064545	1038.096	-9859.441	868.8587	112.09879	1010.042	-9353.545	-0.5012322	2.4605186	201.54552	-14.2149725	-868.073	79.163506	102540.21786141396
116	1673.3053	180.34192	1874.6304	1039.159	1253.1199	492.6905	1844.3345	630.97473	200.0	200.0	1159999	869.4966	115.98985	1026.3615	-8435.131	869.49817	116.00134	1023.8726	-8403.44	-0.5157053	2.7769346	299.02948	-13.765571	-868.7403	61.38705	102683.51104187965
117	1693.1249	147.57657	1870.1637	1227.9012	1140.3649	410.20068	1794.8944	613.6429	200.0	200.0	1169999	869.7821	114.894684	1009.90845	-7325.5215	869.7839	114.78985	1007.7326	-7312.269	-0.5283759	2.7722282	280.71887	-12.16606	-869.0978	52.15892	102831.41759967804
118	1658.607	190.18654	1851.2682	1137.8712	1206.4519	436.2215	1805.3052	654.32556	200.0	200.0	1179999	870.0619	110.260445	1019.19257	-7949.1562	870.0617	110.3158	1028.1722	-7890.6646	-0.53443885	2.5338576	217.91623	-13.932245	-869.3375	73.758255	102977.81750106812
119	1701.8911	150.86218	1860.6077	1279.3778	1391.7687	439.00815	1850.7488	593.6617	200.0	200.0	1189999	871.71857	105.234245	1015.27014	-7009.9507	871.7209	105.18112	1018.0905	-6982.224	-0.5360264	2.5227787	195.89336	-14.224146	-871.0479	49.57278	103125.34254813194
120	1685.1066	164.13977	1854.6475	1002.6994	1257.091	455.68155	1812.6263	695.91003	200.0	200.0	1199999	873.1686	100.129105	1012.2509	-5755.7666	873.171	100.077805	1011.31433	-5784.943	-0.5443549	2.6847134	258.34402	-12.5147505	-872.5532	48.66081	103271.52930688858
121	1711.6305	155.8861	1863.5803	1197.2657	1532.9594	314.22705	1786.8463	925.7133	200.0	200.0	1209999	874.2089	97.37212	1017.38354	-5430.619	874.21497	97.25331	1011.1136	-5402.517	-0.55267704	2.7751122	260.91617	-13.090581	-873.542	85.97962	103417.97235941887
122	1658.6824	206.45572	1869.823	981.91754	1603.5568	333.83432	1855.348	738.40045	200.0	200.0	1219999	875.19666	93.92227	1012.58234	-4309.9155	875.2016	93.82089	1006.76843	-4446.544	-0.5899878	2.7497058	284.97253	-12.236889	-874.5596	47.127594	103564.41441297531
123	1667.825	184.9641	1856.4844	1183.0991	1437.862	370.5244	1770.6068	732.00616	200.0	200.0	1229999	876.5572	92.0284	1025.2698	-4347.2095	876.5576	92.05544	1008.14	-4279.607	-0.6097764	2.5887628	217.70372	-13.3594265	-875.9393	51.107	103712.04153108597
124	1711.7958	135.39632	1863.3201	1316.4733	1319.9895	387.5806	1762.014	729.7112	200.0	200.0	1239999	877.5353	90.27383	1006.67	-4126.081	877.5377	90.21305	1003.3816	-4226.1865	-0.6112902	2.703224	257.95538	-13.684926	-876.9582	51.77643	103858.96607851982
125	1692.0029	182.23886	1865.4377	1092.6536	1375.3522	417.1149	1842.1494	718.43884	200.0	200.0	1249999	877.91174	91.42279	1006.79425	-4011.8674	877.91534	91.36523	1005.84827	-3984.922	-0.59144604	2.7152467	250.24101	-12.73766	-877.292	50.15975	104005.2713830471
126	1687.8938	202.64351	1872.4371	954.8244	1385.0924	436.3353	1833.0193	647.10065	200.0	200.0	1259999	878.8513	89.77595	1007.7167	-4028.2864	878.85156	89.77578	1006.65436	-4133.0107	-0.588572	2.6384103	255.5377	-12.91857	-878.2562	40.409813	104154.26004433632
127	1699.3936	175.3117	1869.9983	1146.061	1413.2848	344.10803	1798.5895	945.9544	200.0	200.0	1269999	878.26373	92.58599	1022.5624	-4512.023	878.26666	92.52564	1001.7405	-4401.499	-0.58380085	2.5531604	218.96785	-12.137519	-877.604	45.756203	104301.08846664429
128	1737.6488	149.68936	1859.2931	956.3361	1267.0166	409.5838	1815.3107	724.71136	200.0	200.0	1279999	879.1187	93.23966	1028.9023	-4351.787	879.12555	93.07089	1009.2679	-3995.06	-0.5715554	2.8008614	320.2111	-12.57255	-878.4804	66.912315	104450.5138323307
129	1727.155	124.1799	1872.6562	1175.9801	1028.6187	416.52005	1676.9127	639.5839	200.0	200.0	1289999	879.9527	92.30223	1007.50684	-3878.4507	879.9527	92.310036	1006.24225	-4242.221	-0.5585553	2.773743	280.09314	-12.383267	-879.2861	45.685604	104596.96553373337
130	1677.586	235.9778	1869.7047	890.15106	1577.3124	311.11304	1808.9723	676.26654	200.0	200.0	1299999	880.8256	94.012825	1011.2857	-5264.7593	880.8259	94.079704	1000.2578	-5368.312	-0.5025342	2.5428803	265.9384	-13.333719	-880.1702	48.226517	104738.34829735756
131	1676.9747	239.42625	1866.2346	769.9068	1132.5608	360.6765	1749.7826	742.61664	200.0	200.0	1309999	881.98145	93.604256	1003.50446	-5024.5513	881.9819	93.62868	1005.1132	-5291.146	-0.467168	2.5917804	220.48535	-12.565167	-881.3464	46.848267	104879.93296313286
132	1686.0537	207.89098	1871.6095	884.3725	1224.6019	486.5312	1831.767	493.63824	200.0	200.0	1319999	882.59546	94.576965	1016.67303	-4965.539	882.59845	94.551445	1015.25323	-5078.0376	-0.4446992	2.6587982	213.8258	-13.632695	-881.8512	50.202843	105022.70942425728
133	1698.2317	229.64821	1867.2347	737.47565	1177.1503	396.32132	1831.5757	668.4813	200.0	200.0	1329999	883.01013	94.73882	1026.3777	-4958.4346	883.01294	94.67939	1026.4769	-4861.413	-0.48948905	2.5175455	217.09023	-13.711225	-882.3312	42.26748	105168.82913327217
134	1684.955	203.80951	1864.178	723.6696	1224.4463	394.1066	1803.5922	647.9342	200.0	200.0	1339999	883.6498	94.26844	1024.9218	-4752.8706	883.6492	94.32056	1024.9443	-4716.3706	-0.52016574	2.4461527	207.54692	-12.835868	-882.956	41.59638	105317.34374642372
135	1742.3411	142.68373	1869.1288	1140.4188	1340.5092	299.27502	1698.4664	918.2048	200.0	200.0	1349999	883.9167	96.35666	1026.47	-4729.788	883.91644	96.37012	1028.1248	-4649.571	-0.4792447	2.539124	193.42548	-12.3376465	-883.216	41.92309	105466.53716826439
136	1633.8063	294.20117	1862.3618	641.1074	1286.5748	376.60242	1704.4517	724.5543	200.0	200.0	1359999	884.29156	95.91402	1023.3846	-4751.989	884.2931	95.92428	1023.9508	-4846.682	-0.5407829	2.4795165	229.2148	-12.131968	-883.5355	44.21084	105611.83165812492
137	1739.7126	93.94457	1865.3164	1416.199	1320.5466	461.50903	1858.6558	703.528	200.0	200.0	1369999	884.9846	96.05331	1026.7042	-4538.1074	884.9856	96.044846	1029.2328	-4515.371	-0.51367444	2.4699168	229.65865	-13.6335125	-884.2458	49.91791	105758.01543426514
138	1698.027	194.63861	1869.0927	942.3726	1380.7173	432.2157	1822.5326	691.8792	200.0	200.0	1379999	885.50006	95.79825	1026.9639	-4774.356	885.499	95.85428	1031.5063	-4744.0396	-0.51471645	2.4535766	196.74796	-13.995083	-884.7596	48.03501	105905.14354681969
139	1634.2727	262.22348	1870.5486	868.74664	1248.075	387.68835	1825.1077	705.74146	200.0	200.0	1389999	884.72217	94.268456	1024.5209	-4718.968	884.7245	94.22733	1024.3912	-4763.2197	-0.5248035	2.482032	246.4364	-16.011442	-883.9919	43.435963	106049.06983590126
140	1628.481	225.09479	1869.4164	1001.7098	1063.6445	253.48854	1549.5017	789.76855	200.0	200.0	1399999	883.86676	96.085815	1022.82477	-5008.539	883.86487	96.15002	1023.41785	-4917.2935	-0.50714034	2.4241972	197.56763	-13.278432	-883.0854	42.632446	106194.32647180557
141	1673.7902	203.42485	1840.7076	873.00476	1244.965	425.21048	1801.2379	771.57385	200.0	200.0	1409999	884.1064	95.48496	1029.4613	-4900.989	884.10815	95.449	1028.436	-4783.5825	-0.4758788	2.4816904	253.78114	-13.063512	-883.3175	52.456787	106340.32358980179
142	1727.6094	152.5257	1852.2194	1076.094	1053.408	290.4611	1791.3066	708.3258	200.0	200.0	1419999	884.6522	95.98493	1029.1765	-6333.3276	884.6539	95.95611	1029.5763	-6249.9087	-0.46049133	2.5240479	238.22035	-11.982003	-883.8637	50.144035	106483.81662797928
143	1605.685	310.2534	1854.3389	483.29453	1153.4987	324.40393	1796.9923	765.33875	200.0	200.0	1429999	884.59937	96.145355	1030.2026	-5403.826	884.59845	96.17565	1033.5045	-5520.0513	-0.4522576	2.3903105	204.74612	-16.184036	-883.778	62.05975	106628.41215491295
144	1651.3682	244.69301	1855.0585	934.26556	1057.4271	420.48322	1815.137	617.95996	200.0	200.0	1439999	884.48663	96.51738	1031.6373	-5498.015	884.488	96.47061	1031.419	-5592.889	-0.42680982	2.4318585	173.75731	-12.815763	-883.6842	52.568893	106772.68811321259
145	1667.5356	182.7361	1865.5486	1006.23065	1009.472	263.3136	1722.346	777.0691	200.0	200.0	1449999	884.5292	98.4791	1038.7643	-6239.8696	884.5304	98.42669	1033.6565	-6269.634	-0.4050637	2.491496	230.14876	-13.096665	-883.6941	75.824104	106914.13573503494
146	1661.965	203.44057	1866.2205	1046.8378	1313.2565	345.32184	1783.5897	901.6209	200.0	200.0	1459999	885.0916	99.88994	1038.4603	-5610.9053	885.09344	99.845955	1035.3114	-5723.605	-0.42441526	2.478505	185.5815	-13.412321	-884.2275	78.4641	107059.93408465385
147	1688.8433	189.8504	1864.7477	1041.8983	1250.0046	409.53687	1861.178	828.33875	200.0	200.0	1469999	885.40155	99.578964	1040.8706	-5247.952	885.4027	99.540855	1036.0934	-5237.064	-0.3924775	2.4463828	196.05835	-12.5816765	-884.5	71.8796	107202.16931080818
148	1631.5361	234.85452	1871.4156	987.6029	1417.6094	375.3329	1854.4647	863.58984	200.0	200.0	1479999	884.6657	99.50868	1041.3691	-5308.496	884.6666	99.484955	1047.5151	-5294.3374	-0.40340656	2.5139058	206.65993	-14.232048	-883.8038	51.2019	107345.990691185
149	1665.9264	243.44455	1873.6783	986.4036	1328.1455	443.8513	1856.4696	541.1437	200.0	200.0	1489999	884.8184	99.592766	1045.4231	-5097.0684	884.81824	99.61731	1043.2874	-5265.649	-0.43278804	2.5440538	200.25766	-13.540401	-883.9722	58.48181	107498.89538884163
150	1635.7661	246.88644	1873.5684	771.32416	1218.1588	460.3138	1842.2866	780.82227	200.0	200.0	1499999	885.7981	96.49998	1046.2926	-4875.458	885.8	96.45196	1044.6124	-4927.904	-0.4610463	2.436182	203.05339	-14.178582	-884.9447	56.162292	107651.22362756729
151	1657.0079	228.62297	1872.5845	967.8076	1321.9417	428.75296	1857.6119	770.8443	200.0	200.0	1509999	886.43774	97.81548	1045.8086	-5544.3833	886.43945	97.7386	1048.5953	-5548.377	-0.44929585	2.450992	227.3333	-13.249857	-885.5856	54.610638	107804.46755337715
152	1660.6187	191.08546	1840.2379	1015.12286	1079.5242	157.3193	1277.6611	834.47595	200.0	200.0	1519999	887.60785	98.39277	1041.3013	-4715.155	887.60864	98.3353	1041.3754	-4709.481	-0.4318684	2.550975	284.31668	-13.8983755	-886.7834	53.820663	107958.46906733513
153	1721.3953	159.40828	1856.427	1050.55	1060.614	382.2853	1808.8821	781.4507	200.0	200.0	1529999	888.427	98.61247	1040.8752	-4634.8115	888.4274	98.612366	1046.0992	-4667.5635	-0.42063266	2.699627	338.0501	-11.947929	-887.5856	52.037884	108115.53016853333
154	1654.3196	267.22238	1868.5623	501.33685	973.7204	325.57587	1498.2666	523.2079	200.0	200.0	1539999	889.51575	95.20407	1030.2802	-4036.0288	889.5164	95.194046	1032.8303	-3961.4868	-0.41606474	2.6176822	274.19296	-14.363945	-888.6865	43.924313	108270.42862963676
155	1661.4979	239.53746	1871.442	913.9973	1271.0737	383.45987	1759.4146	788.85254	200.0	200.0	1549999	890.5652	92.75656	1023.6398	-3247.9587	890.56744	92.69417	1022.3392	-3315.9036	-0.40481648	2.5869973	248.48181	-12.684863	-889.6988	43.13626	108427.19397902489
156	1676.1095	206.25778	1851.0825	807.195	1075.061	292.2506	1595.3562	808.40674	200.0	200.0	1559999	891.7289	93.65361	1022.7385	-3443.8916	891.7293	93.65355	1021.1312	-3455.554	-0.3821767	2.5781174	231.9412	-15.1546135	-890.9003	39.23134	108582.8601872921
157	1711.2047	168.54715	1855.4194	1154.018	1031.2406	452.43274	1800.6226	116.58964	200.0	200.0	1569999	892.6577	94.30713	1019.48883	-3921.9304	892.6573	94.31545	1023.552	-3814.7793	-0.3888224	2.5452878	228.82391	-12.329281	-891.8075	47.087765	108736.75185465813
158	1639.7705	239.94243	1873.1771	932.4276	1195.2832	379.54626	1798.8842	881.3587	200.0	200.0	1579999	892.7084	95.140495	1015.58386	-4405.7114	892.7103	95.09812	1016.7493	-4441.9385	-0.45582828	2.5354888	237.06097	-13.936454	-891.8493	48.155243	108890.4414191246
159	1728.6569	126.89984	1865.415	1252.3763	1110.1581	422.4833	1787.3141	745.0887	200.0	200.0	1589999	892.27094	96.44675	1015.7285	-5068.623	892.2728	96.40207	1026.9343	-4881.993	-0.50075144	2.559604	242.48271	-12.913352	-891.376	61.778008	109044.5927746296
160	1689.3375	214.76208	1864.3906	591.3754	1076.0896	358.09457	1726.0669	701.5756	200.0	200.0	1599999	891.74365	94.40345	1184.334	-5033.5586	891.7444	94.40435	1185.5438	-5065.692	-0.61315906	2.5441656	231.21027	-12.537085	-890.8152	60.1075	109198.93796420097
161	1696.8704	154.47375	1861.8696	1247.6653	1083.5227	295.17975	1613.8213	743.3751	200.0	200.0	1609999	890.4125	95.1306	1183.7605	-4316.8223	890.4127	95.10929	1164.3116	-4123.9834	-0.68394285	2.6965706	262.208	-13.993942	-889.4827	48.270905	109355.55803728104
162	1688.4554	185.89595	1876.4321	925.04236	918.2523	132.58954	1170.1234	711.7981	200.0	200.0	1619999	889.107	90.916176	1004.0334	-4081.2466	889.1052	90.96299	1002.5265	-3986.2693	-0.68471813	2.5735767	234.4049	-13.432838	-888.1748	41.100655	109512.72706580162
163	1636.4653	294.16403	1876.4722	421.36664	1227.1565	355.25397	1808.1927	773.17303	200.0	200.0	1629999	888.4801	90.61108	1006.6323	-3914.5288	888.484	90.549194	1002.1502	-3956.805	-0.69615895	2.588292	268.00897	-13.02426	-887.5312	43.63238	109668.74109768867
164	1700.9493	170.0931	1843.2	945.50616	1108.688	314.68222	1756.4655	615.14606	200.0	200.0	1639999	887.8966	90.955956	1006.7786	-3871.948	887.8967	90.9586	1004.00244	-3805.3052	-0.67947036	2.749532	332.42337	-15.767407	-886.9401	41.2297	109822.34827589989
165	1721.2898	129.39485	1868.4034	1065.8613	1287.0586	343.283	1749.6595	866.8015	200.0	200.0	1649999	888.6095	88.090096	1002.82684	-3910.6172	888.6083	88.1496	1002.8954	-4304.2153	-0.681066	2.4967144	227.4747	-12.507501	-887.6892	43.933655	109974.10523223877
166	1661.7277	216.52512	1878.4462	1027.2487	1258.4779	370.7742	1758.2552	794.92773	200.0	200.0	1659999	888.6265	89.671326	1002.35614	-3481.8892	888.628	89.61373	1000.6534	-3374.3052	-0.7319299	2.464674	229.70563	-13.907316	-887.7156	40.766964	110127.95941734314
167	1703.0869	157.15242	1857.3313	947.63904	1257.1167	314.681	1695.7089	908.43536	200.0	200.0	1669999	888.96985	88.22884	1003.29517	-3666.0022	888.97015	88.217415	1004.7347	-3714.6272	-0.7170062	2.475988	224.98154	-12.782337	-888.0472	40.182156	110282.0473203659
168	1699.8519	171.97905	1851.3485	1154.8164	1532.4967	329.06622	1822.9266	1065.2974	200.0	200.0	1679999	889.6743	90.31088	1001.41266	-3504.6572	889.67426	90.30154	1005.8442	-3485.1	-0.69369376	2.4687803	219.61615	-12.966679	-888.7603	39.7564	110436.56762504578
169	1688.3936	153.2266	1875.6057	1179.4233	1576.8933	323.7175	1845.1309	940.32166	200.0	200.0	1689999	890.0491	92.52977	1004.4409	-4770.2324	890.0492	92.51979	1004.93317	-4677.111	-0.71187794	2.5121849	267.1693	-11.940292	-889.134	41.391342	110582.99763536453
170	1666.7618	190.2837	1876.3342	872.42206	1320.505	376.52655	1802.3756	702.03815	200.0	200.0	1699999	889.74713	93.666664	1009.3751	-5472.7827	889.7463	93.64511	1011.0208	-5323.4023	-0.699859	2.4255102	236.1644	-13.06229	-888.7953	56.51311	110736.43598890305
171	1686.8209	175.08672	1862.8593	1155.4016	1431.9744	312.6073	1806.8436	937.4029	200.0	200.0	1709999	889.5907	94.9997	1014.5295	-4709.579	889.5905	95.001854	1014.62756	-4645.9624	-0.72670686	2.446851	249.03067	-13.988471	-888.651	43.22104	110886.10414910316
172	1707.4617	166.41386	1853.5269	952.52606	1239.8694	277.2991	1718.8506	676.83295	200.0	200.0	1719999	888.3581	96.23957	1019.05756	-5301.744	888.3574	96.27179	1020.6135	-5387.706	-0.73449457	2.4636922	226.71547	-13.511497	-887.3726	48.420673	111036.89398145676
173	1715.8119	157.06711	1878.2975	1162.7749	1421.1697	427.19238	1795.6498	668.7418	200.0	200.0	1729999	886.9344	97.28835	1020.93225	-5202.153	886.9339	97.30924	1021.9943	-5250.199	-0.7401704	2.5451915	240.7332	-14.056234	-885.9394	42.202595	111189.75801110268
174	1704.0408	132.84296	1882.3005	1254.5596	1191.7853	337.99506	1830.6617	664.5506	200.0	200.0	1739999	885.6797	97.099625	1024.495	-5433.1772	885.6811	97.06784	1024.5479	-5327.675	-0.7634053	2.5622556	290.7789	-13.298744	-884.6687	44.494576	111343.83248877525
175	1707.6672	144.13391	1877.4407	1245.3043	1455.442	386.91104	1783.8457	721.55145	200.0	200.0	1749999	884.435	96.08022	1022.77795	-5183.976	884.438	96.01745	1023.7027	-5097.6	-0.7820781	2.5534406	241.30412	-12.255911	-883.3864	43.950886	111497.57934069633
176	1672.4397	175.81845	1862.9132	1163.0583	1277.2957	490.39438	1723.9984	505.45734	200.0	200.0	1759999	882.4793	96.264366	1023.6299	-4857.3037	882.4796	96.23763	1027.1763	-4820.8486	-0.7959985	2.5413837	293.94833	-12.123199	-881.4541	40.88213	111650.12945604324
177	1692.8816	185.92789	1880.1079	1117.3351	1443.0398	377.4223	1837.0361	705.64465	200.0	200.0	1769999	881.13074	96.61991	1024.9136	-5279.0664	881.1297	96.61736	1031.9736	-5075.532	-0.7648581	2.557554	269.00748	-13.050437	-880.104	38.212017	111802.21680140495
178	1687.19	180.60953	1876.9493	1218.7145	1528.7987	374.23987	1850.538	1026.876	200.0	200.0	1779999	880.47253	92.03826	1028.3461	-5350.4546	880.4766	91.91838	1031.88	-5326.027	-0.8231166	2.265849	265.86902	-13.182037	-879.4621	40.727123	111958.26437187195
179	1708.7864	152.04732	1874.9146	1260.6998	1327.0146	404.2511	1838.5593	709.4927	200.0	200.0	1789999	880.97174	88.50905	1029.7959	-239.90027	880.97284	88.48131	1032.516	-231.25172	-0.83664435	2.0974393	27.251564	-14.665827	-879.9955	30.058962	112117.16434264183
180	1717.7812	156.87914	1877.6855	1144.2833	1233.3679	441.05222	1824.4736	691.1371	200.0	200.0	1799999	882.8633	88.90206	1035.7228	-213.08028	882.86395	88.878075	1035.7845	-211.85483	-0.8269581	2.0888362	63.652443	-12.937833	-881.914	29.58134	112270.32148218155
181	1717.101	137.32735	1862.4115	1210.7013	1332.5803	217.45525	1599.016	944.42865	200.0	200.0	1809999	885.4741	88.101555	1036.9929	-181.13963	885.47437	88.081985	1036.9746	-178.84851	-0.8569115	2.075548	47.51311	-12.431799	-884.5401	29.041012	112426.40905857086
182	1724.5314	149.28947	1864.0215	1164.0955	1203.1677	361.14212	1807.9967	602.50385	200.0	200.0	1819999	888.2898	87.72714	1037.384	-190.27539	888.29034	87.70788	1039.3492	-180.1382	-0.8608239	2.070214	33.71063	-10.865087	-887.3588	28.791323	112582.10176801682
183	1727.2948	129.79472	1877.9926	1215.3381	1305.677	444.0159	1792.9705	695.88324	200.0	200.0	1829999	890.5877	87.419395	1037.39	-192.45166	890.58795	87.40583	1038.7443	-174.76111	-0.8917964	2.047306	37.014153	-13.504094	-889.6553	28.158838	112735.28120398521
184	1743.2852	164.84367	1887.3954	1220.1298	1206.0608	419.62198	1841.9755	702.2499	200.0	200.0	1839999	892.1072	87.20468	1035.9647	-224.48251	892.1075	87.19349	1036.6934	-196.56892	-0.8999396	2.0447772	42.343964	-12.016121	-891.2083	27.845243	112890.79420423508
185	1702.9493	177.06859	1876.7129	1141.198	1420.164	364.46478	1789.5824	923.0801	200.0	200.0	1849999	893.3288	86.7709	1031.0867	-223.45947	893.32983	86.74696	1032.5874	-205.97218	-0.934631	2.015753	35.197773	-14.859049	-892.4116	28.209875	113046.4866707325
186	1704.2561	156.61678	1880.5529	1259.1234	1075.2617	334.52585	1828.7382	721.66864	200.0	200.0	1859999	893.7768	86.02328	1031.7699	-190.69731	893.777	86.00451	1030.039	-191.60013	-0.9663291	2.0018127	34.85721	-12.074015	-892.855	27.46195	113200.66333532333
187	1747.4297	114.12316	1868.6042	1293.1111	1225.5822	486.39236	1828.5741	672.83014	200.0	200.0	1869999	894.83	85.004364	1028.6918	-114.09649	894.831	84.98604	1028.4443	-113.06866	-0.94493544	2.0175464	26.574652	-12.13514	-893.9238	28.1571	113358.78908705711
188	1734.2842	144.67216	1873.6842	1229.7484	1109.9271	423.2948	1850.1323	680.826	200.0	200.0	1879999	895.8362	83.6454	1027.4036	-75.397316	895.83685	83.63007	1026.3364	-83.85246	-0.9508263	2.017261	30.439728	-13.483688	-894.9397	27.971	113511.87185502052
189	1725.7495	176.54045	1869.1273	1192.8717	1420.5725	445.98288	1845.0831	753.817	200.0	200.0	1889999	896.77435	82.93771	1023.42267	-42.547745	896.7739	82.92337	1021.47064	-56.584995	-0.9335016	2.0197468	26.68515	-12.883501	-895.8896	26.99089	113661.0660583973
190	1726.9583	161.02225	1872.6779	1226.9379	1332.2698	408.73938	1833.2823	927.3128	200.0	200.0	1899999	897.44745	82.526794	1020.2827	-134.91978	897.44775	82.51096	1019.6599	-118.449196	-0.93595123	2.003908	36.29139	-12.723804	-896.5664	27.096113	113809.8241174221
191	1768.0032	99.243866	1879.8844	1434.7097	1113.2595	316.5988	1738.7433	741.6758	200.0	200.0	1909999	898.2942	81.92379	1019.65924	-116.0919	898.29407	81.90658	1019.20435	-131.82501	-0.9165505	2.047376	47.146366	-12.549044	-897.4082	26.738775	113960.45626115799
192	1728.021	131.46498	1871.3774	1382.0393	1205.4875	404.66132	1857.4833	742.2682	200.0	200.0	1919999	899.0454	81.19297	1015.93115	-109.79651	899.04584	81.17829	1016.8472	-105.22617	-0.91010106	2.064324	40.598244	-13.803057	-898.1518	27.031696	114222.98131012917
193	1741.4408	130.16728	1877.4124	1292.4286	1183.2296	437.75974	1849.844	720.0808	200.0	200.0	1929999	900.04425	80.2172	1013.3798	-89.099205	900.04474	80.20403	1009.4562	-85.68785	-0.9486808	2.0273015	36.458412	-12.395979	-899.1758	26.06125	114931.7528488636
194	1705.5339	150.98645	1866.3184	1309.7362	1302.1664	420.1097	1848.7028	729.3085	200.0	200.0	1939999	900.8643	79.9481	1008.44885	-101.17225	900.8645	79.94445	1012.63934	-122.10215	-0.9691394	2.0074542	37.012543	-12.802977	-899.994	26.067623	115667.9894220829
195	1733.7278	147.59253	1876.9316	1226.9598	1098.4197	328.2366	1737.639	727.9927	200.0	200.0	1949999	901.94464	79.97363	1010.8993	-110.47283	901.94446	79.97525	1016.6574	-116.558014	-0.9116459	2.0364726	26.709473	-13.698198	-901.0667	26.681616	116396.58166694641
196	1727.8092	133.72575	1872.2682	1329.1454	1157.8142	375.07413	1778.475	744.9711	200.0	200.0	1959999	903.5375	79.37478	1012.9881	-122.26553	903.53754	79.374405	1020.8959	-108.11587	-0.95638156	1.9913006	36.725483	-14.101285	-902.6706	26.390125	117143.43412089348
197	1745.5535	137.82312	1871.4275	1062.7196	1300.8755	379.83252	1738.2645	754.61633	200.0	200.0	1969999	905.1641	79.26616	1015.62476	-80.84626	905.1646	79.26631	1018.4528	-94.303955	-0.93062	1.9966018	28.173326	-12.527424	-904.2952	26.477213	117774.76388502121
198	1675.9546	139.20657	1859.4446	1330.5088	1341.3827	355.8526	1817.1067	926.5277	200.0	200.0	1979999	906.6358	78.88106	1018.0357	-98.57974	906.6368	78.88338	1020.8967	-100.371254	-0.94705546	1.9892648	39.993103	-12.914851	-905.77	26.346165	118352.64910316467
199	1753.1757	119.23497	1868.3213	1404.4281	1295.2917	445.78317	1815.5767	744.43	200.0	200.0	1989999	907.3678	78.4911	1019.7319	-78.454704	907.3681	78.49594	1027.9105	-76.314804	-0.932144	1.9805102	32.684025	-12.963639	-906.5066	25.933947	118968.19325757027
200	1726.0192	144.341	1865.1378	1181.2482	1554.6733	342.43475	1797.8121	808.8314	200.0	200.0	1999999	907.5251	78.43809	1020.5704	-96.26647	907.52527	78.44189	1022.97974	-104.73268	-0.9638698	1.961875	33.901356	-13.284725	-906.613	26.574188	119566.93620038033
201	1733.999	132.52473	1862.8412	1386.5514	1343.8025	415.69147	1775.1239	830.2399	200.0	200.0	2009999	907.3828	78.18561	1019.704	-95.746475	907.3829	78.191154	1024.1897	-109.463425	-0.9688075	1.9789056	33.264885	-12.733149	-906.5105	26.119825	120228.11572480202
202	1766.1128	84.22789	1869.0258	1439.2019	1374.702	371.47656	1826.4738	834.9924	200.0	200.0	2019999	907.10535	77.65744	1018.9454	-99.056625	907.1056	77.65975	1024.3438	-102.03458	-1.03681	1.9107685	36.735474	-12.933517	-906.2015	25.893122	120842.84247660637
203	1741.2684	129.60437	1840.269	1142.1295	1333.5674	423.81628	1748.54	817.40845	200.0	200.0	2029999	906.84863	76.95333	1021.4653	-69.39087	906.8488	76.96015	1023.1888	-54.03136	-1.0328456	1.9369923	44.83047	-13.000262	-905.9646	25.46312	121456.78856015205
204	1712.0157	181.16508	1860.3519	1068.1992	1431.387	326.92056	1856.529	1061.4568	200.0	200.0	2039999	907.3723	76.48007	1020.86646	-87.59467	907.37213	76.48722	1024.7784	-86.15252	-1.0593998	1.9280494	40.942936	-12.4809675	-906.4946	25.298475	122071.73263859749
205	1738.2965	127.912056	1879.4425	1231.8325	1304.419	363.76855	1740.6061	858.35675	200.0	200.0	2049999	907.71686	76.10263	1021.0063	-62.462128	907.717	76.10569	1025.3184	-70.97687	-1.1185237	1.8820554	41.976707	-11.793924	-906.8425	24.839943	122656.36904239655
206	1745.0408	108.20523	1856.4034	1314.4159	1472.1196	297.24963	1792.4904	1148.7921	200.0	200.0	2059999	908.1175	76.013054	1018.85596	-62.508785	908.1172	76.01691	1022.76587	-70.63255	-1.119407	1.8843713	42.268208	-11.826906	-907.2566	24.743496	123240.6405904293
207	1702.8025	143.34602	1848.5778	1244.6666	1292.3812	394.63757	1807.8126	894.9154	200.0	200.0	2069999	909.2148	74.53896	1018.3846	-81.19498	909.2146	74.54356	1020.53986	-81.786934	-1.1420039	1.8624836	42.361122	-13.923906	-908.3625	24.526218	123795.81573653221
208	1748.0736	106.92221	1861.292	1322.7303	1391.3938	321.69296	1814.1869	816.926	200.0	200.0	2079999	909.7666	74.37631	1019.746	-77.64164	909.76654	74.382385	1020.1118	-80.46066	-1.159011	1.8497804	41.78691	-12.344522	-908.9091	24.382704	124166.28346562386
209	1690.0688	145.55458	1847.7728	1255.8022	1159.7286	359.35358	1709.2866	788.6741	200.0	200.0	2089999	910.28564	73.42372	1020.5601	-80.35859	910.28613	73.42654	1019.6868	-80.51378	-1.175789	1.8244759	38.81085	-12.880808	-909.4274	24.265772	124505.2303352356
210	1744.5685	122.31424	1863.325	1334.3425	1389.357	297.05756	1704.976	832.94995	200.0	200.0	2099999	911.13666	72.15531	1016.0901	-5.09554	911.1366	72.15933	1017.67725	2.6237326	-1.2102075	1.8064446	39.352726	-12.807348	-910.291	23.723646	124843.71950364113
211	1714.9476	163.24428	1869.4069	1297.327	1271.3906	293.82578	1804.4479	886.1533	200.0	200.0	2109999	911.0122	72.075134	1014.8309	65.62927	911.01227	72.07707	1015.6842	68.224495	-1.207969	1.8046794	42.076794	-12.170445	-910.1812	23.497715	125177.1451215744
212	1706.6134	161.63028	1851.5337	1202.4784	1241.5059	327.55063	1694.2222	747.36163	200.0	200.0	2119999	911.44714	72.20011	1013.0124	29.280691	911.447	72.2005	1018.2338	8.728457	-1.226852	1.7739127	46.16091	-12.98558	-910.5975	23.43805	125372.4474170208
213	1771.8766	69.06067	1872.913	1552.7122	1141.0154	273.4701	1760.235	795.78455	200.0	200.0	2129999	912.0482	71.478195	1012.9481	18.1059	912.0484	71.4748	1017.7556	25.310131	-1.2154957	1.7897118	30.650118	-12.663823	-911.2201	23.441132	125562.43894028664
214	1743.9985	122.839035	1862.6553	1237.7872	1296.534	355.5084	1771.7324	728.581	200.0	200.0	2139999	912.21295	70.44445	1012.4241	123.16106	912.2129	70.44743	1012.45416	107.80213	-1.2294126	1.791069	32.53066	-12.4277525	-911.3838	23.050327	125768.19077968597
215	1750.8718	91.23172	1863.7378	1375.265	1470.8225	310.11282	1763.9987	835.6458	200.0	200.0	2149999	912.5663	69.61046	1010.03217	232.7553	912.56555	69.61362	1011.5741	226.03183	-1.245148	1.7666907	28.83731	-12.738638	-911.7349	23.008562	125965.87929558754
216	1730.8342	136.64601	1854.629	1313.9122	1262.5145	481.3387	1818.5388	667.70276	200.0	200.0	2159999	913.0171	69.114716	1011.60693	213.27275	913.0173	69.11083	1014.031	239.68675	-1.2273551	1.8054922	26.938887	-13.567806	-912.192	23.058859	126156.29017066956
217	1733.3861	114.62788	1858.8977	1307.425	1485.825	385.80157	1847.4685	869.62146	200.0	200.0	2169999	913.7562	68.634285	1011.92993	220.14513	913.7561	68.630394	1013.44464	227.51096	-1.2093334	1.8037847	25.946049	-13.888506	-912.9344	22.721441	126355.95082330704
218	1742.8467	102.90963	1858.0614	1335.939	1101.758	317.12592	1756.8629	839.30914	200.0	200.0	2179999	914.31805	68.14158	1013.75757	287.96115	914.3176	68.13842	1015.39215	290.1808	-1.2488372	1.770645	41.733463	-12.335719	-913.5019	22.697556	126548.75624489784
219	1694.7653	169.58897	1871.6721	1265.1743	1304.003	293.3328	1790.4841	997.57935	200.0	200.0	2189999	915.1782	67.503265	1050.8622	296.2136	915.17847	67.50359	1044.5088	304.78586	-1.2438141	1.7919185	55.18179	-11.869286	-914.3914	22.04856	126732.19205021858
220	1753.963	91.823265	1861.4865	1375.099	1234.2151	294.00906	1723.3036	804.25476	200.0	200.0	2199999	916.2242	67.1213	1088.6522	336.99597	916.22375	67.12354	1113.5717	350.42874	-1.2401477	1.8078849	52.240887	-13.403004	-915.44	22.250753	126927.53214931488
221	1753.5016	113.283066	1868.6968	1211.2228	1211.941	395.7675	1615.1278	623.07996	200.0	200.0	2209999	916.94086	66.64614	1021.4518	308.9938	916.9411	66.64713	1043.4556	312.52008	-1.2620925	1.7999954	40.263256	-13.814392	-916.149	21.988703	127130.98737335205
222	1769.0308	71.13841	1872.599	1530.4642	1230.993	384.3046	1758.8455	767.8041	200.0	200.0	2219999	917.7275	65.94718	1021.0049	343.4476	917.72723	65.94671	1053.1913	345.31512	-1.271451	1.795855	46.06214	-12.907368	-916.9513	21.710037	127333.69744968414
223	1730.9332	138.0673	1865.0016	1143.799	1294.4625	378.82242	1729.6356	677.1558	200.0	200.0	2229999	918.5348	65.582504	1020.68945	336.63666	918.53485	65.580666	1020.03485	341.8177	-1.3004693	1.7709314	39.339325	-11.584729	-917.7622	21.555382	127534.45127391815
224	1711.478	153.83997	1865.1156	1154.465	1116.698	456.5309	1747.1069	633.3073	200.0	200.0	2239999	918.78357	65.379074	1022.242	243.53877	918.7836	65.378365	1024.0079	261.657	-1.304789	1.7734755	36.2407	-12.137949	-918.0137	21.636362	127735.80312418938
225	1745.211	121.06305	1858.1975	1341.4454	1224.3821	307.96683	1715.0669	695.57275	200.0	200.0	2249999	919.26434	65.17987	1022.43744	181.77869	919.2644	65.17577	1022.1069	231.6958	-1.3228366	1.7745111	39.484146	-11.31229	-918.4727	21.755104	127935.005818367
226	1715.6108	121.95143	1863.8354	1430.9921	1061.8556	95.04071	1248.583	963.2164	200.0	200.0	2259999	919.5759	64.83797	1021.2258	203.4576	919.5758	64.831436	1025.5046	249.69455	-1.3160598	1.7878393	34.54554	-12.24932	-918.7894	21.913116	128133.762185812
227	1729.4342	100.12501	1863.3729	1452.4248	1518.2428	362.7522	1807.6931	902.2164	200.0	200.0	2269999	919.9659	64.61032	1018.2473	246.32074	919.96655	64.60998	1021.91364	254.29669	-1.3259765	1.7611942	58.446007	-12.136434	-919.1904	21.959099	128332.76644301414
228	1742.3179	116.95144	1861.7561	1251.8799	1285.6659	306.26428	1778.8828	786.01776	200.0	200.0	2279999	920.5341	64.68615	1020.25507	346.65436	920.5345	64.68423	1020.6016	348.91785	-1.2916023	1.7792243	51.219955	-11.950516	-919.7704	21.623896	128524.0940656662
229	1736.8928	159.06953	1855.4636	1249.8776	1092.7367	338.28452	1791.5763	735.5926	200.0	200.0	2289999	920.9601	64.83238	1019.8754	362.63	920.9599	64.83198	1019.65796	355.44247	-1.3401841	1.7533038	31.649632	-12.026981	-920.1972	21.077316	128722.22260570526
230	1760.9409	85.25807	1863.8087	1474.7899	1140.7234	256.6462	1718.8588	911.6273	200.0	200.0	2299999	921.53546	65.02709	1020.6704	324.27884	921.5363	65.01847	1020.7635	325.29044	-1.3270836	1.7506299	32.564873	-12.765686	-920.7677	21.245752	128932.72131872177
231	1763.811	88.11531	1865.7511	1396.7092	1283.1077	376.77707	1756.0028	812.1022	200.0	200.0	2309999	922.0298	65.143456	1037.3866	303.70438	922.02985	65.14163	1023.1469	311.3438	-1.3219616	1.7388777	31.55189	-11.369481	-921.2534	21.250784	129125.43942570686
232	1742.3755	116.928246	1865.3271	1271.8672	991.39026	183.29471	1302.9705	749.1849	200.0	200.0	2319999	922.8287	65.16448	1021.4434	291.5798	922.82904	65.16599	1023.18713	311.72098	-1.3352588	1.7211411	29.3564	-12.023438	-922.0669	21.013512	129320.43795061111
233	1744.7623	128.31946	1860.3452	1172.2837	1119.7659	281.56006	1735.9497	735.8126	200.0	200.0	2329999	923.6116	64.930504	1019.2364	292.1169	923.61127	64.92801	1023.1088	295.2222	-1.3164505	1.718818	36.226917	-16.249304	-922.8653	20.687477	129521.03902316093
234	1715.6414	135.2205	1879.4642	1234.1616	1368.79	362.74142	1691.2007	792.58435	200.0	200.0	2339999	923.4959	64.8952	1022.03033	271.1555	923.49677	64.8924	1024.0311	269.32086	-1.314214	1.7188376	46.335087	-12.418451	-922.7102	21.405779	129716.34524416924
235	1701.5055	177.04231	1859.5887	1186.1057	1065.4906	196.34154	1267.9434	696.4685	200.0	200.0	2349999	922.97925	64.964386	1020.6433	264.69653	922.9797	64.96132	1022.24347	271.19788	-1.2734599	1.7472771	35.944866	-13.075008	-922.2038	21.309418	129920.17346692085
236	1738.4784	135.67163	1861.5057	1231.8395	1363.0775	257.51352	1808.8857	1040.254	200.0	200.0	2359999	922.9702	64.89707	1023.0804	286.40594	922.97095	64.89989	1025.2612	290.3372	-1.2941946	1.7129489	29.17422	-14.387675	-922.1968	21.44219	130114.80889606476
237	1713.8046	156.40244	1866.6649	1101.2916	1264.4089	411.68396	1779.7095	479.32385	200.0	200.0	2369999	922.9214	65.09956	1022.6071	281.58542	922.92194	65.10474	1024.8296	288.73553	-1.2864627	1.7121725	29.37817	-12.5277815	-922.1353	21.597527	130314.74654722214
238	1734.2306	129.90677	1853.1888	1279.5277	1030.1722	421.60266	1680.7227	641.477	200.0	200.0	2379999	922.93524	65.23862	1024.6713	279.99942	922.93536	65.24634	1023.9184	275.48355	-1.2940503	1.7072628	24.92322	-13.188648	-922.1656	21.525656	130514.94685554504
239	1726.5824	126.491196	1859.914	1340.2537	1068.3689	368.32794	1797.2535	737.3185	200.0	200.0	2389999	923.389	65.52061	1025.1925	264.42133	923.38873	65.52598	1024.1735	272.78247	-1.2598398	1.7268839	23.90336	-12.205716	-922.5899	21.8647	130707.79379940033
240	1744.0372	138.06673	1854.3436	1221.63	1223.9207	521.0646	1792.5809	522.86975	200.0	200.0	2399999	923.7638	65.6958	1026.7957	278.34863	923.7643	65.70122	1028.939	285.09155	-1.2503713	1.7343857	37.261703	-12.177886	-922.9821	21.932364	130909.75612711906
241	1725.1207	126.67701	1867.5089	1325.4968	1087.9485	322.53717	1606.1411	650.7767	200.0	200.0	2409999	924.15314	66.14024	1027.6295	285.51907	924.15356	66.14538	1029.2477	289.48816	-1.252562	1.7397535	24.68471	-12.343641	-923.3703	21.838774	131116.70203208923
242	1735.8473	96.18985	1859.0658	1432.878	1193.5804	353.80023	1706.2792	775.71515	200.0	200.0	2419999	924.5262	66.065895	1029.7631	333.86517	924.5263	66.07336	1029.107	340.09055	-1.266429	1.7337258	28.720922	-11.99819	-923.7481	21.676434	131311.396961689
243	1737.6488	118.381966	1862.2279	1251.6796	1476.2411	375.72745	1792.7523	774.96106	200.0	200.0	2429999	924.8725	65.83933	1197.228	332.55957	924.87274	65.842674	1209.5491	342.6996	-1.2729102	1.7446779	26.439196	-12.888271	-924.093	21.884094	131505.91725420952
244	1695.1244	169.40456	1862.3617	1308.1885	1276.4565	385.60236	1815.4128	877.2505	200.0	200.0	2439999	924.7868	65.904045	1171.8513	362.36002	924.7867	65.90984	1186.3173	351.1503	-1.2557743	1.7291493	25.807796	-12.8535595	-923.9748	22.318224	131696.82412433624
245	1751.4741	84.44428	1856.9758	1488.3435	1112.1422	287.79153	1671.9883	869.81104	200.0	200.0	2449999	925.0798	66.207245	1029.9103	305.66025	925.08014	66.20588	1031.1183	323.27002	-1.2460678	1.7304292	28.511383	-13.78605	-924.2541	23.038288	131889.88335490227
246	1720.9933	124.17819	1867.1688	1237.36	990.88837	300.57196	1571.0929	684.03656	200.0	200.0	2459999	924.93805	65.97393	1030.8792	317.76624	924.9378	65.9789	1034.9326	328.8759	-1.2396486	1.7310487	32.470287	-11.818822	-924.1266	22.75162	132085.40136909485
247	1751.9363	104.476906	1856.427	1309.1516	913.01025	147.32439	1082.0338	733.43207	200.0	200.0	2469999	924.6044	65.53933	1033.7142	289.80118	924.60486	65.53056	1032.7754	318.0016	-1.2469796	1.7228462	22.40512	-12.469551	-923.7781	22.387484	132282.7422978878
248	1724.208	129.8314	1874.1656	1188.0768	1164.3966	382.09882	1779.2167	737.67267	200.0	200.0	2479999	924.5029	65.44043	1032.8605	276.91858	924.5035	65.4379	1035.6759	289.8949	-1.270211	1.7042185	24.776787	-11.626623	-923.682	22.343794	132478.04967021942
249	1749.6758	89.05819	1846.9441	1308.3789	1041.5066	390.66983	1769.4917	701.6686	200.0	200.0	2489999	924.957	64.92142	1038.24	275.90622	924.95703	64.919365	1034.599	291.02725	-1.2841834	1.7001741	39.26786	-11.909377	-924.1512	22.20121	132681.0908024311
250	1723.9637	144.9726	1847.3077	1161.0177	1006.8301	306.07617	1770.9742	668.09924	200.0	200.0	2499999	925.0296	64.51733	1034.075	283.79208	925.0302	64.51577	1036.2747	327.84158	-1.2923703	1.6963253	29.458445	-13.175083	-924.2108	21.664755	132874.9157090187
