Epoch	AverageEpRet	StdEpRet	MaxEpRet	MinEpRet	AverageTestEpRet	StdTestEpRet	MaxTestEpRet	MinTestEpRet	EpLen	TestEpLen	TotalEnvInteracts	AverageQ1Vals	StdQ1Vals	MaxQ1Vals	MinQ1Vals	AverageQ2Vals	StdQ2Vals	MaxQ2Vals	MinQ2Vals	AverageLogPi	StdLogPi	MaxLogPi	MinLogPi	LossPi	LossQ	Time
1	10.076957	3.3940635	21.518595	5.452269	11.840339	1.2939788	14.92612	10.041089	200.0	200.0	9999	11.596468	6.0278754	23.195034	-0.058057442	11.596492	6.027839	23.183012	-0.069927216	-2.7326777	0.24299538	2.5926552	-8.246029	-12.139106	0.00844423	111.02677059173584
2	12.190429	5.7996597	43.49022	5.6277075	12.411451	0.8170662	13.42175	11.023022	200.0	200.0	19999	29.422743	4.4226217	41.100937	17.212523	29.422745	4.422663	41.088932	17.35721	-2.7327943	0.24198847	2.611258	-8.547824	-29.960478	0.016284997	245.79168367385864
3	13.346888	7.0217934	43.5858	5.708804	20.317427	12.506344	45.269093	12.1983385	200.0	200.0	29999	41.225742	3.0863733	58.247356	24.427328	41.225723	3.0865967	58.61603	23.646286	-2.7320054	0.24678177	5.3904963	-8.481878	-41.759037	0.033896197	375.7492036819458
4	13.523762	11.0364065	70.6713	6.0967155	21.54023	14.306834	51.91315	11.077826	200.0	200.0	39999	48.334763	2.597799	64.62097	30.820808	48.334763	2.5978973	64.92196	30.5124	-2.7298822	0.25718	4.7205877	-8.530897	-48.861843	0.053248852	507.01543641090393
5	19.028284	27.826246	199.87535	6.3163595	20.354563	9.841655	36.63448	10.594343	200.0	200.0	49999	52.526215	2.9468222	86.95314	20.216978	52.526184	2.946642	86.97531	17.983889	-2.717764	0.32786033	9.148014	-9.42782	-53.038174	0.168754	634.5782780647278
6	19.619408	26.081974	186.12614	5.722024	37.663723	24.095448	71.71356	15.410937	200.0	200.0	59999	54.959057	3.7626328	135.48468	21.460567	54.95908	3.76085	135.30096	22.508371	-2.7010384	0.42784348	11.837337	-9.583243	-55.460213	0.41308632	763.7121214866638
7	18.099226	11.497406	66.857124	6.160204	61.669792	35.25697	105.901215	9.195741	200.0	200.0	69999	56.244484	4.860477	197.15916	10.2818165	56.244625	4.854319	194.82915	9.337642	-2.6834688	0.53551644	14.920139	-9.901207	-56.724537	0.80727434	899.3112516403198
8	24.35961	48.247917	348.70505	5.618963	26.527256	12.363126	49.50893	14.329757	200.0	200.0	79999	56.467594	6.7058487	214.72142	-3.8823197	56.466965	6.708633	213.84293	-16.839863	-2.671477	0.56706625	21.122824	-9.747739	-56.91522	1.1024383	1042.0323467254639
9	18.172466	13.015803	83.67284	7.09002	22.11134	13.378362	54.03841	8.9716015	200.0	200.0	89999	55.598625	8.761987	294.8945	-27.116688	55.597473	8.769661	295.8696	-31.752184	-2.6558592	0.6259266	21.280117	-8.603388	-56.01522	1.8426516	1175.284351825714
10	17.127884	11.998597	63.207424	6.6266937	29.640167	18.00424	54.178295	9.401872	200.0	200.0	99999	54.616882	10.509577	365.70587	-25.53231	54.616753	10.506179	363.20847	-35.46855	-2.620841	0.7856713	44.49593	-10.675079	-55.03309	2.761218	1314.4016845226288
11	16.652494	9.085911	42.627377	5.6717677	10.306696	0.9021139	11.630341	8.533501	200.0	200.0	109999	53.69866	12.469513	500.3253	-23.623285	53.699047	12.464675	491.9305	-29.20953	-2.5886705	0.9885538	31.305147	-9.818545	-54.080814	3.8412097	1456.413681268692
12	15.6124525	10.244878	64.122856	5.793408	15.761818	2.0288947	18.545378	12.354258	200.0	200.0	119999	52.11368	16.209536	622.02985	-37.047825	52.11363	16.218985	626.752	-42.021957	-2.5460033	1.0885918	41.241646	-10.843165	-52.44273	6.4982176	1587.6569442749023
13	14.928228	6.552682	34.21838	5.3068027	10.396848	0.26271915	10.842894	10.024942	200.0	200.0	129999	50.139843	20.582386	654.6439	-53.755558	50.14088	20.593128	635.17035	-49.333664	-2.3841512	1.5479637	32.19617	-9.664756	-50.44779	11.03776	1724.6508357524872
14	16.273344	10.711729	70.74442	6.321522	3.954656	1.9469082	7.8064055	2.5763545	200.0	200.0	139999	49.192772	23.426794	706.3149	-44.84976	49.191925	23.43514	703.21344	-39.743492	-2.3787923	1.4166557	26.001896	-11.279212	-49.453262	13.797198	1865.2152769565582
15	23.417963	54.66707	398.10437	5.935673	43.549644	49.4829	141.85783	15.725918	200.0	200.0	149999	48.46921	20.836525	672.0853	-65.36366	48.468323	20.84331	681.8894	-63.86408	-2.4688516	1.0795032	26.181122	-12.170027	-48.71924	11.510573	2006.5597987174988
16	18.17536	9.921335	52.464127	5.841077	14.964943	5.994517	24.062906	7.043077	200.0	200.0	159999	48.794777	19.428915	735.9581	-61.438255	48.7936	19.435019	723.8803	-66.05611	-2.4983761	1.0075104	21.185066	-10.642619	-49.05362	9.775917	2142.49329328537
17	29.805813	92.02378	669.6661	6.126157	15.071768	4.793846	21.837683	9.131959	200.0	200.0	169999	49.41061	22.059885	720.83154	-59.414436	49.409912	22.06017	705.3649	-62.23209	-2.4157898	1.23786	27.739689	-10.500579	-49.68234	11.064177	2281.548446893692
18	27.771173	48.81738	265.28458	5.102676	21.407436	4.926821	30.582586	14.899316	200.0	200.0	179999	50.66097	27.74044	705.432	-51.42492	50.660732	27.73946	705.5752	-48.979443	-2.369853	1.3843747	29.549187	-9.934231	-50.91749	11.833913	2419.941544532776
19	15.788669	13.906726	80.81106	6.0448017	15.513507	6.6562037	34.870064	11.835553	200.0	200.0	189999	51.469254	32.202797	716.65295	-42.147064	51.46804	32.21371	712.47906	-45.49696	-2.3207676	1.4763744	32.284283	-11.703361	-51.707874	16.664665	2557.4514729976654
20	43.338833	144.847	1046.0808	5.4715233	16.850676	9.360561	32.580544	4.997013	200.0	200.0	199999	50.794277	29.974394	693.0018	-58.279274	50.792675	29.987959	669.8532	-58.402027	-2.3249094	1.3549988	25.779005	-10.367979	-51.0253	14.105657	2693.4948041439056
21	23.930412	17.181433	88.77357	6.2478423	30.557049	25.033037	75.499	7.190137	200.0	200.0	209999	49.14743	23.695204	477.71274	-103.58286	49.14419	23.72419	473.2332	-97.74456	-2.3439574	1.2817037	22.51911	-10.104305	-49.355667	11.680493	2828.222057580948
22	27.318842	34.21581	169.0951	8.094038	30.329401	24.489975	62.019646	9.644236	200.0	200.0	219999	46.546738	18.230877	307.74423	-99.56848	46.544994	18.25017	290.32883	-94.483635	-2.4022508	1.1023687	14.704695	-11.792105	-46.764988	7.9977593	2970.905467748642
23	20.364723	18.887669	124.85397	6.186748	53.34141	43.16035	167.62291	15.136374	200.0	200.0	229999	44.477894	16.796417	336.62488	-87.55923	44.476135	16.80505	343.40463	-83.527016	-2.4452188	1.0436771	19.075788	-9.755791	-44.6993	7.764295	3102.7044253349304
24	18.324629	18.29611	123.22466	5.6385565	10.705306	1.8047941	12.652057	7.7904186	200.0	200.0	239999	42.78105	16.45387	321.58667	-85.253525	42.780373	16.459965	322.8213	-84.80503	-2.465216	0.95297796	15.989479	-11.1769285	-43.012844	6.8819017	3241.4028573036194
25	18.841301	14.51055	71.98741	4.5510235	11.765635	6.890537	28.641983	6.15475	200.0	200.0	249999	42.039413	16.39137	370.7811	-86.06399	42.039223	16.396914	380.83627	-86.17818	-2.486292	0.93781424	16.48173	-10.582154	-42.290142	6.3737917	3374.7352635860443
26	15.317353	18.95953	136.10168	5.858403	62.84037	111.47144	389.2613	7.1247215	200.0	200.0	259999	42.16707	17.081766	443.59055	-74.917	42.166588	17.08894	461.5195	-76.18253	-2.4819076	0.93551135	21.940847	-11.410861	-42.4142	6.748593	3515.6555438041687
27	13.082158	5.177054	28.58447	5.821707	13.2972765	3.7989252	20.127089	8.3173275	200.0	200.0	269999	42.455143	18.207993	456.97134	-87.51822	42.455074	18.215332	452.05432	-93.63173	-2.4647436	0.99538565	17.630634	-10.406924	-42.701664	8.047611	3651.5035135746
28	12.427489	6.3966017	31.442572	5.7581854	12.734772	0.9142887	14.0101595	11.480635	200.0	200.0	279999	42.62792	19.547297	505.76138	-112.55651	42.627403	19.557268	494.87033	-112.69255	-2.4667397	1.0231383	19.501347	-10.855251	-42.87269	8.314735	3789.381833553314
29	14.769714	8.942766	49.5398	5.849858	7.276438	1.6468644	10.490203	6.078741	200.0	200.0	289999	43.410133	20.519691	623.86273	-122.254105	43.409405	20.528032	613.6695	-121.53669	-2.4303343	1.1119906	20.227295	-10.207312	-43.65927	10.174545	3927.3873624801636
30	17.500795	34.128456	251.01671	6.106105	7.5418334	1.567215	11.427123	5.682933	200.0	200.0	299999	43.80303	20.60248	625.6156	-118.94624	43.803707	20.612423	617.76196	-122.21451	-2.4331136	1.0754122	23.504261	-12.080112	-44.05778	10.707327	4062.657368183136
31	18.945036	23.835985	165.26843	5.20142	5.3861237	0.49720365	6.0650973	4.7466764	200.0	200.0	309999	43.975945	22.168028	607.13446	-121.94486	43.9763	22.171621	599.4057	-123.41883	-2.4093392	1.1566409	21.429619	-10.321183	-44.215626	12.425982	4208.0358102321625
32	47.901035	122.12745	719.9197	4.8414493	8.997041	2.5030675	14.742585	6.2536016	200.0	200.0	319999	43.898243	24.344467	554.1506	-159.68813	43.897984	24.34302	539.2251	-153.1994	-2.3574626	1.2113149	19.495771	-11.20949	-44.121204	13.134078	4345.914445877075
33	16.347073	11.661901	67.64337	6.600255	29.162838	13.547045	62.80124	10.97643	200.0	200.0	329999	43.565144	24.698742	527.62787	-172.386	43.565838	24.699041	525.66614	-161.433	-2.3733194	1.185813	30.384878	-10.842769	-43.790756	12.957502	4479.981871366501
34	39.76514	180.89433	1304.5668	6.229425	9.058588	1.4160553	11.491094	7.943772	200.0	200.0	339999	42.612213	23.955978	536.2612	-179.47101	42.612564	23.954992	524.1312	-187.74637	-2.4185545	1.1067837	26.141018	-9.996588	-42.815025	11.6181	4618.0999710559845
35	35.179836	120.837555	814.77484	5.563984	7.9104476	0.7272402	9.614456	6.927849	200.0	200.0	349999	41.694202	24.766455	554.705	-224.55554	41.694817	24.764925	555.7052	-223.48193	-2.37477	1.2282534	22.9909	-10.723705	-41.90438	13.877494	4758.021876573563
36	16.733118	9.47917	61.19797	6.51155	48.073547	42.98897	147.78235	13.349161	200.0	200.0	359999	41.019547	26.187798	609.19543	-221.88367	41.01954	26.186148	574.4682	-226.99152	-2.3475127	1.3147311	25.901196	-14.831493	-41.221542	17.22339	4892.532829523087
37	17.25747	14.315241	72.80005	6.0995903	12.707395	1.4181055	14.774151	10.629984	200.0	200.0	369999	40.173714	26.324436	564.5821	-229.99174	40.174175	26.319641	525.4391	-228.4311	-2.3327036	1.3020711	26.439905	-10.557186	-40.35985	16.01354	5029.506884813309
38	21.62159	62.12795	453.64767	4.4524784	9.1060915	0.4364675	9.622724	8.392059	200.0	200.0	379999	39.10353	26.509735	597.0435	-219.51044	39.10439	26.505978	582.12585	-217.04932	-2.3290365	1.3146294	48.397217	-11.401133	-39.270676	16.168325	5162.635340690613
39	17.90654	21.282965	139.74629	5.4891787	29.715082	33.19188	128.60278	12.749746	200.0	200.0	389999	38.093266	27.111862	558.97424	-222.23932	38.093525	27.111206	545.10266	-210.16035	-2.3292677	1.3061186	37.021008	-11.391628	-38.2652	16.217327	5301.248421430588
40	16.75853	15.671762	84.19762	5.041075	11.561272	1.2553685	13.137585	10.198371	200.0	200.0	399999	37.156895	27.780293	690.7551	-205.99684	37.158775	27.778605	687.62103	-208.92186	-2.30339	1.3701986	30.501036	-10.719929	-37.33673	17.891174	5442.475853681564
41	12.00911	5.3488235	34.972164	5.929936	10.366449	4.2167416	22.464134	7.3490562	200.0	200.0	409999	36.108837	28.358814	796.3828	-230.36581	36.108913	28.348454	808.98145	-218.40097	-2.2936623	1.335802	29.97609	-10.57242	-36.252117	19.14673	5582.711345911026
42	11.858225	8.798552	65.03851	6.021657	10.63758	2.5790756	13.194246	5.734506	200.0	200.0	419999	34.56062	30.937576	913.0456	-251.73509	34.560184	30.925531	924.0209	-242.53198	-2.3044777	1.3754492	27.911556	-11.73064	-34.697998	22.023067	5719.809171438217
43	10.5842705	4.5563436	28.460619	4.331748	7.0719414	1.5171878	9.026089	4.500861	200.0	200.0	429999	33.827972	35.21097	962.9206	-236.4927	33.826572	35.21213	964.1529	-241.71236	-2.2136	1.5734949	28.00438	-12.191054	-33.96636	29.40959	5856.544311761856
44	45.011444	137.2871	813.53906	3.6225092	15.087881	3.0850432	22.034143	10.536425	200.0	200.0	439999	34.087013	39.24461	982.6014	-263.5156	34.08465	39.263996	974.0903	-249.20322	-2.0891683	1.7452003	24.76072	-10.221313	-34.206154	37.59371	5996.551099538803
45	26.72801	92.20095	666.74554	3.3367965	15.979566	10.177444	35.07804	7.807056	200.0	200.0	449999	33.24577	39.849606	873.1328	-411.38104	33.245235	39.852608	856.5876	-424.43716	-2.0627408	1.6815943	26.691748	-10.589562	-33.33816	36.40623	6137.205994129181
46	55.33562	228.40765	1604.1418	4.9721155	7.131469	0.91372746	7.8629837	4.655511	200.0	200.0	459999	30.986908	43.02915	1128.8596	-453.01587	30.987158	43.03901	1139.2804	-452.4387	-2.0718515	1.6118313	25.120869	-10.3845005	-31.037045	37.76755	6273.566542625427
47	13.929066	11.927718	79.0242	3.6048865	22.215534	21.089031	63.665398	7.3355427	200.0	200.0	469999	28.274923	48.39787	1303.7708	-505.10406	28.273273	48.415745	1269.9948	-494.66837	-1.9964893	1.6569551	28.557753	-12.626529	-28.325972	46.757595	6411.7164607048035
48	14.016763	12.6876545	81.29114	3.87663	49.24098	27.633053	80.49845	11.916437	200.0	200.0	479999	25.902191	50.54483	1295.6525	-568.92664	25.899944	50.548588	1299.668	-565.53827	-1.9750062	1.6663458	29.561285	-11.778693	-25.949274	47.67247	6547.350604534149
49	17.846836	18.107395	102.32165	4.1179657	24.66582	18.307625	52.1915	6.022613	200.0	200.0	489999	24.741287	54.38511	1353.9073	-619.70667	24.737679	54.397278	1364.6982	-625.74506	-1.9141425	1.7354393	32.29293	-12.357328	-24.774527	51.70474	6693.979909420013
50	19.548948	33.560623	183.49017	3.8275232	8.719333	2.0338092	11.379369	4.910916	200.0	200.0	499999	23.131676	55.930557	1391.8932	-682.12	23.12922	55.92932	1358.4353	-695.58124	-1.8836418	1.7863663	34.222187	-11.33461	-23.15593	52.78397	6832.384454250336
51	15.8737135	16.795788	103.66335	3.7308981	11.128141	3.2526875	15.975458	7.74474	200.0	200.0	509999	21.006908	57.114388	1436.5	-676.3362	21.006699	57.132732	1411.8187	-711.36597	-1.9109495	1.7111015	29.012222	-11.450786	-21.006815	52.16738	6978.283676147461
52	20.8244	44.00207	310.49094	5.786469	9.623099	0.9983468	10.997133	7.7563176	200.0	200.0	519999	19.932306	60.082436	1503.3737	-711.67456	19.930632	60.09112	1494.8259	-718.53314	-1.8305532	1.8051108	26.965569	-11.534715	-19.973919	57.157257	7122.735268354416
53	13.385037	14.949535	103.10672	5.1848826	9.006642	0.8537674	10.032389	7.627628	200.0	200.0	529999	19.603264	62.55072	1500.5405	-771.8026	19.603195	62.56118	1497.0028	-749.1765	-1.7977846	1.8606457	25.405712	-12.161422	-19.631573	65.088615	7260.505591630936
54	43.79339	160.0362	1093.5831	3.15742	11.237854	2.9336812	16.742672	8.187286	200.0	200.0	539999	19.204035	63.69032	1569.2817	-775.29974	19.20156	63.703598	1585.0106	-739.019	-1.7602465	1.9085149	27.839886	-11.09611	-19.246828	63.87812	7407.045152664185
55	9.298063	4.8008885	26.999212	3.1672897	13.791933	4.414468	18.102562	5.595847	200.0	200.0	549999	17.977413	63.474262	1665.2549	-804.9751	17.979141	63.479736	1645.9125	-784.5121	-1.7576369	1.98875	32.58843	-10.525419	-18.022121	67.902596	7551.276207208633
56	19.836329	35.855457	235.02425	3.330392	16.091122	10.489261	36.510315	6.3191833	200.0	200.0	559999	18.608784	65.75273	1545.4053	-846.4671	18.610064	65.75186	1555.4475	-851.5918	-1.7090081	2.0057495	38.21084	-11.945505	-18.642696	73.34312	7690.34673166275
57	23.48833	51.79834	338.69193	3.2800663	20.815517	12.478598	42.488476	9.979699	200.0	200.0	569999	19.2337	73.43198	2080.7837	-804.4937	19.233805	73.46163	2104.0576	-782.7961	-1.6570519	2.1106408	37.672897	-12.253239	-19.238071	88.16671	7841.257081270218
58	47.172955	190.59622	1370.1774	4.4888167	9.827086	1.1063005	11.933673	8.766395	200.0	200.0	579999	18.372782	79.27305	2251.1475	-745.79065	18.375792	79.27787	2296.304	-730.26733	-1.603863	2.1153407	45.04331	-12.049008	-18.331156	111.38508	7985.51518535614
59	17.046951	21.92233	120.318306	3.3487017	8.876688	1.5537136	11.091705	5.8510227	200.0	200.0	589999	17.758411	81.52164	2077.6438	-791.4887	17.75922	81.545044	2119.562	-788.8033	-1.5130969	2.0961142	39.00046	-11.575631	-17.684977	117.31452	8130.094769716263
60	19.546232	24.724693	126.59044	2.0874927	11.506707	2.7693436	17.344198	8.789974	200.0	200.0	599999	17.048874	83.362595	2052.8872	-829.1157	17.053799	83.36347	2065.447	-822.6533	-1.4065064	2.1134646	35.599102	-13.827807	-16.983265	117.652466	8283.245639562607
61	36.788277	137.59163	986.7337	3.1338515	34.51333	45.16881	124.582436	7.875911	200.0	200.0	609999	13.63024	81.17319	1970.0631	-806.8795	13.636267	81.18333	2070.0981	-784.6363	-1.3602751	2.1494706	41.286484	-12.810334	-13.508009	116.780426	8430.026593923569
62	33.98927	100.115105	710.39154	2.3827176	10.304945	0.3831644	10.839456	9.859244	200.0	200.0	619999	9.566775	79.2096	1805.0886	-876.0125	9.573002	79.19135	1854.7794	-881.155	-1.388754	2.147053	31.256083	-11.852266	-9.429672	111.54319	8578.196452856064
63	14.676578	11.522614	65.44735	5.710881	12.192316	2.7109518	15.503237	9.292056	200.0	200.0	629999	8.581696	80.48591	1981.3612	-909.28656	8.589315	80.49544	2022.993	-903.6544	-1.2807997	2.2672932	39.282562	-12.443815	-8.571943	118.24636	8729.011917114258
64	30.890833	60.275818	397.7139	4.4165974	9.109036	2.4681058	15.019469	6.4597106	200.0	200.0	639999	11.82537	84.72746	1903.7352	-933.0804	11.832907	84.74096	1901.5215	-927.9198	-1.3233608	2.3276756	43.04827	-14.189381	-11.790404	136.41454	8879.8698284626
65	28.106438	42.370888	251.22879	5.2288985	27.121923	21.684105	67.054535	7.936095	200.0	200.0	649999	12.067163	85.513504	1859.7388	-984.16833	12.075732	85.50462	1820.2225	-994.5121	-1.3824705	2.1952531	37.04419	-11.771723	-11.913635	123.1924	9029.894552469254
66	21.889929	28.197731	136.9011	5.0123863	9.805072	0.8581877	10.589861	8.1128	200.0	200.0	659999	10.432228	83.81289	1649.4199	-1092.5999	10.439496	83.82163	1685.0253	-1082.5237	-1.2665393	2.2283087	42.63497	-11.87841	-10.305446	114.87805	9173.439132928848
67	33.724262	127.81186	923.33386	4.296006	10.007764	0.49853864	10.756141	9.356644	200.0	200.0	669999	5.973878	79.49324	1526.7821	-1108.9227	5.979402	79.482315	1554.1376	-1119.6511	-1.367985	2.153121	49.02702	-13.01081	-5.7645373	99.90455	9325.974597215652
68	16.728758	18.825407	97.11693	5.3087926	5.9428253	2.0201547	11.63774	4.646615	200.0	200.0	679999	2.5999272	73.12796	1327.8788	-1102.9409	2.6061385	73.13116	1374.7932	-1084.0204	-1.4498104	2.0888925	51.192158	-11.939234	-2.4018645	82.12626	9471.205674409866
69	13.181958	9.65967	67.81293	5.5565	28.64736	26.285465	68.529686	9.245055	200.0	200.0	689999	1.4675344	71.49296	1397.1735	-1012.02545	1.4744216	71.47633	1438.7572	-1012.9052	-1.4625179	2.1229434	50.345745	-11.023354	-1.3332877	81.03158	9618.642053365707
70	11.66707	8.917036	58.49755	5.7262383	110.45239	306.5949	1030.2363	7.1563263	200.0	200.0	699999	0.9080451	69.80327	1536.6024	-993.92535	0.912126	69.801025	1509.754	-999.215	-1.4488367	2.1286669	40.794525	-11.815357	-0.83466375	78.6047	9768.099183321
71	10.208551	4.6055136	38.11326	5.858248	8.767791	1.1136521	10.015577	7.4413543	200.0	200.0	709999	2.4382842	67.7541	1487.4937	-982.9374	2.440737	67.73983	1496.6736	-959.501	-1.4943011	2.0766017	42.037342	-11.8107815	-2.3758125	75.93746	9917.893760681152
72	23.328323	84.67572	613.93097	6.9426656	9.094335	0.9021312	10.26339	7.989266	200.0	200.0	719999	4.1315017	66.6948	1447.9257	-1073.1583	4.1362214	66.68932	1448.1385	-1085.3577	-1.4993558	2.079199	37.270912	-11.722734	-4.094502	74.71709	10059.892822027206
73	61.214462	219.90233	1357.2809	5.6550765	13.350786	4.5173206	21.065363	9.075601	200.0	200.0	729999	5.3247576	65.8436	1430.6821	-1055.6393	5.325852	65.85017	1478.8656	-1013.54443	-1.5665509	2.078383	34.34201	-12.140009	-5.2963424	66.95444	10205.139122486115
74	12.983509	10.0652485	69.667465	5.34818	7.7819567	3.961322	18.632925	4.447472	200.0	200.0	739999	7.898514	64.54759	1364.2474	-1076.9976	7.8983207	64.54784	1466.0122	-1060.3661	-1.5490551	2.1070576	42.501984	-12.750023	-7.9129033	66.49931	10353.036598682404
75	34.150345	165.51445	1191.6641	5.8877974	9.3040905	1.0960579	10.55681	7.9585004	200.0	200.0	749999	10.336098	63.004715	1316.6244	-1085.6528	10.339603	63.01694	1297.278	-1083.9625	-1.5630705	2.0465748	39.07969	-11.461292	-10.34538	63.40427	10501.775240421295
76	28.249134	124.98316	901.20935	5.2525444	9.202725	0.96363395	10.688728	7.867363	200.0	200.0	759999	11.498903	62.4134	1449.8906	-1065.8896	11.501218	62.42177	1437.0286	-1069.3656	-1.6087949	2.0072699	34.692795	-11.814537	-11.5091	60.990475	10642.814265727997
77	18.838367	41.940872	281.42792	3.6102793	9.750025	1.3278527	10.782127	7.5884557	200.0	200.0	769999	12.453514	63.921555	1460.6631	-1103.8354	12.456082	63.915985	1461.4036	-1115.8074	-1.5909604	2.0533743	34.664925	-11.405112	-12.453678	64.670334	10789.668214321136
78	11.707039	11.078181	77.01066	3.3469896	8.223623	0.3991009	8.644061	7.2868695	200.0	200.0	779999	13.205992	65.3779	1528.9524	-1197.2595	13.20934	65.37089	1536.8333	-1188.4606	-1.6263433	1.9868395	38.052925	-11.442556	-13.190457	64.370674	10935.733938217163
79	10.3047695	5.46391	34.210175	2.6485841	9.651178	2.2860403	13.893563	5.383982	200.0	200.0	789999	12.918809	65.14052	1482.0635	-1256.0968	12.920128	65.1408	1481.6301	-1248.2013	-1.6541517	1.9841594	32.583652	-10.990747	-12.89555	65.044785	11077.644552707672
80	16.433048	27.069614	196.90823	5.920563	7.551698	2.6840203	10.407201	2.594648	200.0	200.0	799999	13.891989	64.84675	1437.1061	-1224.687	13.891856	64.84858	1458.5769	-1227.0125	-1.6008794	2.0216594	33.29706	-11.275299	-13.907391	66.98979	11224.011019706726
81	12.498229	12.614231	81.0342	3.0827305	10.705643	1.1768144	12.951697	9.590541	200.0	200.0	809999	13.842094	65.65952	1553.0693	-1249.9956	13.843557	65.669945	1536.6174	-1225.318	-1.635116	2.0103147	34.136852	-14.171442	-13.827883	72.59253	11369.211769104004
82	12.831709	7.734366	48.798035	5.7345037	13.024328	4.8959	23.82802	6.188202	200.0	200.0	819999	15.058202	65.16671	1446.9158	-1143.1718	15.061353	65.16654	1482.4075	-1147.8062	-1.5945929	2.056183	30.793482	-14.030021	-15.070819	73.88142	11521.885924100876
83	33.51671	143.12651	1029.0751	3.091151	10.409018	2.0143163	12.893116	7.683812	200.0	200.0	829999	14.99747	66.45933	1635.0935	-1130.3063	14.999098	66.454575	1620.2148	-1153.8749	-1.5942396	1.9875921	28.241869	-12.094978	-14.983759	72.1767	11672.358420610428
84	46.262608	162.61966	1076.6395	5.0614247	147.20775	273.97287	695.15326	9.775905	200.0	200.0	839999	15.680262	69.08307	1645.3699	-1123.3259	15.680583	69.07404	1672.4293	-1127.4385	-1.5203564	2.1543798	40.262146	-11.968897	-15.699414	86.6453	11818.76504611969
85	21.521929	59.94188	436.71536	6.0756135	109.88997	297.41898	1002.12585	9.105082	200.0	200.0	849999	16.901218	66.62749	1632.1385	-1098.5846	16.904102	66.62591	1686.46	-1086.854	-1.5279065	2.112038	29.198013	-12.7064	-16.905537	77.9685	11967.792341709137
86	107.78941	282.61258	1315.717	6.8013945	133.60349	353.75626	1194.1934	7.4663224	200.0	200.0	859999	18.75747	67.03934	1842.0311	-1040.1312	18.75927	67.0278	1885.8337	-1083.4683	-1.4319775	2.1576555	53.279156	-12.156529	-18.799694	83.4644	12102.432972669601
87	34.34249	94.62754	642.7539	4.9809165	16.881563	9.723539	35.09025	7.8069882	200.0	200.0	869999	20.63309	68.77803	2036.4335	-987.3236	20.636236	68.76995	2029.684	-966.4865	-1.3640107	2.204787	36.813297	-13.013652	-20.686308	92.509964	12249.414623975754
88	168.9105	399.848	1514.8496	7.3799233	20.17352	15.357977	53.224247	9.569056	200.0	200.0	879999	22.944235	73.006165	2007.347	-971.098	22.94555	72.99628	1974.3075	-1001.62195	-1.2495052	2.3131237	40.77299	-11.640375	-22.971582	102.27277	12392.442710399628
89	114.16688	255.98744	1065.4683	3.3198752	124.42479	216.78856	675.442	8.200813	200.0	200.0	889999	23.016216	74.29127	1878.5845	-1015.6579	23.01903	74.28803	1902.5576	-974.493	-1.2314564	2.3650854	42.253372	-11.86501	-23.029716	102.160866	12535.906512022018
90	72.81668	203.38925	1042.3986	5.3819175	33.973732	30.860233	114.07613	9.419008	200.0	200.0	899999	21.826548	71.70323	1640.6879	-1036.8038	21.829971	71.70158	1652.6	-995.54834	-1.2678427	2.236305	37.711525	-11.797115	-21.765165	92.90426	12678.804432630539
91	72.63188	210.13326	975.3513	3.6084497	9.831197	1.0595579	12.275186	8.39425	200.0	200.0	909999	19.266052	72.45448	1754.0193	-1017.94434	19.268068	72.43572	1785.7407	-992.30975	-1.2681898	2.2213736	32.40618	-13.737686	-19.180634	100.61544	12822.590686559677
92	30.750587	74.195175	512.061	3.9507732	16.136929	6.4530745	25.913599	10.7403345	200.0	200.0	919999	16.88909	70.456474	1724.8528	-1017.7461	16.891932	70.44724	1760.9827	-984.99176	-1.3255827	2.2269206	54.83249	-12.058903	-16.81648	92.60374	12970.766772508621
93	42.41223	129.33037	690.2179	4.3435974	8.539677	2.1304595	11.79894	5.7546	200.0	200.0	929999	15.29249	70.41369	1773.4996	-1003.9187	15.294593	70.40504	1776.821	-1000.9764	-1.3775773	2.1869266	47.03556	-13.529089	-15.195812	92.64339	13116.471416711807
94	17.748596	47.86509	351.03656	4.9043837	149.1529	260.17276	851.2772	7.4377885	200.0	200.0	939999	15.104508	70.45902	1835.7268	-1013.02545	15.104902	70.45194	1817.0262	-1014.3657	-1.3183775	2.2599487	36.287308	-11.81315	-15.082114	90.9587	13268.828878641129
95	43.12624	189.72108	1365.8011	7.1015944	19.661709	16.489523	67.5913	6.031824	200.0	200.0	949999	14.764034	68.877464	1792.0453	-1081.2192	14.765836	68.86874	1739.3756	-1054.3544	-1.403252	2.2155008	40.825336	-12.356916	-14.697791	81.11855	13419.172324180603
96	55.617996	188.1522	987.714	4.1018467	11.369443	5.0231996	23.964722	6.9497814	200.0	200.0	959999	14.388324	66.74714	1855.4973	-976.72253	14.387578	66.73661	1967.2225	-967.4755	-1.3270878	2.2340717	34.419357	-14.049216	-14.358729	86.81646	13568.012019872665
97	65.89702	204.74696	1125.0023	2.6976242	53.66389	138.20743	468.2366	6.2808943	200.0	200.0	969999	16.593803	71.817245	1893.8522	-939.71356	16.598263	71.805214	1945.1606	-921.3556	-1.286174	2.294797	30.39673	-12.368307	-16.598715	113.3126	13887.333674430847
98	28.054026	48.733547	273.45276	4.456297	27.836872	41.82223	151.35535	7.5029116	200.0	200.0	979999	18.593103	72.23328	1978.3154	-1107.006	18.593378	72.22121	1912.216	-1112.2931	-1.2247283	2.3799536	31.741108	-13.670605	-18.595877	100.519615	14311.6034989357
99	18.110329	20.032473	105.898834	3.2191577	81.01535	207.16884	702.332	8.397904	200.0	200.0	989999	19.621908	72.76829	1848.1294	-1026.5142	19.62489	72.747154	1886.9512	-1042.7169	-1.2198371	2.2878687	34.381725	-13.675078	-19.60584	108.74534	14733.734186172485
100	29.321804	55.351284	279.50787	6.035318	11.47868	9.530235	39.98554	7.666683	200.0	200.0	999999	22.30189	78.225975	2009.1215	-1147.4208	22.305008	78.19357	2027.2043	-1114.9955	-1.0743506	2.3906133	34.192856	-13.704362	-22.348282	132.65457	15212.974219322205
101	78.59692	273.02408	1414.6289	2.5856414	144.62086	409.50385	1373.117	5.469718	200.0	200.0	1009999	25.313688	80.31283	1906.1951	-1203.1868	25.31557	80.2963	2047.0094	-1186.8302	-0.9875215	2.4448214	29.896587	-12.383296	-25.358826	136.93141	15662.933277606964
102	99.65755	267.20663	1413.0122	5.5343456	9.222067	4.24232	21.841373	7.498291	200.0	200.0	1019999	25.827692	83.61441	1683.1464	-1384.4712	25.827818	83.60034	1676.5468	-1346.5111	-1.0585871	2.4628577	56.830925	-11.925467	-25.794525	137.38712	16132.439112663269
103	69.247246	225.46944	1483.828	4.5118785	233.41109	354.62158	886.0782	8.908931	200.0	200.0	1029999	24.656141	85.31181	1585.9839	-1339.0286	24.657656	85.30402	1609.2212	-1323.3748	-0.96365815	2.5019631	62.77518	-12.552305	-24.593922	142.41237	16603.16392827034
104	60.415085	170.20981	922.17236	3.686144	55.214363	61.95376	172.21515	8.593349	200.0	200.0	1039999	22.833866	83.17954	1643.5502	-1310.4385	22.836327	83.17157	1662.3885	-1294.752	-1.03294	2.4228086	49.93709	-12.227515	-22.692366	129.58475	17076.286323547363
105	25.303001	62.479717	397.0193	3.2292442	7.8423066	1.5109161	9.922603	6.0660257	200.0	200.0	1049999	18.921064	81.13442	1614.6526	-1243.4862	18.922316	81.12492	1563.2161	-1236.5737	-1.0598555	2.3820243	43.282547	-12.409255	-18.768093	126.99696	17526.769067287445
106	36.548862	162.7134	1174.0566	6.403976	8.07558	1.7659079	11.60003	6.8742356	200.0	200.0	1059999	17.275305	82.31081	1775.247	-1230.3424	17.275867	82.31087	1834.1129	-1222.9185	-1.0749991	2.3557749	40.65344	-12.4106865	-17.154379	137.28537	17973.225744009018
107	53.993378	125.485664	591.4864	4.5092893	7.8908973	1.997702	10.456241	5.0512547	200.0	200.0	1069999	16.854687	89.37195	1793.0408	-1324.1753	16.85995	89.36041	1772.2781	-1299.4218	-1.0668004	2.396546	36.662903	-13.363166	-16.738607	156.31699	18404.48486328125
108	86.65018	231.06001	1383.0643	4.842147	8.384425	1.7118685	13.167886	7.4086018	200.0	200.0	1079999	16.610302	85.826965	1811.7335	-1367.607	16.61073	85.819016	1900.3276	-1359.7275	-0.9940684	2.420359	32.134377	-12.838804	-16.474968	143.37637	18816.262817382812
109	29.644354	77.65217	491.06052	4.018136	20.046322	16.95986	67.85714	7.5050173	200.0	200.0	1089999	15.535203	82.05714	1540.0641	-1387.6655	15.53675	82.05003	1482.5781	-1402.8246	-1.0199968	2.3406823	41.274826	-12.234904	-15.396436	123.29952	19238.363624095917
110	52.7353	192.47156	1347.3887	7.875429	257.554	434.76352	1112.7495	8.074058	200.0	200.0	1099999	14.336599	80.88	1295.6691	-1402.11	14.338271	80.8708	1349.9149	-1396.9156	-1.0834322	2.3176622	31.98786	-11.778503	-14.163439	112.181366	19702.51585292816
111	38.671524	121.0672	805.929	4.1871405	35.15357	71.351425	248.92494	7.274595	200.0	200.0	1109999	11.200117	80.92602	1256.4497	-1557.3232	11.201287	80.906265	1254.7009	-1521.7485	-1.1395544	2.2752192	30.136894	-12.484379	-11.011461	106.65824	20115.38060092926
112	41.182133	130.54337	924.1069	5.0750256	14.625257	6.817184	32.8538	9.4734955	200.0	200.0	1119999	10.359465	83.138374	1457.9678	-1804.1343	10.360946	83.13535	1445.3599	-1792.156	-1.0952796	2.3811033	37.48688	-13.209212	-10.190192	109.94235	20534.493604898453
113	76.495804	266.04196	1370.4917	5.0147886	9.570993	1.0509356	11.640523	7.7959175	200.0	200.0	1129999	10.135111	82.149734	1278.7365	-1854.2458	10.135217	82.15	1294.8164	-1839.0989	-1.0874591	2.355273	32.663704	-11.722193	-9.988322	106.25221	20964.438313007355
114	17.888405	40.77716	292.62708	4.554486	9.999297	1.1597229	12.589101	8.188406	200.0	200.0	1139999	7.5708394	81.94899	1168.1888	-1808.9	7.5705557	81.94025	1146.9126	-1806.4554	-1.1948669	2.2917655	31.981089	-11.274914	-7.366004	97.52195	21387.321178674698
115	10.681615	3.608616	21.171658	4.190652	8.328376	1.7878456	10.1298275	5.443222	200.0	200.0	1149999	5.5008836	78.96606	1178.2766	-1853.6152	5.503574	78.96623	1135.8777	-1785.7798	-1.2301229	2.2665834	34.237946	-11.983263	-5.3089776	97.4089	21821.26214146614
116	24.608833	53.746063	284.33667	3.437651	13.437785	10.681903	45.272335	8.452454	200.0	200.0	1159999	3.9283764	77.7096	1210.4506	-1813.9952	3.9294684	77.70359	1152.8853	-1791.7952	-1.312613	2.2202837	39.137917	-13.247535	-3.708717	96.48273	22246.307745695114
117	10.223047	3.1173127	21.504232	4.2228265	8.631154	1.2994581	10.727855	7.2243705	200.0	200.0	1169999	3.014021	74.6222	1025.222	-1933.9263	3.0137224	74.61989	1078.4447	-1886.6305	-1.3271774	2.2040048	32.154774	-12.675993	-2.799033	85.13076	22668.120208501816
118	10.700652	6.743689	48.58384	3.9656706	15.834775	9.1800375	29.934917	9.158958	200.0	200.0	1179999	2.654464	73.90354	1147.1675	-1902.3289	2.6539762	73.90352	1112.6948	-1901.5985	-1.3178972	2.2395768	35.782753	-11.41284	-2.4599614	80.477745	23082.61374783516
119	8.342323	2.542603	14.723189	3.4303985	6.9384165	2.3222797	11.712283	4.396462	200.0	200.0	1189999	4.325265	70.739494	1152.959	-1662.4792	4.326964	70.73587	1181.2147	-1649.9569	-1.3936158	2.2060528	34.29742	-14.244644	-4.1363773	80.45062	23486.92451953888
120	26.863605	98.78489	708.5357	4.0987906	9.928877	1.8232232	14.350058	7.3434706	200.0	200.0	1199999	6.169766	68.20136	1127.4998	-1574.2151	6.1688046	68.21095	1117.8593	-1603.8579	-1.4186475	2.2275562	33.21472	-12.571565	-5.989859	78.64148	23897.780551195145
121	10.402314	3.396741	24.057583	5.006972	9.066031	1.4131317	11.05231	6.2474976	200.0	200.0	1209999	6.961194	65.05436	1034.7147	-1673.2308	6.963087	65.061615	1105.3883	-1683.6326	-1.4705637	2.1695132	29.164911	-11.746059	-6.7718835	71.517235	24316.884766578674
122	10.642417	10.267903	76.25426	4.109071	9.251196	1.520156	12.10473	7.6114383	200.0	200.0	1219999	9.227012	63.573837	1164.657	-1777.307	9.229006	63.58342	1137.1926	-1761.713	-1.3570744	2.2550182	30.121733	-11.675352	-9.114189	75.07927	24746.862901449203
123	8.691779	2.484799	19.101364	3.4071133	15.179651	5.8607774	28.731	7.0807652	200.0	200.0	1229999	12.325876	62.59668	1131.2798	-1684.0697	12.325102	62.595673	1157.6115	-1685.9232	-1.3791533	2.2008572	34.657333	-11.743406	-12.211587	74.15595	25152.382604599
124	18.011816	29.044855	144.02328	4.6667128	10.094098	3.749093	20.606174	7.098241	200.0	200.0	1239999	15.913914	62.28009	1196.3	-1498.6476	15.914876	62.280075	1211.4995	-1511.2605	-1.3255265	2.2700543	33.65546	-11.751518	-15.818105	78.91435	25586.063144683838
125	33.915005	109.37035	607.4032	2.6426942	33.54722	38.40456	103.552055	4.4756823	200.0	200.0	1249999	19.422413	63.62817	1465.1677	-1413.8795	19.42354	63.644344	1471.108	-1382.4794	-1.2460006	2.3313308	38.223877	-15.737345	-19.314274	85.769356	25980.837802171707
126	56.07178	157.74858	745.28406	3.4104724	8.81851	0.9444549	9.956003	7.5322666	200.0	200.0	1259999	22.664879	64.54439	1489.5492	-1331.3018	22.666529	64.54912	1521.2511	-1334.851	-1.1865288	2.3482199	45.7026	-11.908367	-22.58926	82.1043	26409.182929754257
127	68.75926	184.62369	949.96545	3.3253963	98.318794	143.83772	471.38626	9.62039	200.0	200.0	1269999	24.932064	63.975704	1577.9044	-1296.0114	24.931927	63.98275	1574.3003	-1274.7207	-1.2159315	2.2989442	38.14736	-12.273568	-24.805996	83.4991	26823.087029218674
128	25.226955	75.0103	535.58484	5.376144	377.60733	564.26825	1243.5543	6.6742773	200.0	200.0	1279999	25.348833	63.151443	1513.1285	-1279.7408	25.348421	63.156166	1527.0938	-1261.3633	-1.1559283	2.320152	41.96527	-11.215494	-25.228062	78.03326	27238.03253698349
129	61.377674	166.9274	1003.539	3.5457785	9.172595	2.3880923	15.978483	7.4079876	200.0	200.0	1289999	25.35044	63.106544	1665.4612	-1110.7003	25.349958	63.121143	1730.1486	-1120.3175	-1.1791087	2.2886245	31.60472	-12.689168	-25.224745	84.35789	27629.119118452072
130	50.52115	200.90076	1351.4208	3.1183836	19.909744	18.677404	56.83235	7.2151456	200.0	200.0	1299999	27.104305	65.007095	1788.4288	-958.4079	27.10487	65.00387	1775.7694	-983.9096	-1.066144	2.337602	35.148052	-12.56597	-27.044434	94.19605	28049.057879447937
131	77.7555	235.18082	1261.719	4.315108	48.067917	122.57183	415.64224	3.8297143	200.0	200.0	1309999	27.857594	66.42475	1865.8042	-948.2153	27.858414	66.446556	1792.4423	-947.38025	-1.1102	2.2983463	30.074425	-12.169094	-27.723381	94.76145	28477.094958782196
132	26.140335	75.34351	516.59656	3.8561714	11.523573	1.8628097	14.004597	8.341388	200.0	200.0	1319999	28.458044	71.86368	1961.743	-975.9695	28.46267	71.884834	1982.2739	-953.3238	-0.99172086	2.4099383	35.74661	-12.346871	-28.409344	132.7523	28904.365936279297
133	103.448586	275.04803	1574.3392	4.380973	222.95076	426.94928	1076.8362	7.4233174	200.0	200.0	1329999	31.922941	76.575165	2010.0796	-944.42474	31.924665	76.594215	2046.6381	-930.2037	-0.866853	2.508198	37.59999	-11.513943	-31.829319	125.35225	29314.282757997513
134	80.7281	185.64612	1049.9106	5.051808	15.953445	16.927704	66.69782	8.823805	200.0	200.0	1339999	32.051476	76.5813	1909.5409	-1011.9944	32.05227	76.58842	1920.9519	-1022.7982	-0.88688177	2.488193	40.54281	-13.435295	-31.887997	116.60939	29733.522085666656
135	96.51256	262.14236	1344.5981	6.191793	10.750059	2.551543	15.301333	8.924344	200.0	200.0	1349999	29.203386	78.5982	1939.7269	-1088.5857	29.20695	78.62413	1959.307	-1094.7242	-0.89584774	2.456877	36.671066	-12.049195	-28.988071	124.479485	30147.185028791428
136	13.751469	17.384375	124.359924	5.057467	7.830146	1.6557049	9.651643	6.036698	200.0	200.0	1359999	24.822672	80.13243	2122.897	-1138.3207	24.824263	80.16081	2176.5847	-1104.9735	-0.92589194	2.508701	44.734177	-11.828011	-24.545462	136.03494	30566.9800863266
137	11.140814	9.914727	77.94643	5.2995234	7.9781127	2.4587705	12.475673	5.815787	200.0	200.0	1369999	23.758373	81.282524	2130.636	-984.9921	23.757051	81.30632	2182.9504	-991.21686	-0.8567773	2.5935888	34.072582	-13.064968	-23.539837	148.33763	30974.15581178665
138	10.548078	2.71996	22.186129	5.9555483	9.971466	0.3990867	10.898073	9.416093	200.0	200.0	1379999	22.22924	76.24741	2219.3303	-1280.3182	22.225805	76.25871	2126.2056	-1227.2354	-0.96985126	2.4523857	33.162777	-13.13609	-21.944208	115.404076	31388.749138355255
139	11.268452	13.469404	97.10732	3.4684303	7.3357153	1.2540509	10.95155	6.2969384	200.0	200.0	1389999	20.930973	73.20249	2201.3477	-1389.1064	20.932076	73.21154	2207.4524	-1399.7568	-0.9482697	2.3998404	58.330654	-13.91395	-20.655094	114.88941	31794.008636713028
140	12.380608	11.467596	86.7575	4.2530026	6.6089425	2.0372374	8.81347	3.4600177	200.0	200.0	1399999	20.77148	73.13935	2176.5579	-1239.8367	20.770866	73.16662	2223.2566	-1238.2754	-0.9689851	2.413022	31.579924	-11.619766	-20.538406	110.13734	32210.35009241104
141	11.837163	13.584191	104.787186	4.776101	8.836176	3.2069125	16.814112	5.3175483	200.0	200.0	1409999	20.85892	74.286	2416.4263	-1183.3705	20.860943	74.3176	2572.6328	-1146.9922	-0.93265843	2.4137156	31.507542	-13.067058	-20.591602	122.328926	32624.245262384415
142	26.208982	78.566475	538.6364	3.7673717	10.748115	1.2740297	12.317294	8.937629	200.0	200.0	1419999	19.90972	72.82047	2182.7017	-1148.5155	19.909595	72.81876	2201.7585	-1181.4456	-0.94223785	2.3877885	30.651142	-13.226625	-19.62388	114.9285	33050.3392906189
143	33.96823	128.10204	837.25665	2.1728947	7.9381704	1.1161994	10.789835	7.3074183	200.0	200.0	1429999	18.327658	73.12074	2443.9019	-1328.876	18.328846	73.14413	2457.2307	-1336.5558	-0.90030205	2.3741963	39.98301	-12.5768	-18.077608	126.41359	33449.00395941734
144	12.085446	10.154908	79.19119	3.6671567	14.582677	4.8522916	25.454153	9.706025	200.0	200.0	1439999	18.026482	71.00572	2199.0935	-1362.676	18.02619	71.00266	2238.7349	-1324.638	-0.9842661	2.3461852	38.23165	-11.815499	-17.734856	105.565	33867.55596756935
145	30.40707	138.20279	997.3038	4.3966	12.772766	3.4850972	22.19389	9.503968	200.0	200.0	1449999	16.329079	68.17203	1933.269	-1329.3163	16.33092	68.17346	2066.4587	-1342.7291	-1.0170975	2.3345172	57.196426	-12.00337	-16.084057	99.53111	34284.66389131546
146	18.072464	23.686066	160.33751	3.6819375	172.81125	319.5122	811.8072	9.989851	200.0	200.0	1459999	16.085342	66.60188	2357.406	-1458.8044	16.08827	66.58467	2262.6543	-1412.3942	-0.95892274	2.3452964	39.498928	-11.971835	-15.868977	112.172325	34703.53691673279
147	66.0704	151.1761	632.3327	3.1814027	11.674032	2.2022622	14.972716	9.075065	200.0	200.0	1469999	15.654123	63.605778	2393.609	-1181.342	15.653075	63.63814	2463.346	-1173.7819	-1.0716774	2.3108034	42.835056	-14.330356	-15.450286	100.54907	35126.63051724434
148	40.94236	147.64877	845.29553	5.1925135	11.202569	2.221697	14.459975	8.69949	200.0	200.0	1479999	15.338603	63.347065	2592.1572	-1241.0204	15.339215	63.340885	2597.8252	-1191.4083	-1.0820152	2.2582407	35.47221	-12.516914	-15.129822	98.011116	35556.513615846634
149	10.735747	8.625816	62.87843	4.0547485	7.2185287	2.7272882	13.637574	2.9083998	200.0	200.0	1489999	14.737191	59.352985	2106.8718	-1140.6265	14.736549	59.346985	2144.5396	-1130.2588	-1.1986281	2.1690311	32.50709	-11.66398	-14.475567	84.31685	35984.87523818016
150	10.566148	13.338028	101.39764	2.9304821	9.885829	2.608791	16.206345	8.225034	200.0	200.0	1499999	12.811287	56.185684	1411.2568	-1111.6727	12.813008	56.19776	1365.8444	-1155.5983	-1.340118	2.0863748	32.436897	-10.472731	-12.587117	73.58513	36397.21579170227
151	13.368401	29.411896	217.94966	3.7384274	12.241892	4.704543	25.307892	8.569173	200.0	200.0	1509999	12.967862	55.28511	1428.1565	-1133.379	12.966357	55.294044	1514.743	-1161.5299	-1.3174089	2.1115906	34.110817	-14.057809	-12.775507	73.02896	36794.470368385315
152	10.543751	4.2262506	33.929054	4.300024	7.8031325	1.4000282	9.784617	5.0505333	200.0	200.0	1519999	14.543002	56.041103	1516.1184	-1076.182	14.542108	56.047203	1534.0391	-1082.4098	-1.2833135	2.1390712	31.318054	-12.429174	-14.388472	75.79801	37156.52518367767
153	9.613236	3.714695	27.22259	4.0968485	11.612871	0.9507736	13.093806	10.320498	200.0	200.0	1529999	15.702365	53.54179	1212.295	-971.4795	15.702555	53.53756	1210.9218	-954.3275	-1.4294282	2.0895548	33.685287	-11.06029	-15.502386	67.54838	37514.667699337006
154	10.611224	3.9880502	32.133698	5.334618	7.9200263	1.0718479	10.846322	6.934022	200.0	200.0	1539999	15.520948	53.862114	1049.073	-982.6022	15.51896	53.868042	1096.1002	-973.2586	-1.390826	2.1244545	29.210678	-10.9281845	-15.376133	63.68	37823.324835538864
155	10.006062	2.6389124	18.93042	6.11722	10.781347	0.46050853	11.619944	10.245922	200.0	200.0	1549999	17.819754	54.75346	1280.1514	-976.1056	17.819939	54.74643	1412.2518	-964.28015	-1.30537	2.1984894	31.170578	-11.52557	-17.727318	64.582634	38159.36863517761
156	46.111065	152.45602	957.68134	4.523477	13.444031	1.6354765	17.109045	10.576163	200.0	200.0	1559999	20.470041	56.126305	1197.41	-991.91705	20.471691	56.12567	1220.4653	-969.0587	-1.2882688	2.2296646	31.256268	-11.94339	-20.384697	67.75026	38560.81856274605
157	66.016716	234.6462	1248.7623	3.8182685	7.1397347	0.33503658	7.472266	6.513519	200.0	200.0	1569999	23.341824	54.45721	1161.588	-967.00543	23.34114	54.468796	1231.9272	-932.24054	-1.28238	2.1983116	31.362415	-15.019123	-23.224987	69.45415	38938.53556895256
158	36.29374	117.43044	689.38135	3.5282574	10.700641	1.9015508	15.027539	6.937112	200.0	200.0	1579999	24.422514	51.042133	1214.648	-936.35114	24.421461	51.043957	1201.441	-936.04553	-1.3032154	2.1775248	29.229567	-12.340381	-24.300404	62.191986	39320.523139476776
159	55.326298	159.58241	1043.6605	6.811362	70.70669	146.76068	506.1771	7.152321	200.0	200.0	1589999	24.777264	48.802147	1042.2573	-998.4545	24.776184	48.81279	1112.2373	-984.1118	-1.3414345	2.1376748	32.464035	-13.600428	-24.6704	56.99052	39697.73214673996
160	83.48664	202.41304	883.65674	6.2877126	150.43929	398.9498	1345.2174	7.470992	200.0	200.0	1599999	23.686485	50.05027	907.75745	-995.8179	23.686283	50.04898	1024.9999	-975.7817	-1.4125475	2.0928755	26.114063	-12.107855	-23.559649	58.411724	40054.27572798729
161	67.96327	210.4496	1371.2721	5.3032494	200.52415	381.54962	963.5422	6.0860534	200.0	200.0	1609999	23.186687	50.622437	813.9368	-1001.26807	23.186808	50.621372	802.50574	-990.06085	-1.4329879	2.0916183	38.392376	-13.116615	-23.046883	57.225136	40421.94750261307
162	104.11901	282.0161	1296.0488	6.081207	10.415409	2.5359902	14.117748	7.088511	200.0	200.0	1619999	23.369795	52.07116	925.0542	-982.0827	23.369919	52.069942	841.5597	-966.3314	-1.3494247	2.1665924	29.342407	-14.386932	-23.269722	58.413506	40794.569155454636
163	60.3766	207.44441	1370.131	5.0456476	17.934237	18.11127	70.751945	7.248634	200.0	200.0	1629999	24.63369	53.307766	911.19196	-1054.5752	24.633844	53.30614	890.19165	-973.6021	-1.3752636	2.109147	27.485811	-11.619158	-24.535675	57.582706	41163.35995721817
164	72.01123	213.24014	1361.7499	4.9791	12.266634	2.4215987	15.810716	7.715331	200.0	200.0	1639999	25.48564	55.375874	898.5771	-998.4056	25.485308	55.365826	948.1572	-997.6283	-1.3928438	2.1476698	29.8911	-11.405708	-25.363798	59.72705	41501.16050744057
165	95.068565	239.67978	1107.6089	5.754807	16.633938	8.722875	40.281567	9.64319	200.0	200.0	1649999	25.375229	57.16806	944.9657	-1158.2981	25.377975	57.158173	940.765	-1150.9205	-1.3361357	2.1796217	41.03322	-11.561258	-25.259497	64.0367	41801.02966594696
166	89.54325	290.05777	1428.0873	6.791651	154.76944	374.5576	1264.9847	7.608053	200.0	200.0	1659999	25.374886	59.055946	889.8119	-1212.3218	25.376232	59.050198	826.96375	-1196.6333	-1.3710575	2.1432562	30.62254	-11.516365	-25.24946	65.458984	42098.93869924545
167	80.04795	232.26839	1137.5045	7.1689487	228.26028	299.1814	960.02563	6.7653394	200.0	200.0	1669999	25.469078	60.393494	900.2151	-1252.3474	25.470102	60.388283	876.2965	-1233.0662	-1.2931442	2.191757	45.190865	-13.477634	-25.355354	69.90216	42410.703620910645
168	81.24904	249.42648	1407.812	5.762098	13.515007	3.748536	23.356045	10.9578085	200.0	200.0	1679999	26.55943	60.14786	926.6023	-1301.5502	26.56024	60.14197	899.0068	-1256.0973	-1.2768453	2.2192724	33.232582	-11.506581	-26.454206	66.61527	42720.864270448685
169	90.7396	267.85724	1382.3285	7.166758	120.58894	155.46494	566.14105	9.889726	200.0	200.0	1689999	27.86058	61.657635	889.6973	-1365.8629	27.859425	61.646473	934.7591	-1329.6472	-1.2512896	2.2898114	34.237038	-11.528188	-27.75344	70.56981	43020.64855217934
170	201.75409	380.73874	1396.2413	6.948457	11.823805	3.6901386	21.057884	7.693863	200.0	200.0	1699999	29.282743	62.24462	823.4822	-1423.8871	29.283466	62.236744	802.9164	-1407.5222	-1.1926115	2.3079245	42.0433	-13.564298	-29.177782	76.00885	43327.733984708786
171	130.15466	331.82928	1449.0472	6.944393	329.25424	414.98013	1147.7045	6.8196464	200.0	200.0	1709999	29.46646	63.412548	1018.00055	-1402.6461	29.46505	63.412086	902.8264	-1392.4144	-1.1805173	2.3173103	34.803425	-12.319998	-29.326357	79.96176	43645.006519556046
172	89.42249	258.81046	1304.1155	7.0382023	11.271271	1.7670691	12.86939	8.313688	200.0	200.0	1719999	30.259264	66.063095	879.59705	-1346.8093	30.258404	66.06315	901.64014	-1375.0106	-1.088962	2.3961709	27.992422	-13.588098	-30.144121	82.6554	43957.79382109642
173	180.86916	341.9358	1474.0485	7.0065665	277.01935	329.5853	1219.2567	8.702475	200.0	200.0	1729999	32.278923	68.88331	755.36115	-1327.6035	32.280476	68.871796	778.5755	-1353.9932	-1.0066254	2.463354	33.82112	-10.994675	-32.189774	81.17313	44260.90186524391
174	123.3208	325.37238	1363.8528	5.362022	340.0124	402.40085	1318.6686	6.855317	200.0	200.0	1739999	32.688084	69.09577	731.9424	-1408.683	32.688854	69.08844	779.3154	-1378.9795	-1.0368593	2.4237018	31.513287	-13.414541	-32.565086	84.01059	44570.56013894081
175	112.60855	273.1605	1446.7688	4.558115	49.327545	34.716587	98.67666	6.801753	200.0	200.0	1749999	32.429043	67.78751	743.64185	-1505.6216	32.42876	67.79187	796.19525	-1448.0562	-1.0487031	2.400201	34.934975	-12.338496	-32.265842	85.899956	44871.812673568726
176	156.77135	319.09888	1482.6898	6.9519377	119.01848	325.94437	1096.8469	7.5443873	200.0	200.0	1759999	30.435015	68.017654	725.2026	-1405.7808	30.433954	68.00728	721.00714	-1387.7885	-1.0875578	2.3730247	35.848385	-13.1086035	-30.294771	80.66949	45201.48492836952
177	209.22902	404.51477	1462.812	5.9613457	260.71515	387.05847	1390.8274	7.196012	200.0	200.0	1769999	31.251818	68.7474	705.0668	-1515.1101	31.252874	68.74783	765.11786	-1515.8024	-1.0240233	2.4288266	35.75724	-12.2706995	-31.12664	82.82268	45507.041068315506
178	108.98601	272.10498	1273.989	5.74177	53.1137	134.33633	456.10938	6.7249947	200.0	200.0	1779999	32.490063	71.5076	685.2732	-1694.223	32.491344	71.48419	661.51886	-1698.6536	-1.0079021	2.428836	29.518345	-11.374094	-32.336807	87.91332	45807.74468421936
179	159.53091	365.18475	1448.4573	5.215035	90.564415	244.50836	824.0766	7.2546406	200.0	200.0	1789999	32.183727	73.57523	749.9747	-1733.8153	32.183315	73.58612	822.60626	-1752.2274	-1.0156564	2.395633	34.387417	-11.426403	-32.007256	93.096634	46125.51099872589
180	136.05145	309.32663	1486.8495	6.5053234	428.91446	525.39874	1205.4835	6.4602556	200.0	200.0	1799999	33.055405	73.544525	751.6966	-1785.6497	33.055794	73.54112	783.1731	-1810.2924	-1.0147824	2.4448953	33.868053	-12.634093	-32.893394	91.50382	46416.41450381279
181	154.52982	344.55582	1386.6224	6.682887	360.283	549.118	1436.8173	6.778414	200.0	200.0	1809999	34.338444	73.6498	697.5308	-1808.5591	34.33932	73.64639	696.5875	-1789.7635	-0.96860254	2.4658654	30.698347	-11.633217	-34.18528	94.56225	46728.47473669052
182	132.99388	320.40167	1419.187	5.612316	183.72499	285.38284	946.6962	6.697665	200.0	200.0	1819999	35.681225	74.280174	788.39874	-1793.1816	35.681572	74.27855	810.9338	-1852.8717	-0.90988076	2.5094182	39.36678	-13.925375	-35.522987	99.0874	47029.46137571335
183	148.99402	320.0944	1271.5665	4.9046445	583.92065	691.8495	1466.7151	5.3843083	200.0	200.0	1829999	37.427208	76.92134	774.7528	-1770.9102	37.42877	76.918724	788.5295	-1737.4647	-0.8654077	2.5317166	32.347885	-11.893981	-37.296623	101.30474	47345.968433856964
184	191.28781	431.66266	1559.1907	4.830174	77.59072	104.8825	362.79852	9.011401	200.0	200.0	1839999	39.542683	78.5783	750.03125	-1789.0745	39.544403	78.563	804.908	-1772.5427	-0.84457564	2.5456512	30.634989	-11.813964	-39.396107	102.55048	47659.56530499458
185	153.31229	299.60165	1140.0554	6.8240223	94.8654	128.08784	290.51663	9.604223	200.0	200.0	1849999	39.998764	79.92604	769.8498	-1803.9027	39.99887	79.92357	781.1966	-1832.847	-0.8438881	2.5686803	46.046844	-11.324944	-39.83641	106.57544	47965.61655306816
186	117.86737	272.3788	1173.1863	5.4426956	309.574	454.75522	1004.21405	8.240155	200.0	200.0	1859999	41.138367	80.06497	760.21783	-1819.555	41.139343	80.071724	779.89233	-1840.8181	-0.78899693	2.5543633	43.200104	-13.160908	-40.997204	111.64384	48272.94311571121
187	121.36973	296.87173	1396.2343	5.2829137	134.99469	241.31564	816.0495	6.892846	200.0	200.0	1869999	41.074528	81.027405	706.1526	-1774.2925	41.074768	81.015175	728.68933	-1838.1382	-0.83659256	2.5723054	29.551348	-13.559436	-40.879883	111.91978	48573.237597465515
188	175.24945	384.3583	1486.5785	8.093508	246.48181	308.33008	1103.0676	9.233802	200.0	200.0	1879999	42.24299	81.779144	709.26324	-1826.1821	42.24366	81.78129	658.08594	-1827.9098	-0.780114	2.6161783	31.34444	-11.782722	-42.076797	111.3876	48883.11200904846
189	185.68185	376.38977	1515.2778	6.3909254	453.3409	434.86	968.5233	10.08122	200.0	200.0	1889999	43.1591	80.573074	703.09216	-1946.7035	43.16033	80.57045	780.289	-1914.5543	-0.7220415	2.6087506	35.527084	-12.122053	-43.012527	111.56046	49194.08325791359
190	125.151764	322.18747	1451.631	5.843445	101.61656	265.58597	898.17914	9.643683	200.0	200.0	1899999	44.05572	81.25818	805.4949	-1985.3667	44.055103	81.25767	786.3233	-2034.1989	-0.674106	2.6549222	38.120174	-12.70056	-43.90166	114.54125	49511.863819122314
191	164.49245	309.35596	1174.2913	7.939577	241.2461	401.01935	1338.3889	7.542371	200.0	200.0	1909999	43.72644	81.911446	693.4153	-2034.6466	43.727962	81.91076	690.6625	-2070.703	-0.70451444	2.6491773	43.536736	-11.836108	-43.546795	112.07417	49822.49040842056
192	197.18462	365.20367	1392.2787	7.578276	35.105537	32.52847	101.72674	8.698721	200.0	200.0	1919999	43.15464	84.325645	570.9771	-2045.7562	43.156624	84.314804	578.3617	-2038.1178	-0.7003105	2.6634586	34.725723	-12.734606	-42.953007	115.61329	50123.70332956314
193	192.86212	345.66473	1215.7606	6.123736	330.35077	426.59265	1288.6544	6.7029386	200.0	200.0	1929999	42.17877	85.7175	615.4549	-2239.2244	42.18073	85.70776	609.9019	-2251.7468	-0.64888114	2.6667974	38.504177	-13.64707	-41.955326	124.887764	50439.71768450737
194	185.65619	387.53876	1447.7961	3.0144517	163.8124	300.77142	765.28	7.4292393	200.0	200.0	1939999	40.406437	86.44133	646.0774	-2305.7583	40.40772	86.42734	640.94684	-2264.6602	-0.66450965	2.6583107	44.12093	-12.004005	-40.124336	124.32961	50736.36479949951
195	200.51833	372.57114	1383.8955	5.578171	110.175674	85.52982	236.63333	10.20086	200.0	200.0	1949999	37.15287	87.964745	682.70215	-2448.2537	37.153606	87.94651	698.60706	-2445.3638	-0.6617496	2.618573	38.762005	-12.688716	-36.85805	127.15155	51044.274411678314
196	107.7086	277.56033	1330.0964	6.995274	9.546022	1.38049	11.268874	7.0110483	200.0	200.0	1959999	34.970604	90.322624	657.0913	-2421.6875	34.973232	90.32184	655.5895	-2440.2153	-0.6745988	2.6186924	42.704685	-11.982667	-34.650764	136.84474	51349.61277914047
197	225.74707	410.8009	1530.2944	6.4204426	31.332998	26.851807	73.87412	5.7169123	200.0	200.0	1969999	35.30848	90.48298	691.85266	-2441.9973	35.311165	90.49282	715.04407	-2445.9097	-0.55189806	2.682906	77.98768	-11.722436	-35.05181	136.89763	51647.76640033722
198	112.37632	240.53917	1073.0496	6.073758	209.5062	170.09537	498.94687	6.9168725	200.0	200.0	1979999	36.935555	91.05461	970.701	-2378.6943	36.93767	91.06148	976.41705	-2424.9988	-0.59063274	2.706321	48.507286	-13.460157	-36.64449	140.00494	51953.706428050995
199	129.06097	314.22705	1460.9579	7.0792418	85.30576	119.412895	394.1183	7.154013	200.0	200.0	1989999	37.869785	93.886986	1214.3763	-2559.249	37.871265	93.89951	1243.8635	-2644.7795	-0.51934195	2.6989844	63.670124	-11.650758	-37.59915	146.71231	52252.42530250549
200	104.91521	286.55008	1480.1831	6.0477943	90.08632	124.09288	389.9703	8.755061	200.0	200.0	1999999	37.87615	93.975685	1472.7306	-2589.7852	37.876427	93.991325	1533.2751	-2632.8547	-0.48473266	2.7070372	46.452755	-11.760483	-37.606583	150.25609	52567.50977706909
201	178.423	289.5683	1162.4363	7.309368	139.4347	240.32057	847.4424	5.7810774	200.0	200.0	2009999	38.067207	92.46387	1487.2179	-2507.7075	38.064594	92.46308	1486.2021	-2452.4856	-0.55190146	2.6642895	57.742023	-13.285352	-37.757805	147.95985	52886.13342523575
202	178.19127	352.31976	1318.1006	5.8369327	193.91689	449.70972	1533.1349	7.3559628	200.0	200.0	2019999	37.717606	94.03804	1442.7748	-2347.2727	37.715137	94.04514	1422.2181	-2353.617	-0.52235603	2.6958814	44.077736	-12.282148	-37.400826	156.09088	53179.885370492935
203	174.90746	386.83926	1402.2896	5.6011086	366.248	390.93024	1033.621	8.280628	200.0	200.0	2029999	35.434517	96.0689	1599.7605	-2484.8787	35.438057	96.05968	1584.1356	-2522.4622	-0.6171343	2.7142992	53.999733	-12.938549	-35.052174	152.19283	53499.27629542351
204	99.342926	242.92307	1293.9126	6.670653	11.48937	3.036904	18.445375	8.507787	200.0	200.0	2039999	33.005253	98.386536	1748.6526	-2547.1548	33.007954	98.41331	1745.8281	-2629.381	-0.59848994	2.7364845	68.60432	-12.873933	-32.64746	156.44714	53811.49565196037
205	168.09949	347.16794	1260.3047	6.394614	154.72575	388.87155	1312.1804	6.2882676	200.0	200.0	2049999	34.527256	100.57879	2141.4424	-2687.5833	34.52749	100.58902	2159.3733	-2714.603	-0.5025367	2.7619298	54.895935	-12.271986	-34.17996	178.90591	54098.20110654831
206	113.38721	309.4342	1328.0538	4.792129	133.57765	322.3223	1097.2131	8.060891	200.0	200.0	2059999	34.54199	105.22839	2125.6304	-2735.3123	34.543392	105.21912	2053.7832	-2762.07	-0.5010255	2.7332666	44.8651	-11.882328	-34.113823	178.49077	54391.23636484146
207	220.90918	429.78204	1351.7063	5.5148897	163.95901	163.82162	442.93704	7.091922	200.0	200.0	2069999	32.098423	115.236046	1882.5656	-2922.0332	32.1007	115.2388	1847.7966	-2900.927	-0.41682434	2.807834	51.55065	-12.384474	-31.659994	210.8757	54684.37242603302
208	187.42398	378.38596	1465.219	6.2152205	49.2819	78.83105	241.26257	7.048046	200.0	200.0	2079999	31.357418	117.40466	1232.6309	-2895.061	31.360481	117.37083	1182.3108	-2913.9019	-0.39666748	2.8763595	43.117756	-12.364917	-30.915413	189.59583	54978.38525533676
209	108.44497	291.0924	1540.3253	5.576017	68.42016	72.711586	172.14195	6.8639956	200.0	200.0	2089999	31.275316	117.751495	477.41418	-2748.263	31.278986	117.73581	452.26028	-2771.127	-0.35284972	2.8546796	74.9079	-12.959292	-30.827316	186.88968	55272.07290792465
210	130.15782	291.03156	1399.2997	6.350798	468.49805	436.75833	978.6628	10.607315	200.0	200.0	2099999	30.911139	118.00892	506.8483	-2788.425	30.915913	117.989235	475.4157	-2776.0215	-0.32548714	2.8693342	46.31154	-11.847498	-30.485762	192.48445	55578.07564854622
211	73.51131	208.99693	1340.1417	6.9537497	75.67183	183.66959	626.3457	7.680695	200.0	200.0	2109999	31.615702	114.02642	519.62286	-2730.8164	31.617712	114.01807	507.95755	-2825.0447	-0.41480425	2.8866289	55.92359	-10.98755	-31.197054	180.5449	55884.26541161537
212	143.24934	368.7388	1475.2073	3.7205493	34.785114	50.496075	142.79385	8.246805	200.0	200.0	2119999	31.36005	115.29291	514.033	-2921.994	31.362993	115.26897	510.32376	-3021.0647	-0.41236892	2.887813	49.514557	-14.844053	-30.91465	173.26332	56188.29955911636
213	124.8408	317.84186	1423.6628	6.824664	396.7586	479.47562	1284.3801	7.0335035	200.0	200.0	2129999	32.51859	116.07509	612.415	-2798.1023	32.520847	116.08227	596.40027	-2973.949	-0.3689045	2.8700404	82.82466	-12.419353	-32.104855	176.63187	56486.52881979942
214	110.550545	275.47092	1369.1401	6.335812	461.2036	428.42352	1025.8977	7.1531954	200.0	200.0	2139999	34.76349	119.62079	639.2495	-2484.4207	34.766476	119.60171	624.942	-2453.1875	-0.30326933	2.8908315	54.61432	-12.146229	-34.378532	179.1379	56790.33800983429
215	113.0458	280.02014	1403.7749	5.466127	49.21513	115.63116	396.10352	9.603278	200.0	200.0	2149999	37.494892	120.93717	579.8016	-2443.6133	37.49725	120.94249	584.8561	-2426.6624	-0.2136552	2.904439	50.732277	-13.565514	-37.117138	184.10078	57090.5949678421
216	121.223175	307.13846	1339.0002	6.981718	156.50197	266.20148	907.711	6.9403615	200.0	200.0	2159999	37.670975	120.89726	586.3724	-2602.2607	37.67296	120.899185	570.33295	-2559.8022	-0.31835243	2.9244182	59.569065	-12.429504	-37.277504	178.31898	57392.66364145279
217	249.7254	446.77402	1482.756	5.410236	59.03178	65.23275	200.00142	8.385723	200.0	200.0	2169999	38.083355	119.828896	582.58905	-2543.9673	38.086754	119.814896	579.3397	-2586.9692	-0.3891499	2.8770144	43.470097	-12.581678	-37.658684	170.86485	57701.91602945328
218	183.50183	388.9835	1504.0121	6.6974235	9.02533	3.1381388	11.807707	4.3479133	200.0	200.0	2179999	40.127476	119.8227	550.5522	-2430.0413	40.128967	119.813644	572.1639	-2459.048	-0.3572013	2.8874094	47.225254	-11.53521	-39.761436	176.70929	58003.289998054504
219	97.56767	250.02565	1350.7458	7.4038916	377.51855	371.20477	1258.3962	6.7750196	200.0	200.0	2189999	41.26496	121.380295	563.64417	-2759.319	41.26714	121.39044	576.48303	-2754.1482	-0.3211923	2.864583	46.65357	-13.322046	-40.89779	181.12634	58317.88171458244
220	240.06343	420.17062	1521.9901	6.3749447	37.5089	78.30338	272.30658	8.891853	200.0	200.0	2199999	42.24119	120.18033	598.07605	-2782.9268	42.243183	120.16175	594.3648	-2851.1963	-0.35665137	2.8719175	54.629307	-13.014213	-41.873173	181.75049	58633.87325668335
221	171.37665	351.8235	1449.0564	6.2018933	120.495346	262.3284	895.928	6.8368273	200.0	200.0	2209999	42.325245	119.87979	589.35004	-2834.9553	42.326042	119.85684	617.7648	-2827.948	-0.35285917	2.8664484	47.124817	-12.317098	-41.9251	185.13689	58950.24615693092
222	167.02277	359.1909	1441.2533	5.927711	339.91034	561.4895	1428.3909	7.439668	200.0	200.0	2219999	41.952534	121.10478	594.7967	-2891.593	41.95258	121.10004	597.61414	-2869.907	-0.37612897	2.8790188	47.374065	-13.310436	-41.55646	192.17923	59269.071927547455
223	191.10684	359.34833	1342.9774	5.2140903	232.00247	280.28778	773.2181	5.0274224	200.0	200.0	2229999	43.260838	123.94973	622.2211	-2879.9976	43.260178	123.959656	668.3431	-2824.4253	-0.35445592	2.8856678	56.900955	-11.674076	-42.856625	196.1163	59554.76064515114
224	229.10835	443.1671	1470.955	5.408098	292.49432	385.2965	1341.7626	7.228263	200.0	200.0	2239999	43.48861	126.86885	580.98315	-2750.5002	43.49228	126.867775	581.42834	-2697.557	-0.3340639	2.9226673	49.57882	-12.657495	-43.038906	200.09053	59868.958460092545
225	86.75899	165.44136	674.9554	4.8318586	248.25598	431.1873	1273.7385	7.7204123	200.0	200.0	2249999	44.330418	128.15024	593.51215	-2603.2798	44.332767	128.16714	611.3196	-2619.141	-0.3300641	2.9304552	52.415237	-14.215254	-43.901775	199.6878	60178.617822647095
226	103.69438	250.35016	1171.0681	4.0404015	356.97507	557.5764	1467.532	6.0024614	200.0	200.0	2259999	45.474564	127.30076	655.2863	-2441.4482	45.476	127.30991	677.025	-2465.7505	-0.26967847	2.944722	47.847054	-11.675911	-45.026802	209.09703	60479.34248161316
227	176.97647	397.386	1418.7239	6.7488437	415.12433	513.751	1409.5027	6.8616204	200.0	200.0	2269999	46.0539	129.12828	644.2715	-2455.5781	46.05416	129.12624	693.4657	-2510.2317	-0.23262708	3.047868	66.74788	-12.16957	-45.59037	209.37659	60782.813490867615
228	122.46767	290.00522	1412.8859	6.7722855	133.1261	365.6791	1230.1508	6.9087386	200.0	200.0	2279999	47.173042	129.86893	730.17035	-2462.7722	47.17202	129.86342	754.0214	-2514.4082	-0.23735948	3.030329	65.803154	-12.127636	-46.7197	212.8771	61082.64398431778
229	178.41844	370.24667	1407.339	6.3422003	246.3688	372.3115	957.6723	11.53093	200.0	200.0	2289999	48.364292	131.37839	729.2458	-2542.2014	48.368805	131.37643	761.36707	-2496.4485	-0.023243135	3.570329	75.81703	-13.128032	-47.905125	229.10268	61376.02834558487
230	112.08622	303.53674	1484.0029	6.872604	24.032402	29.155804	82.26315	6.786168	200.0	200.0	2299999	46.288765	132.43849	729.9005	-2546.4053	46.289062	132.43663	735.6424	-2900.675	-0.22596784	3.0659978	65.452866	-13.24133	-45.78541	230.9824	61679.97891330719
231	162.5065	360.45752	1351.2686	5.4889197	291.31998	433.92856	1142.0066	9.664517	200.0	200.0	2309999	45.43176	135.43253	811.2213	-2775.9993	45.432243	135.41043	789.50366	-2669.864	-0.2862888	2.9275944	51.249084	-12.273657	-44.933712	227.3026	61973.040915966034
232	138.20699	334.3248	1436.5251	6.0934587	116.75035	324.56818	1090.3699	5.0161924	200.0	200.0	2319999	46.872417	139.39275	849.4643	-2701.2273	46.87612	139.3851	848.2642	-2732.2473	-0.25056577	2.9706278	50.086243	-12.796548	-46.38714	235.62035	62269.79293179512
233	135.23137	305.86377	1393.9053	3.940718	189.59586	390.24292	1347.0239	8.275866	200.0	200.0	2329999	49.19331	143.80183	846.46436	-2896.4795	49.19732	143.78433	862.0617	-2828.3	-0.12143396	3.0974216	58.293518	-15.033384	-48.749287	244.34192	62574.01522016525
234	125.132416	278.1001	1369.644	6.0198283	192.69495	380.05777	1189.7543	9.975846	200.0	200.0	2339999	50.67636	145.72908	928.3674	-3252.5571	50.680817	145.7206	898.4809	-3495.9731	-0.15676571	3.0697963	61.278614	-11.731027	-50.183464	247.55153	62887.18799614906
235	47.36696	121.48547	848.23517	6.601305	189.42735	407.58185	1398.3033	7.4918056	200.0	200.0	2349999	50.676655	144.04047	873.2051	-3434.012	50.676716	144.0314	898.7041	-3481.3054	-0.13985448	3.008872	57.616566	-14.281382	-50.187637	237.2343	63190.44344520569
236	178.71333	381.77563	1402.0676	5.7290006	22.384844	26.104876	99.58939	10.405077	200.0	200.0	2359999	51.335163	143.58252	820.47205	-3418.5935	51.33644	143.5684	794.23486	-3449.1558	-0.12522398	2.8866808	63.083534	-11.740643	-50.787876	249.93405	63491.47005391121
237	145.17569	269.4535	1293.2235	5.791791	128.07632	266.01752	914.5379	6.4859643	200.0	200.0	2369999	50.04714	140.16496	779.8011	-3390.593	50.04881	140.16693	826.2393	-3420.8152	-0.084876694	2.9898753	69.60242	-12.204689	-49.53822	263.2691	63809.709908246994
238	181.91936	403.77045	1486.3732	2.5207465	419.55893	411.04257	1126.6105	9.821437	200.0	200.0	2379999	49.667957	140.37965	772.3357	-3488.6611	49.67144	140.3837	763.96545	-3518.1902	-0.1445354	2.9358628	60.734055	-12.87832	-49.068554	258.10806	64117.0640039444
239	199.70624	382.68854	1341.6235	6.7159424	161.95193	427.81516	1444.5925	5.7999544	200.0	200.0	2389999	48.131344	141.80775	822.76843	-3445.608	48.13507	141.79305	823.2059	-3473.4136	-0.07791672	2.9327598	55.362877	-12.247742	-47.557026	270.2509	64425.167558670044
240	110.83858	278.82178	1385.2786	6.701292	346.0098	425.77167	1020.2658	11.882088	200.0	200.0	2399999	48.317253	141.17941	813.8685	-3304.6362	48.317806	141.17503	853.6441	-3346.7666	-0.025727315	2.9520175	45.71696	-12.869605	-47.74681	273.6881	64722.08332443237
241	297.7458	504.11996	1473.6421	6.175104	463.34326	565.90906	1441.6371	13.085917	200.0	200.0	2409999	51.257065	141.78996	760.857	-3278.8555	51.260315	141.78542	787.35956	-3377.1587	0.020564497	2.9657786	72.63239	-11.6798725	-50.73124	272.20956	65021.36246800423
242	215.38832	371.85718	1292.9136	6.0945587	13.055783	5.4856987	24.960175	6.305388	200.0	200.0	2419999	51.695244	141.03847	814.9389	-3410.5176	51.698784	141.01588	820.2861	-3423.8672	-0.11270837	2.9717004	71.127365	-11.897126	-51.09844	263.86096	65332.1441655159
243	107.55876	255.09575	1084.8304	4.171535	231.81319	441.94547	1115.7008	9.825294	200.0	200.0	2429999	52.50593	137.53758	824.5266	-3547.4343	52.505547	137.55597	816.8046	-3562.9229	-0.08234018	2.9694602	74.45418	-13.432965	-51.885178	263.29086	65641.02416610718
244	106.76593	250.60875	1366.3373	5.823534	11.147118	6.343723	28.255062	7.444395	200.0	200.0	2439999	53.838173	138.61153	823.42303	-3550.2769	53.8422	138.58627	839.7324	-3654.1067	-0.10554124	3.0136323	60.33435	-14.583122	-53.280006	271.35364	65957.92055296898
245	112.64031	267.38824	1345.399	3.6622868	244.81113	428.98224	1314.8545	8.092992	200.0	200.0	2449999	53.69295	144.46202	787.6105	-3835.7607	53.69461	144.4431	793.07684	-3838.8203	-0.10608374	3.0550404	78.80151	-12.35722	-53.0713	268.33646	66270.63806533813
246	170.37296	367.8645	1333.5085	4.5713224	265.63312	429.89026	1331.7374	6.921595	200.0	200.0	2459999	54.88671	148.89491	811.67053	-4059.8914	54.886585	148.89899	797.87256	-4104.9673	-0.06117039	3.1212275	70.11197	-11.277749	-54.289555	284.68228	66577.30332946777
247	256.62607	446.02768	1543.1118	5.7455425	479.74667	559.9903	1444.041	9.014694	200.0	200.0	2469999	55.174458	152.97314	789.76215	-4513.2725	55.176388	152.94786	787.43744	-4595.0415	-0.100978374	3.17315	69.12363	-12.750874	-54.570145	288.5883	66897.90369153023
248	69.51533	209.74643	1438.4808	5.1532564	172.19823	199.26418	421.99393	5.3992333	200.0	200.0	2479999	53.83624	159.5551	810.71344	-4787.128	53.839973	159.56021	820.4058	-4861.4106	-0.09899615	3.1249428	113.80716	-12.0206785	-53.231663	288.14777	67190.22428750992
249	105.73672	238.50674	1289.1194	4.6246142	245.8772	471.5822	1189.0258	6.002127	200.0	200.0	2489999	53.06308	163.45622	789.2539	-4749.3604	53.067013	163.42877	810.1927	-4813.2856	-0.08521141	3.152001	74.88998	-15.486354	-52.419395	299.85846	67502.96338319778
250	162.2278	347.0713	1446.1317	3.8377895	450.12906	479.41864	1173.9407	8.03714	200.0	200.0	2499999	51.19362	162.50606	865.1375	-4836.221	51.19297	162.51099	865.4461	-4869.957	-0.045559	3.1713603	81.59028	-13.307871	-50.552006	320.33206	67826.63828277588
251	141.49823	291.17175	1147.5945	4.4055243	191.4965	423.15363	1453.936	7.53678	200.0	200.0	2509999	50.27477	161.14186	915.25824	-4826.0557	50.276264	161.13123	906.5236	-4885.9565	-0.029458547	3.249255	81.33449	-12.25782	-49.626633	333.12997	68129.7560415268
252	205.58478	389.40192	1483.3099	5.988701	56.611683	142.03403	482.68057	5.3450346	200.0	200.0	2519999	49.95232	160.27785	889.3838	-4818.0464	49.955727	160.27045	905.7116	-4793.7954	-0.009940092	3.1934566	77.54608	-11.89348	-49.288982	341.84796	68440.43882870674
253	169.94498	392.2734	1366.4891	3.9034562	9.200917	1.7294492	10.497657	6.5085325	200.0	200.0	2529999	49.519512	163.42258	825.0778	-4775.371	49.523144	163.39175	827.8176	-4889.972	0.007893293	3.2124639	75.25469	-12.217345	-48.79591	338.37317	68744.4601700306
254	189.14088	367.69482	1353.9476	4.706195	117.07561	167.21367	439.85504	6.686175	200.0	200.0	2539999	50.160336	166.50575	913.77704	-5034.7246	50.162952	166.49226	916.2528	-5098.455	0.04813044	3.2461998	78.515335	-13.01633	-49.510002	337.9442	69048.03683781624
255	122.54147	286.75507	1194.7545	4.8337855	244.63724	392.61478	1195.9486	5.069192	200.0	200.0	2549999	50.91395	166.25447	988.4254	-5076.553	50.91542	166.23604	987.4356	-5193.435	0.0669357	3.264581	61.869568	-11.242961	-50.253555	345.60196	69345.1736292839
256	138.16728	290.24152	1256.4989	4.0152164	412.17636	352.04654	989.0172	6.6419196	200.0	200.0	2559999	52.89698	166.19296	950.41266	-5284.7485	52.902943	166.20415	966.77997	-5437.8784	0.025446523	3.3109884	93.06783	-11.488556	-52.171364	332.52594	69645.95647859573
257	151.83969	373.90274	1346.6283	6.157891	60.672993	93.30441	314.82907	6.825917	200.0	200.0	2569999	51.086163	173.66814	893.6362	-5578.4517	51.086617	173.65976	926.5507	-5721.666	0.03732458	3.3252637	86.40246	-14.629774	-50.34838	335.21613	69931.49400091171
258	95.868835	279.92914	1452.0046	5.97102	185.57077	113.22556	338.49506	6.388534	200.0	200.0	2579999	50.714577	177.85738	971.6554	-5700.8613	50.71842	177.87111	999.1262	-5715.4946	0.049752265	3.2570474	77.503815	-15.817494	-49.97108	332.26282	70233.85667991638
259	214.28389	419.41953	1564.7871	6.4428363	21.2281	42.566364	148.82256	5.5239153	200.0	200.0	2589999	49.2621	183.07864	871.63916	-5820.4194	49.26455	183.08096	886.8587	-5859.8223	0.13949504	3.327322	86.34267	-11.648808	-48.5278	368.51614	70526.4064347744
260	241.27321	448.43448	1446.3673	5.5137906	77.59027	68.60224	159.18652	7.66216	200.0	200.0	2599999	52.09198	181.3458	817.88745	-5635.468	52.091496	181.33176	808.0041	-5710.1694	0.15540488	3.3070645	84.68759	-12.558343	-51.401318	366.89395	70819.8892531395
261	220.36502	412.59012	1427.629	4.865945	194.82019	368.5525	1277.5823	4.5174665	200.0	200.0	2609999	54.000706	179.11215	744.8711	-5607.3823	54.003124	179.13606	772.88727	-5632.9443	0.09327104	3.2802885	101.67496	-13.224593	-53.28401	362.8809	71118.66968154907
262	210.55971	429.91052	1424.5925	6.630239	358.49377	346.3676	870.6737	7.2509737	200.0	200.0	2619999	57.2316	180.13191	767.6461	-5610.697	57.23531	180.11894	778.0357	-5616.9536	0.14492169	3.3156528	94.64389	-11.0912285	-56.598976	344.89725	71416.44926595688
263	155.54071	385.14664	1554.6503	4.750499	468.3042	582.63824	1353.929	10.866889	200.0	200.0	2629999	60.99236	177.2377	855.34705	-5322.3384	60.992462	177.23943	849.0291	-5335.535	0.11965633	3.3487105	78.99777	-12.380272	-60.33755	336.53906	71702.88796782494
264	206.82849	414.1311	1485.2968	4.543394	100.269356	191.42526	651.9371	7.277942	200.0	200.0	2639999	61.50202	175.57274	774.8187	-5168.6064	61.501324	175.58664	789.46075	-5212.9814	0.07904954	3.2955067	81.57008	-11.404448	-60.80167	328.799	72016.52067542076
265	224.52164	439.94757	1499.0972	4.511598	297.28806	442.43878	1095.0562	6.695547	200.0	200.0	2649999	63.087173	171.41946	706.30493	-4997.4443	63.086903	171.4233	684.94257	-5031.4287	0.07340392	3.2694957	76.20975	-13.290703	-62.394455	332.2218	72328.73684334755
266	231.91806	427.08218	1574.3969	4.3666673	287.76105	373.52786	1375.5763	5.7262087	200.0	200.0	2659999	63.877983	171.7522	610.00433	-4834.9873	63.88102	171.74991	602.50684	-4896.934	0.07436192	3.2729304	79.29831	-12.148533	-63.216114	330.24875	72631.1473004818
267	225.99992	461.168	1525.106	6.2274756	177.4678	347.66364	1204.2341	6.7923775	200.0	200.0	2669999	66.82671	174.12056	593.8261	-4697.366	66.82709	174.12961	588.85144	-4783.2856	0.12740597	3.3266523	68.93052	-11.927587	-66.22146	312.584	72940.57753515244
268	111.26045	272.5854	1463.9553	6.5633826	276.18594	380.44574	993.8782	6.1493654	200.0	200.0	2679999	68.76107	175.36798	647.71277	-4513.529	68.76221	175.34097	608.26715	-4540.3696	0.086080745	3.3076012	88.761505	-11.905675	-68.10254	315.07156	73240.02027392387
269	172.33055	368.86426	1408.7899	4.6546907	156.50514	368.92657	1257.099	6.502231	200.0	200.0	2689999	71.4846	173.97244	669.047	-4411.0244	71.48887	173.97833	660.049	-4422.1943	0.091679245	3.2528667	85.89219	-12.638169	-70.879875	305.13956	73531.85002493858
270	204.88641	424.73776	1563.6211	5.8110156	271.36423	460.34924	1557.1294	7.6064644	200.0	200.0	2699999	70.961586	173.16162	719.0181	-4414.629	70.95988	173.15407	699.9371	-4379.2207	0.030783342	3.205	75.01671	-11.6338	-70.29791	297.82474	73835.68573093414
271	180.37865	390.36917	1489.7264	6.543405	178.55145	395.22473	1352.1781	7.4781866	200.0	200.0	2709999	71.47029	172.89397	870.2966	-4256.3755	71.46927	172.90463	869.67303	-4256.355	0.061275847	3.2312763	76.201385	-12.308577	-70.84879	304.03714	74146.22585749626
272	277.7778	454.2825	1465.4436	6.3899655	151.78214	148.70018	379.21042	6.920803	200.0	200.0	2719999	71.99818	174.52715	560.163	-4323.496	71.99858	174.52086	566.89606	-4366.8257	0.039734717	3.1221683	62.872177	-11.389821	-71.41761	297.9572	74450.32388305664
273	158.92534	351.33063	1385.1216	5.0471463	255.88689	205.01437	654.80676	10.87571	200.0	200.0	2729999	73.418785	177.60025	624.09796	-4410.05	73.42181	177.56679	601.3567	-4424.8403	0.077000216	3.155664	60.307816	-11.936893	-72.782486	301.91116	74748.75884270668
274	202.23528	393.06335	1463.7389	3.518711	441.30356	560.1825	1437.7646	8.779185	200.0	200.0	2739999	75.96761	175.96538	740.81964	-4180.3125	75.97089	175.95445	698.8207	-4232.1177	0.081209846	3.2323537	76.82185	-12.563479	-75.37819	312.73157	75047.6069073677
275	255.2812	470.57828	1546.1144	6.5624237	243.67935	431.65347	1524.7859	4.3588486	200.0	200.0	2749999	77.16974	173.43675	778.11224	-4267.4277	77.17174	173.43494	804.1825	-4309.824	-0.001676874	3.1533434	69.02601	-12.290688	-76.50756	312.272	75350.91021633148
276	82.021194	190.37566	1268.9614	4.799887	158.68034	201.92137	511.69016	4.960256	200.0	200.0	2759999	75.36573	172.68634	829.464	-4252.878	75.36538	172.66277	843.0307	-4305.4824	0.031508885	3.2060072	72.491936	-14.489846	-74.69049	312.66693	75656.66694784164
277	102.28017	233.23166	1075.9042	6.258535	73.515785	111.11842	401.9808	10.014018	200.0	200.0	2769999	73.64647	173.08897	951.6116	-4125.568	73.64767	173.09242	929.0081	-4220.685	0.07950073	3.1709776	52.78509	-13.885688	-72.92113	326.6497	75947.30819296837
278	272.809	465.5001	1525.5151	5.2695584	212.60034	343.7361	1140.1005	6.951424	200.0	200.0	2779999	72.34464	172.64783	1270.3394	-4072.7822	72.347305	172.62541	1258.295	-4099.6753	0.051807847	3.1574352	64.34693	-12.687248	-71.625	325.54434	76249.53583860397
279	232.76434	430.94797	1515.1975	4.968186	127.35101	158.68645	383.42584	4.868579	200.0	200.0	2789999	72.54748	166.7774	1547.5441	-3924.657	72.54589	166.77768	1648.7404	-3897.6453	0.067516245	3.203135	70.72533	-12.908506	-71.87723	318.908	76548.20856976509
280	204.15794	416.8133	1496.1075	5.8646855	330.60284	395.59946	1385.4249	8.597077	200.0	200.0	2799999	73.668686	167.53659	1725.6945	-3694.6584	73.66582	167.5433	1772.8029	-3812.9524	0.102384984	3.2624023	69.515114	-16.828829	-72.97166	337.3175	76845.23632860184
281	236.8134	458.46997	1495.7152	5.337027	71.44027	75.81569	175.70164	9.393311	200.0	200.0	2809999	76.53643	169.42601	1620.8484	-3698.0674	76.53369	169.43745	1678.2078	-3780.0503	0.13846633	3.2735174	70.79605	-15.826344	-75.91048	323.79834	77153.33193778992
282	165.81573	389.40344	1439.5146	6.0536966	87.01609	70.69673	197.87668	7.5422606	200.0	200.0	2819999	82.260056	176.37706	1934.8823	-3472.6182	82.25906	176.40427	1897.5436	-3451.6575	0.36459684	3.5332034	79.38571	-12.117104	-81.7242	412.9261	77463.5253868103
283	207.56946	415.57635	1585.096	2.9571767	66.12858	169.62312	574.99677	9.269007	200.0	200.0	2829999	83.15233	178.94426	1516.4028	-3570.754	83.15506	178.93364	1478.3256	-3653.8167	0.16691247	3.2155178	70.11727	-11.822311	-82.39617	349.9718	77744.56830263138
284	174.84898	417.10825	1492.3763	5.5005183	270.73584	406.83426	1446.7006	9.1311035	200.0	200.0	2839999	77.090385	177.18962	843.00433	-3512.1912	77.091415	177.17848	887.0518	-3453.9517	0.14087647	3.1778398	80.90967	-12.27666	-76.29864	365.7516	78030.04405117035
285	129.85591	328.81482	1322.514	5.111834	145.72467	408.80463	1372.1332	7.7603364	200.0	200.0	2849999	72.25332	173.25912	1004.439	-3277.0513	72.259346	173.2413	983.2397	-3354.9175	0.15247457	3.248179	83.57475	-11.940537	-71.49639	346.59308	78321.69586730003
286	205.22697	412.76572	1546.6022	4.4097695	410.68805	512.80804	1322.8368	7.515076	200.0	200.0	2859999	71.125175	170.02422	1212.1578	-3114.386	71.12796	170.01454	1235.8854	-3088.433	0.12897626	3.2330933	70.62094	-14.062069	-70.37809	326.8553	78622.30908513069
287	167.40683	394.49368	1541.1572	5.990633	231.77145	345.28632	1225.701	8.298544	200.0	200.0	2869999	72.9945	173.27106	1373.208	-2888.9756	72.99467	173.26073	1466.0498	-2965.6995	0.12809242	3.2042835	73.65897	-13.3424015	-72.303116	337.06876	78917.64506721497
288	91.30206	265.12802	1434.1349	4.8105116	288.92612	516.5773	1567.6162	5.6312265	200.0	200.0	2879999	74.355354	174.55945	2115.7532	-2677.7534	74.356674	174.57416	2154.1497	-3072.55	0.11304763	3.2898138	60.05908	-12.666462	-73.65645	324.70966	79205.97937941551
289	116.534706	323.93826	1412.9106	3.427821	320.07397	530.5696	1352.6178	9.39449	200.0	200.0	2889999	77.042435	177.79941	2666.027	-2677.0752	77.0436	177.82481	2685.7395	-2643.4905	0.28091288	3.4140334	71.18415	-11.830369	-76.349625	368.22684	79497.5698902607
290	139.82993	343.10446	1524.855	2.8214228	168.21822	433.56888	1467.5785	7.3737564	200.0	200.0	2899999	76.91806	177.11249	2641.0444	-2753.947	76.91892	177.09909	2632.1218	-2745.4524	0.18214512	3.2081666	57.42334	-14.067215	-76.2832	370.26566	79791.15456843376
291	125.94433	344.4439	1545.6375	4.967968	106.14415	169.99696	596.5101	6.6931343	200.0	200.0	2909999	77.46474	174.63995	2022.8335	-2630.88	77.465	174.61665	2026.6288	-2678.947	0.13084139	3.2215507	79.18814	-11.481007	-76.80169	319.147	80078.21692848206
292	156.9617	352.50076	1493.4309	5.440578	137.99734	87.93347	227.8375	7.7210274	200.0	200.0	2919999	77.669914	175.3255	2477.6226	-2795.6694	77.66965	175.35948	2447.5771	-2874.3171	0.12376059	3.2587817	61.935444	-15.088225	-77.008804	296.18396	80374.91953873634
293	213.29234	450.58542	1529.753	4.973988	319.4078	619.6034	1558.6083	7.491695	200.0	200.0	2929999	79.706154	175.1151	2623.9897	-2756.0938	79.70351	175.10396	2682.9702	-2782.5212	0.09285721	3.3142264	69.2343	-11.490881	-79.0781	377.12704	80683.77949380875
294	137.69281	378.49957	1607.2349	5.84075	38.01766	44.787727	154.23332	7.0383472	200.0	200.0	2939999	85.735695	180.03891	2679.2053	-2739.7725	85.73599	180.05545	2739.2188	-2862.4417	0.18760648	3.364091	68.14575	-11.285613	-85.13198	354.27924	80980.0479722023
295	147.39967	339.61053	1382.0436	5.9514976	262.38284	401.99484	1381.3643	7.892311	200.0	200.0	2949999	89.597916	182.81487	2733.3015	-2814.2888	89.598206	182.85205	2583.4302	-2879.586	0.14364682	3.3166115	63.419373	-11.064806	-89.00756	359.50534	81269.77960848808
296	216.55705	472.1315	1574.5504	6.152739	293.6827	498.75443	1283.4506	6.1857357	200.0	200.0	2959999	90.35074	184.11859	2763.1106	-2929.0647	90.34958	184.1396	2688.251	-2912.1938	0.17594478	3.248452	64.21737	-11.9877	-89.71524	343.2412	81576.94789671898
297	110.93472	311.7251	1426.2745	5.0410323	209.24524	467.9225	1605.1912	9.679411	200.0	200.0	2969999	91.46245	185.72693	2740.6802	-2949.579	91.46194	185.75153	2794.4062	-3027.7356	0.1421202	3.2811375	75.1339	-13.669019	-90.83841	361.56418	81885.4063000679
298	186.00874	409.93408	1478.8815	4.0187564	45.78443	72.9659	263.11172	8.246643	200.0	200.0	2979999	92.87144	188.50336	2990.4304	-3144.7937	92.87703	188.49814	2934.3926	-3140.2966	0.23917155	3.3640845	99.920654	-12.247061	-92.3044	444.79144	82179.29164814949
299	308.74948	499.01602	1556.5178	4.5451555	62.8097	101.04088	334.8321	6.659187	200.0	200.0	2989999	92.31116	189.73235	3066.6746	-3056.6145	92.31007	189.75993	3037.216	-3103.6099	0.16705482	3.3332148	81.77693	-12.423464	-91.69519	401.80084	82472.55201911926
300	90.14253	264.91544	1358.6697	3.2616174	545.7924	652.275	1538.8097	8.424216	200.0	200.0	2999999	91.611885	193.00882	3179.7722	-3029.2498	91.61646	193.01048	3140.4968	-3108.308	0.13167027	3.3150904	72.857376	-12.965642	-90.9333	403.6226	82772.26506853104
