Epoch	AverageEpRet	StdEpRet	MaxEpRet	MinEpRet	AverageTestEpRet	StdTestEpRet	MaxTestEpRet	MinTestEpRet	EpLen	TestEpLen	TotalEnvInteracts	AverageQ1Vals	StdQ1Vals	MaxQ1Vals	MinQ1Vals	AverageQ2Vals	StdQ2Vals	MaxQ2Vals	MinQ2Vals	AverageLogPi	StdLogPi	MaxLogPi	MinLogPi	LossPi	LossQ	Time
1	305.7048	115.32013	698.3964	137.03804	922.1053	251.77763	1382.6276	362.72357	200.0	200.0	9999	40.865227	25.343685	200.87352	-0.020473883	40.865067	25.345129	200.73656	-0.031165162	-2.6267734	0.5118874	2.3449004	-10.393408	-41.296623	1.0168514	732.679869890213
2	865.0653	382.5057	1723.4772	243.5065	893.8356	464.14993	1575.4216	264.11655	200.0	200.0	19999	159.00343	106.82934	517.19794	-11.09866	159.00343	106.83332	517.86255	0.017638752	-0.67513764	2.414596	12.725912	-13.420441	-159.65778	9.664816	1538.6042585372925
3	994.69904	377.5667	1803.0277	383.9487	989.8514	403.01175	1516.4109	450.41235	200.0	200.0	29999	345.17847	140.19565	610.95953	-35.130997	345.19894	140.14687	611.3342	-0.07886295	2.1530216	3.4689949	15.976349	-15.513021	-346.58154	28.853697	2413.9515812397003
4	1330.3921	292.9312	1804.9457	692.4552	1054.1488	338.8317	1672.1866	691.4153	200.0	200.0	39999	460.79926	133.31865	696.0465	-34.69373	460.811	133.28491	697.47577	-0.13105872	1.9889762	3.8135958	16.530037	-13.335938	-461.83813	39.580906	3254.4759097099304
5	1385.8715	300.4227	1834.6556	834.48413	1493.3352	199.00346	1718.544	1169.5238	200.0	200.0	49999	540.20416	136.45212	781.2303	-17.343285	540.2057	136.45065	782.4783	-0.13666844	2.4369671	3.7930396	19.0807	-14.782671	-541.29193	43.52438	4097.7442808151245
6	1409.785	266.01398	1847.883	681.4825	1525.0498	269.41418	1835.6284	905.2036	200.0	200.0	59999	598.5142	137.38745	815.75085	-10.037872	598.5141	137.39146	815.43945	-0.13364527	2.1898928	3.7061691	22.060415	-13.242453	-599.2927	44.37304	4934.654256820679
7	1501.299	237.5797	1848.8999	884.6917	1301.961	322.43204	1806.8295	712.54175	200.0	200.0	69999	635.9498	136.04144	836.9162	-1.4615508	635.94934	136.04276	836.66016	-0.13324612	1.7494948	3.6154072	21.499992	-12.34118	-636.5406	41.30124	5800.577064275742
8	1535.237	249.76761	1836.271	907.1711	1167.4172	325.34915	1763.1776	648.4811	200.0	200.0	79999	668.71136	138.17892	855.94104	11.501032	668.71155	138.17883	856.04456	12.269697	1.5928007	3.5288136	16.526245	-14.016323	-669.251	39.98385	6675.770255565643
9	1483.1416	270.90707	1850.963	861.22156	1414.3328	237.78429	1779.3574	1078.3253	200.0	200.0	89999	695.9249	138.00656	875.4608	20.478334	695.92523	138.00749	875.94763	26.68685	1.2656488	3.486793	17.686798	-13.75955	-696.27826	39.79588	7532.245475530624
10	1464.2792	250.645	1850.6868	850.1577	1490.1931	270.30133	1793.4467	1074.2738	200.0	200.0	99999	713.57153	137.779	888.2469	11.305529	713.5714	137.77908	887.72504	17.939903	0.85118175	3.3529165	17.85763	-12.587321	-713.9127	39.00865	8368.955221652985
11	1460.2024	321.32483	1855.5558	805.47626	1319.762	305.17227	1685.098	655.9117	200.0	200.0	109999	727.3143	136.11897	898.96576	2.0637167	727.3144	136.1188	898.4417	9.512404	0.61648446	3.290211	17.431473	-14.085067	-727.5661	38.064587	9207.94657444954
12	1478.4996	328.54047	1854.817	744.0184	1297.3625	240.28488	1795.3262	958.733	200.0	200.0	119999	738.0491	132.53912	905.3478	-18.560139	738.04987	132.5351	904.8045	0.51701176	0.5004234	3.2159665	17.315655	-12.339626	-738.2752	37.36462	10067.602099895477
13	1442.6294	272.4689	1850.9016	780.9739	1344.7906	412.00592	1788.3806	633.6388	200.0	200.0	129999	747.1158	131.07242	909.8331	-34.051353	747.117	131.06438	909.5969	-0.094143055	0.3320809	3.1286795	15.833931	-13.013033	-747.337	38.10743	10937.084971904755
14	1522.1392	274.36353	1867.3529	823.7501	1314.3401	369.9216	1800.6648	714.4265	200.0	200.0	139999	755.3304	127.35955	911.1992	-25.992468	755.3312	127.353546	911.5307	-0.08944968	0.24218315	3.080864	17.772707	-12.639879	-755.63	37.49319	11829.313174724579
15	1451.3718	272.796	1865.5748	666.27264	1345.8707	194.34312	1724.8259	1136.3511	200.0	200.0	149999	763.61554	122.962234	913.36633	-26.094995	763.61664	122.95251	913.4933	-0.08160153	0.14363125	3.020334	16.885561	-13.641337	-763.8758	36.30733	12676.636643886566
16	1531.9152	267.69315	1856.104	908.5364	1498.6174	238.76085	1784.1383	1096.7164	200.0	200.0	159999	769.70844	120.14034	915.8099	-40.441967	769.7127	120.11288	915.1743	-0.08945965	0.08729633	2.9199233	16.778008	-12.69303	-769.9683	37.15336	13464.2407143116
17	1469.3313	291.60565	1864.6028	831.50995	1369.4015	371.70624	1848.259	708.4522	200.0	200.0	169999	776.555	117.92093	919.3277	-74.16371	776.5628	117.86318	918.19574	-0.12563768	0.01451373	2.8797498	19.175787	-12.609649	-776.8024	37.419914	14319.875454902649
18	1505.2828	268.99142	1854.8021	868.53613	1210.8354	430.91983	1787.0677	628.34344	200.0	200.0	179999	781.9612	116.89465	921.1627	-90.41119	781.9778	116.781235	920.8106	-0.21331024	-0.05395843	2.8209445	18.871796	-12.214384	-782.1319	38.21845	15160.39064836502
19	1489.7328	261.58057	1857.1969	958.6176	1507.7234	345.8828	1803.8778	758.497	200.0	200.0	189999	785.26404	116.289635	925.8016	-90.59642	785.2827	116.15953	926.2441	-0.31438476	-0.036768332	2.817624	19.465586	-14.535957	-785.423	39.276405	15997.404468297958
20	1423.6746	269.67416	1850.1326	869.8826	1329.9485	289.9544	1793.935	954.05884	200.0	200.0	199999	789.9144	114.667046	929.05615	-82.70941	789.9271	114.578415	929.76447	-0.3829379	-0.06837265	2.7572978	21.022541	-14.1114645	-790.0539	38.351826	16843.804667711258
21	1442.0385	241.10442	1851.3197	736.64386	1367.9154	241.76846	1672.2441	1111.8395	200.0	200.0	209999	791.98206	113.99851	929.1119	-68.65594	791.9911	113.939186	930.1891	-0.43450838	-0.16227952	2.6809762	24.041714	-13.019864	-791.9948	37.76269	17668.409531116486
22	1487.1361	268.3646	1853.7411	883.1793	1536.5944	260.88647	1854.1981	1035.6808	200.0	200.0	219999	791.691	114.98182	930.6819	-75.0551	791.7011	114.915825	929.9533	-0.49401766	-0.26120332	2.6498208	18.472181	-11.845085	-791.6594	38.667614	18495.380274295807
23	1442.1445	286.41245	1858.0728	814.9136	1394.4971	235.03621	1847.7887	1121.3883	200.0	200.0	229999	791.1972	115.12224	928.22284	-76.26802	791.2087	115.05351	929.2166	-0.5613629	-0.36441562	2.6251464	20.28947	-14.155568	-791.0686	39.67961	19359.97130560875
24	1525.4268	262.99268	1858.9254	901.5888	1242.635	394.79922	1770.1696	614.30634	200.0	200.0	239999	791.2204	115.73051	930.2524	-81.58746	791.23126	115.66499	928.11475	-0.6270588	-0.39818552	2.6169958	21.342056	-11.8979225	-791.08563	39.685364	20226.978003263474
25	1480.292	281.24075	1860.9149	855.1161	1262.3008	362.28644	1685.2435	587.84534	200.0	200.0	249999	792.5884	114.877304	931.72705	-69.42179	792.5964	114.82953	930.7382	-0.6685698	-0.4972278	2.5130923	15.564879	-14.647207	-792.50323	38.649643	21081.940264225006
26	1423.024	309.03006	1859.9445	773.30145	1381.7571	221.86446	1696.3387	1148.0332	200.0	200.0	259999	794.9485	113.37048	933.6321	-80.14424	794.9589	113.29418	933.0479	-0.73073864	-0.4774246	2.5018797	15.795604	-13.38544	-794.8071	39.330086	21895.219873189926
27	1468.5447	297.51013	1859.4227	837.20905	1510.6532	219.26904	1771.7236	1062.5018	200.0	200.0	269999	797.01294	112.4589	934.0169	-94.21745	797.0264	112.36256	933.6211	-0.808752	-0.44170475	2.5381377	18.723072	-12.110342	-796.8547	40.344475	22743.978940486908
28	1451.09	279.00632	1850.5929	866.8075	1209.3943	397.8389	1778.1562	524.2705	200.0	200.0	279999	798.03253	111.19849	937.0245	-101.02322	798.04596	111.09931	932.33746	-0.89001983	-0.6232454	2.5005596	20.653978	-12.471968	-797.7998	40.552567	23581.09741806984
29	1483.9669	284.50473	1857.3516	775.59686	1586.992	206.6398	1779.615	1263.8721	200.0	200.0	289999	797.20685	108.76112	936.1726	-100.8443	797.2171	108.68643	938.68823	-0.95477414	-0.8272888	2.4669342	20.472708	-10.735035	-796.902	39.424473	24437.197762966156
30	1550.8503	260.21863	1851.5121	884.2498	1223.7225	341.98105	1778.6714	647.47217	200.0	200.0	299999	796.6058	107.88028	941.5069	-72.5506	796.61255	107.83163	939.9809	-0.99577427	-0.9482991	2.4124148	22.93769	-11.879142	-796.3259	39.680725	25317.727887392044
31	1489.3821	283.4384	1858.0944	784.9424	1139.4745	301.39703	1804.7725	846.5578	200.0	200.0	309999	799.1464	107.69607	956.2361	-69.38257	799.1511	107.65936	948.01404	-1.0230626	-0.9925663	2.440073	17.018482	-10.80198	-798.8278	38.88787	26199.64805483818
32	1476.0562	266.93842	1855.6333	835.66644	1322.5413	258.1523	1650.6042	734.76184	200.0	200.0	319999	801.1824	108.05659	957.18225	-55.830746	801.18396	108.042244	955.05084	-1.0330138	-1.0047774	2.4083726	17.623337	-13.216024	-800.8533	39.85055	27097.55502152443
33	1439.0497	240.01454	1868.4567	816.64355	1211.1562	304.25348	1771.1167	830.4591	200.0	200.0	329999	803.10944	108.11664	963.39954	-29.854382	803.1103	108.108055	960.8108	-1.0365921	-0.9321368	2.4031534	40.30395	-12.088558	-802.7293	40.036606	28007.638718128204
34	1482.8846	252.19276	1856.0364	762.26294	1290.1418	370.20126	1783.9082	680.9895	200.0	200.0	339999	804.1944	109.27951	976.68744	-34.668938	804.1954	109.26814	971.6087	-1.0414183	-0.95925957	2.3735383	25.059898	-12.4089775	-803.8187	41.520687	28834.407593011856
35	1477.5153	256.89563	1834.1006	807.8607	1187.221	346.26465	1613.0228	775.1365	200.0	200.0	349999	805.13324	109.05574	983.3463	-55.950844	805.1349	109.039215	980.9691	-1.0497435	-0.9170157	2.3045301	24.071716	-13.106995	-804.7393	42.47122	29696.903781175613
36	1396.9407	291.55753	1840.4711	854.7424	1429.3772	391.88547	1792.9253	619.9693	200.0	200.0	359999	806.84924	107.9324	992.0659	-47.60593	806.85126	107.91837	985.7895	-1.0561917	-0.9225496	2.339932	17.34255	-12.973866	-806.4564	42.0173	30972.7058467865
37	1443.1904	332.01254	1872.0006	746.531	1202.4149	400.35126	1754.7686	610.0296	200.0	200.0	369999	807.1333	107.74432	1005.9265	-35.39821	807.1344	107.72757	996.99194	-1.059436	-0.90432656	2.3125305	19.372828	-12.204599	-806.6756	42.28862	32302.760483264923
38	1494.1941	275.2943	1856.0796	817.8874	1304.9412	360.3606	1739.6649	743.3738	200.0	200.0	379999	806.92114	107.29257	1006.11926	-25.08488	806.9215	107.281296	1014.9846	-1.0601841	-0.94755965	2.2556963	30.05967	-11.23934	-806.4748	42.532345	33555.02508974075
39	1586.126	225.02956	1872.1039	1075.3809	1065.4755	312.936	1564.6206	576.7863	200.0	200.0	389999	807.0621	106.6767	1025.7327	-28.065233	807.0624	106.667206	1025.2981	-1.0602317	-0.95895183	2.2384584	47.61653	-11.788782	-806.6093	42.56699	34826.36769270897
40	1553.0925	270.1102	1868.6979	874.59045	1123.2646	304.69287	1443.9086	575.292	200.0	200.0	399999	807.56836	106.54322	1030.0797	-52.81777	807.57056	106.51798	1031.1282	-1.0687168	-0.9532573	2.2294924	34.645504	-15.668305	-807.11816	42.285114	36084.38547897339
41	1465.3612	287.82672	1859.5481	792.3679	1291.1779	399.5238	1795.4729	564.37976	200.0	200.0	409999	807.99963	106.36594	1052.845	-66.42601	808.00366	106.32798	1035.6053	-1.0873752	-0.9835052	2.2146523	19.674152	-12.601997	-807.53766	43.073456	37398.60870265961
42	1484.1975	276.4967	1868.9421	836.46173	1079.4622	289.3941	1635.599	700.4007	200.0	200.0	419999	807.2816	106.5245	1060.4587	-69.587204	807.2876	106.47226	1052.2195	-1.7915115	-1.0201821	2.204395	20.168137	-11.879959	-806.86884	43.284203	38654.2229411602
43	1546.9764	243.40413	1840.35	778.4332	1095.7374	368.63675	1578.0554	517.3628	200.0	200.0	429999	807.7425	105.65045	1057.4957	-82.06902	807.7491	105.59327	1060.6132	-10.368044	-1.0432042	2.15839	21.518028	-13.807648	-807.271	43.20385	39959.45940589905
44	1506.8022	286.79648	1852.8442	762.247	1608.2799	185.41666	1800.5221	1134.6381	200.0	200.0	439999	807.8434	105.14812	1080.0328	-81.88279	807.84875	105.09006	1062.6327	-30.631563	-1.0137206	2.1293292	26.437561	-12.60935	-807.3269	43.62393	41325.65777659416
45	1561.1573	254.34616	1841.8617	842.3937	1122.6322	418.06204	1724.2401	572.84503	200.0	200.0	449999	808.51025	104.390785	1072.5498	-84.10225	808.5142	104.35117	1061.5131	-43.49211	-0.977979	2.131249	22.337515	-13.4807205	-808.0666	42.150726	42540.846849918365
46	1571.0753	247.17067	1868.4766	996.09955	1171.0377	404.61862	1797.9397	637.05597	200.0	200.0	459999	810.2269	103.26012	1080.7529	-95.93807	810.2294	103.22985	1077.3466	-60.3159	-0.9221854	2.2065506	18.356228	-15.037444	-809.8072	42.83697	43752.39098763466
47	1560.2021	220.1635	1840.3562	1013.77747	954.39514	355.8331	1774.4471	626.26587	200.0	200.0	469999	811.6036	103.395	1083.3987	-103.16744	811.60614	103.362495	1078.4244	-79.2726	-0.97270936	2.1965466	17.495584	-12.344708	-811.1213	43.199226	44974.54942750931
48	1483.5757	298.37158	1862.4232	800.16003	1067.0406	386.85095	1813.0427	533.19617	200.0	200.0	479999	813.3105	103.68243	1103.7194	-109.20725	813.3119	103.6562	1092.163	-83.66813	-0.96660584	2.1905253	18.084225	-11.656821	-812.8668	41.808533	46293.78979229927
49	1508.5173	328.6631	1859.1871	709.3514	1176.2009	357.926	1786.8501	819.4916	200.0	200.0	489999	813.81384	103.09482	1088.1039	-105.085945	813.81555	103.066826	1101.3823	-94.57861	-1.0246794	2.1935344	17.369883	-13.821455	-813.33124	41.36443	47608.1370344162
50	1440.8882	304.77756	1861.9365	737.0866	1127.7643	351.70483	1696.6168	648.02264	200.0	200.0	499999	813.9696	101.92341	1089.2567	-115.81066	813.9702	101.90148	1102.8668	-100.2616	-1.1041853	2.118635	19.06345	-13.475245	-813.47906	40.60788	48847.75195026398
51	1449.955	275.88678	1861.3385	840.131	1371.7987	302.48376	1785.3147	655.735	200.0	200.0	509999	813.2408	101.83927	1089.1533	-128.02739	813.2422	101.81482	1087.92	-112.96554	-1.091594	2.1474009	22.472496	-14.561513	-812.8157	41.015514	50072.48277235031
52	1479.1891	322.44043	1863.7794	732.32733	1303.571	255.13536	1801.4468	1090.8223	200.0	200.0	519999	813.24084	101.554695	1089.6042	-151.95406	813.24286	101.52379	1092.807	-127.762505	-1.1302023	2.1391122	19.768738	-12.468293	-812.7538	40.71838	51352.24803566933
53	1511.0815	350.48907	1862.8949	679.9495	1058.1603	380.7981	1716.099	612.8882	200.0	200.0	529999	813.24634	101.47294	1085.9587	-143.89343	813.24744	101.44597	1084.1302	-132.51216	-1.1594092	2.105271	19.52402	-13.069164	-812.7668	40.81453	52670.32670855522
54	1540.6626	292.46118	1858.7794	753.49396	1419.143	388.2816	1714.0719	596.4625	200.0	200.0	539999	814.7274	102.07113	1111.9277	-140.82565	814.7291	102.04369	1108.7627	-140.07599	-1.1477572	2.1296868	22.356152	-12.9623785	-814.3044	41.84547	53913.87163519859
55	1517.4747	299.13858	1845.4287	822.3741	1145.1621	301.85538	1819.5852	801.47424	200.0	200.0	549999	815.26074	101.52733	1104.0907	-121.17253	815.2615	101.50219	1107.2476	-125.21769	-1.1960261	2.0958834	19.253113	-12.211938	-814.7991	41.930145	55130.49679350853
56	1422.0223	358.0685	1850.3466	591.32324	1154.7123	393.61896	1806.1802	632.34296	200.0	200.0	559999	815.40625	101.52561	1098.2285	-123.29781	815.4073	101.49776	1091.6001	-112.790344	-1.1357923	2.1376681	19.017084	-11.925458	-814.9739	41.73956	56430.55429458618
57	1478.1017	331.31992	1861.0244	827.1275	934.2666	242.34003	1492.2942	630.60016	200.0	200.0	569999	815.5601	100.43951	1089.0876	-132.27873	815.56226	100.40346	1082.1896	-113.82053	-1.1177022	2.133325	17.899845	-12.870478	-815.1416	42.214558	57664.20934677124
58	1574.766	293.39484	1854.3492	782.6264	1289.7087	386.6502	1819.4926	697.9527	200.0	200.0	579999	816.1943	100.47495	1077.5679	-152.61064	816.19617	100.4387	1079.3456	-123.62418	-1.1357642	2.11206	19.221298	-12.094898	-815.72406	42.237946	58846.934081315994
59	1485.2314	334.60583	1864.1929	643.11725	1034.8091	373.25934	1725.2352	669.8551	200.0	200.0	589999	816.1665	100.66812	1074.8452	-156.96376	816.16846	100.62911	1089.3016	-142.03467	-1.0939372	2.1387246	20.017767	-13.175568	-815.6831	43.09307	60110.427673339844
60	1551.9684	300.22025	1860.249	601.8131	1315.7317	399.24622	1813.4524	745.0846	200.0	200.0	599999	816.7657	99.30303	1075.1399	-152.11835	816.7664	99.27252	1078.5715	-149.0638	-1.1180309	2.125292	22.073807	-11.773659	-816.3488	42.6415	61400.160631895065
61	1577.6561	321.74603	1865.4397	504.66278	1192.736	268.0549	1716.9768	801.13806	200.0	200.0	609999	817.08795	100.43681	1077.3701	-671.43616	817.0906	100.38435	1084.4587	-578.69446	-1.0851681	2.1546953	73.68499	-13.207172	-816.65216	43.357815	62664.141716718674
62	1533.4554	320.5186	1858.745	673.6323	1177.0642	351.3811	1756.7925	671.06946	200.0	200.0	619999	817.8497	100.62522	1073.4784	-558.8235	817.8498	100.60206	1076.0369	-570.5126	-1.1337616	2.1228821	37.081818	-13.099215	-817.38727	42.807323	63914.9996035099
63	1546.3525	299.34375	1869.2389	785.1467	921.30927	344.72614	1527.3914	591.0014	200.0	200.0	629999	818.50433	100.715645	1079.0474	-583.6966	818.506	100.68004	1076.748	-587.6199	-1.1273499	2.1324258	27.557869	-12.331552	-817.96277	43.67031	65178.81366467476
64	1589.5902	265.6043	1853.594	914.9496	1186.5154	235.61925	1411.2955	819.6063	200.0	200.0	639999	818.9206	100.62314	1073.4396	-588.5882	818.9218	100.59	1075.0059	-600.20404	-1.1155372	2.1256404	46.986404	-13.036021	-818.44434	43.31831	66481.6801314354
65	1540.4691	282.3052	1873.7123	776.4441	1037.2893	308.32178	1761.418	626.51855	200.0	200.0	649999	819.6855	100.249565	1079.082	-606.8115	819.6861	100.22099	1077.8773	-606.03033	-1.1513584	2.1163173	23.159521	-11.550294	-819.2081	43.094532	67728.77239012718
66	1451.4653	341.97552	1854.2438	761.78375	1465.4994	249.05919	1792.1378	1184.4812	200.0	200.0	659999	819.5398	99.325584	1075.4801	-623.6856	819.54126	99.2914	1077.07	-617.8949	-1.1876028	2.1131	26.375097	-12.026173	-819.0867	42.968513	68997.53648638725
67	1436.4683	368.8416	1855.5049	667.7015	1316.8293	460.94678	1802.9242	732.7742	200.0	200.0	669999	818.197	98.547935	1077.5251	-575.5197	818.1976	98.51908	1082.9646	-583.1466	-1.1761979	2.1179748	40.316654	-11.88212	-817.72754	41.795	70300.52450966835
68	1464.5249	327.75375	1860.1089	608.7097	1101.6923	342.80103	1794.786	733.77814	200.0	200.0	679999	817.4418	98.86352	1078.3735	-663.91736	817.44214	98.839424	1117.9935	-661.9032	-1.2205765	2.0778883	25.152657	-12.937242	-816.8757	44.006706	71475.7970840931
69	1458.3569	311.42834	1844.5928	566.9075	1190.4255	364.93155	1797.9689	750.3715	200.0	200.0	689999	816.12354	98.01939	1066.218	-652.42035	816.12463	97.98782	1085.4497	-645.60187	-1.2439667	2.0519347	34.31061	-12.095987	-815.5503	43.955772	72780.88486218452
70	1440.1165	352.8386	1855.8356	688.6163	1125.2883	343.81265	1800.512	670.1255	200.0	200.0	699999	814.0399	98.11415	1067.6649	-670.69885	814.0406	98.08246	1076.568	-670.29236	-1.196313	2.052696	33.28524	-12.548798	-813.39874	44.538933	73999.61149549484
71	1510.8511	304.82224	1839.759	780.48486	1225.8773	362.6588	1782.8676	712.4322	200.0	200.0	709999	812.427	98.622665	1060.299	-687.8528	812.42816	98.593704	1057.6835	-663.04254	-1.194643	2.004263	37.38283	-12.54774	-811.8116	44.195026	75165.24153900146
72	1480.4153	281.50708	1840.9677	736.22076	1154.3461	366.19547	1795.9479	685.12964	200.0	200.0	719999	811.38635	98.25408	1061.9088	-676.64496	811.3871	98.22337	1063.153	-682.787	-1.1864744	1.9726274	32.563896	-12.488884	-810.771	45.007496	76322.23761081696
73	1503.4929	235.56396	1846.9152	842.1103	1185.6785	411.7124	1657.4398	770.8921	200.0	200.0	729999	810.1384	98.2539	1071.75	-700.17804	810.13934	98.22376	1066.2314	-700.5389	-1.1827447	1.919093	31.160072	-11.889661	-809.4599	46.942493	77589.09378266335
74	1550.826	260.0491	1862.6969	683.6715	1021.5866	315.50668	1797.0913	797.39105	200.0	200.0	739999	809.243	97.445465	1054.8184	-659.2374	809.2445	97.40621	1055.9269	-667.0099	-1.1929077	1.8901042	26.306652	-12.382853	-808.5497	44.77871	78851.53040742874
75	1492.5056	267.5383	1847.1215	778.6367	1204.6595	340.86502	1633.0194	800.325	200.0	200.0	749999	807.7088	96.995186	1063.6458	-687.2295	807.7099	96.961975	1060.9938	-688.33984	-1.226398	1.8955994	25.98463	-12.078274	-806.96216	46.6177	80000.52598142624
76	1545.9332	302.1073	1852.8964	690.5318	1069.8037	363.40405	1639.3982	721.8202	200.0	200.0	759999	806.54865	96.71637	1056.5173	-664.5383	806.5493	96.68585	1056.294	-678.9948	-1.254538	1.8618231	24.859426	-12.278225	-805.82855	45.25044	81238.02878141403
77	1526.2255	294.3515	1854.1798	781.287	1244.4573	428.64847	1714.8793	498.95844	200.0	200.0	769999	806.25574	97.11296	1054.1088	-693.9155	806.25665	97.08272	1053.6818	-695.50714	-1.2387613	1.909328	26.822248	-11.716058	-805.5549	46.07516	82426.00159692764
78	1573.0374	241.46484	1842.4896	922.32086	1074.7229	334.8559	1764.8406	796.4529	200.0	200.0	779999	806.15094	96.97611	1050.3022	-738.769	806.1517	96.948235	1047.5398	-728.8472	-1.219041	1.9150325	28.550182	-12.113256	-805.5223	45.055923	83709.64079332352
79	1569.8964	302.59863	1831.1049	567.32635	1088.0774	300.6164	1750.4349	662.4844	200.0	200.0	789999	807.52905	95.897156	1056.0298	-726.99347	807.5296	95.871086	1048.9589	-716.6863	-1.224183	1.8898851	25.42399	-13.192197	-806.9339	44.477535	84949.64076638222
80	1484.1313	306.07474	1840.6925	857.3688	1136.2625	261.82498	1647.3739	778.3957	200.0	200.0	799999	808.496	95.9595	1059.653	-736.75275	808.49677	95.93197	1056.5607	-718.9012	-1.1996887	1.9239216	30.519306	-12.884206	-807.82196	44.34927	86214.40043735504
81	1560.5604	264.96814	1859.6952	893.44855	1133.227	273.5889	1728.4894	699.89844	200.0	200.0	809999	809.0648	95.356285	1061.4609	-687.9477	809.0648	95.33642	1072.3851	-680.4094	-1.1532507	1.9634789	30.857138	-11.622664	-808.4275	44.732563	87415.10643196106
82	1450.6886	254.6724	1828.7223	853.46906	1127.614	338.04047	1796.7018	686.55115	200.0	200.0	819999	808.9205	95.8083	1089.2551	-666.0957	808.91986	95.782814	1090.0216	-663.6001	-1.1157451	1.9937696	23.698885	-12.244946	-808.3002	44.63101	88646.50428271294
83	1491.0835	266.96368	1824.2993	769.798	1132.7289	259.20575	1518.2048	640.39	200.0	200.0	829999	807.4188	95.54183	1095.0835	-688.0468	807.418	95.52105	1104.5078	-674.86194	-1.0877161	2.0031164	22.90021	-12.122969	-806.7056	45.88467	89850.33121871948
84	1509.4442	254.7541	1849.5619	815.6102	1051.494	384.35907	1792.8293	574.5149	200.0	200.0	839999	806.2973	95.87116	1088.1813	-688.39014	806.2973	95.854164	1110.3799	-689.16693	-1.0301938	1.9816414	29.778133	-11.088508	-805.53625	46.862732	91058.99843907356
85	1459.4514	254.06226	1806.0371	679.9697	1126.7688	346.92484	1540.5083	662.4828	200.0	200.0	849999	808.05023	95.792816	1095.8866	-686.6923	808.0498	95.77664	1111.0756	-666.6707	-0.98584324	1.9694146	22.736559	-12.813	-807.2913	47.99026	92437.17139291763
86	1456.1829	351.9477	1816.2147	465.6595	1193.7068	421.0905	1784.8138	715.47156	200.0	200.0	859999	808.5267	95.91422	1121.3134	-637.6375	808.52704	95.892525	1124.3927	-638.1062	-0.9238054	2.003188	28.778336	-12.531024	-807.8297	47.789875	93707.4797437191
87	1537.3679	271.23648	1861.1825	544.24396	985.59766	414.54767	1673.2281	536.66766	200.0	200.0	869999	807.7731	95.42715	1109.9014	-635.0594	807.7731	95.40685	1125.1342	-622.9457	-0.9763512	1.9900173	23.29041	-14.278866	-807.0126	48.315475	95034.57568097115
88	1448.3679	390.38925	1872.5775	566.3704	1132.9905	333.02393	1778.3419	718.2287	200.0	200.0	879999	805.9976	95.39651	1114.9934	-680.88464	805.99786	95.37362	1123.9762	-658.5637	-1.0116949	1.9930779	21.551052	-12.218956	-805.2372	47.74334	96166.95507669449
89	1597.36	202.18141	1838.0759	761.6205	1181.8014	318.0767	1783.7231	780.742	200.0	200.0	889999	804.42975	95.00957	1122.1962	-659.86554	804.42957	94.98224	1128.5372	-656.13196	-1.0636643	1.9760538	25.964958	-11.815561	-803.6626	48.838142	97377.437479496
90	1511.943	291.57297	1855.5077	795.9244	1392.495	337.93042	1798.5358	842.36975	200.0	200.0	899999	803.3473	94.61371	1126.9902	-617.2132	803.34863	94.57251	1136.7291	-618.1722	-1.0771389	1.9443072	18.882452	-12.771353	-802.519	48.586105	98639.83592391014
91	1577.7517	266.89563	1863.3337	949.29004	1131.8617	353.54214	1745.2488	691.50745	200.0	200.0	909999	804.1549	93.412636	1101.5134	-617.0527	804.15515	93.373146	1112.9753	-620.14746	-0.9311418	2.0238051	18.965092	-14.882974	-803.3607	48.606926	99882.4276292324
92	1512.6456	267.74008	1858.3131	882.8813	1036.643	275.0792	1338.7461	673.855	200.0	200.0	919999	806.0816	92.85467	1087.9854	-625.3522	806.082	92.810196	1101.1829	-618.4856	-0.93660486	2.0577965	21.32505	-13.113054	-805.2947	49.521774	101117.34728121758
93	1463.5397	318.2159	1839.777	704.43726	1163.039	425.80457	1614.7566	498.23923	200.0	200.0	929999	807.25134	92.55966	1098.4174	-682.7481	807.2515	92.51176	1101.0234	-677.47723	-0.9247977	2.0961506	22.89133	-14.423298	-806.5181	50.674538	102294.24857187271
94	1407.9481	323.25922	1872.6086	726.67816	1224.2549	298.83246	1715.977	848.465	200.0	200.0	939999	807.2653	91.72212	1109.553	-668.7522	807.26575	91.6773	1108.5177	-659.93726	-0.9509147	2.067595	21.755896	-11.587988	-806.4712	50.592594	103527.4433760643
95	1441.4133	332.574	1871.1285	725.1423	985.90735	347.18777	1634.5664	598.5699	200.0	200.0	949999	805.83093	91.514694	1095.8325	-655.8666	805.83093	91.47267	1103.985	-639.4292	-0.9476119	2.0572293	24.912745	-11.928347	-805.00354	50.839554	104769.9252345562
96	1417.4609	272.92633	1850.2987	743.61755	832.52686	238.9156	1285.3359	577.70807	200.0	200.0	959999	804.11884	91.07499	1088.057	-663.0339	804.118	91.04466	1094.8802	-640.76074	-0.9241246	2.103536	24.480162	-12.13305	-803.2894	50.599045	106062.14272928238
97	1415.7896	295.96375	1831.9043	717.3843	1093.284	397.70724	1756.9995	586.0428	200.0	200.0	969999	802.04456	89.921295	1075.4427	-690.35114	802.04474	89.88716	1080.9597	-637.61633	-0.8904188	2.0962102	24.4794	-12.195258	-801.2002	51.76164	107205.40622234344
98	1502.4609	288.68997	1870.059	883.21625	970.36584	283.596	1375.5824	486.14157	200.0	200.0	979999	800.2004	90.009384	1072.6957	-617.13	800.2001	89.96879	1074.434	-605.33813	-0.79747	2.1531818	24.41503	-12.297628	-799.3214	53.76265	108496.30022335052
99	1530.2593	262.67914	1854.7843	923.59924	1182.367	366.10226	1757.5277	407.5516	200.0	200.0	989999	798.88165	89.448975	1055.4039	-601.81824	798.88104	89.412094	1070.5598	-588.44916	-0.73170996	2.1514835	32.390755	-12.256088	-797.97314	53.411568	109803.19091057777
100	1490.815	281.41745	1865.449	903.4446	1292.2917	452.2282	1685.642	516.85547	200.0	200.0	999999	796.6817	90.95608	1072.018	-577.637	796.68134	90.9136	1079.0062	-540.71954	-0.6530388	2.1580598	25.304192	-11.665062	-795.7448	54.80423	111028.56144070625
101	1581.6147	283.79712	1870.7186	757.97424	1152.6676	316.12482	1706.2994	595.8028	200.0	200.0	1009999	796.12305	87.76262	1069.7645	-579.2613	796.1232	87.71262	1086.2996	-596.6482	-0.6677879	2.1151204	25.843838	-14.18209	-795.1164	52.9119	112238.0152425766
102	1501.8235	284.97754	1870.4713	773.555	1151.4548	455.49127	1761.7632	437.4975	200.0	200.0	1019999	797.0738	80.519684	1062.4371	-716.80396	797.0742	80.46126	1077.4066	-690.44714	-0.7452402	2.0002456	24.972673	-12.855734	-796.0755	49.780018	113274.11807346344
103	1567.3079	251.97285	1868.3882	733.83655	1298.6179	268.4047	1544.7875	821.1885	200.0	200.0	1029999	797.2433	79.087814	1061.5387	-756.30164	797.24414	79.03101	1055.2369	-720.7424	-0.74922913	1.9717059	28.031353	-12.193776	-796.2547	47.94165	114241.42112851143
104	1545.946	229.88622	1863.6254	805.79016	1207.8553	313.35666	1484.9502	494.55807	200.0	200.0	1039999	797.98206	78.754105	1045.0114	-678.2524	797.9821	78.70492	1050.2036	-672.27124	-0.67899805	1.9924612	25.967033	-13.652649	-797.0144	47.205006	115264.65326118469
105	1525.7412	279.81342	1865.9023	786.96747	1115.2428	359.15634	1711.372	568.77765	200.0	200.0	1049999	799.27954	79.49423	1049.6799	-709.25586	799.28015	79.43006	1056.7009	-687.32574	-0.6798854	1.9951639	24.129276	-11.971668	-798.3404	46.866814	116392.37365221977
106	1520.0942	254.55263	1805.601	1057.2762	1102.0769	311.6399	1522.1144	591.1233	200.0	200.0	1059999	799.6345	80.65267	1040.2083	-768.8022	799.63654	80.575264	1039.8529	-734.4112	-0.66913444	1.989669	24.045462	-11.972889	-798.6649	47.199554	117428.26937937737
107	1541.5936	277.94763	1862.6489	744.5628	1271.4042	331.17163	1718.4585	547.6612	200.0	200.0	1069999	800.47437	81.62014	1044.2227	-714.93396	800.47455	81.54237	1043.5466	-731.24365	-0.61522	2.0114818	27.811998	-12.996392	-799.5297	47.771305	118494.74164128304
108	1493.6039	273.69565	1853.7517	810.36847	1108.8506	244.72487	1426.7284	617.9528	200.0	200.0	1079999	800.6122	83.00686	1050.2834	-783.4	800.6137	82.926285	1057.2219	-741.86646	-0.5789503	2.011612	35.007256	-13.809804	-799.5861	48.831142	119516.28740119934
109	1537.1622	267.5341	1856.0883	753.0911	1059.8271	325.36014	1759.3254	614.33026	200.0	200.0	1089999	800.1009	84.182205	1053.3059	-747.50165	800.10187	84.117905	1053.7227	-753.9969	-0.5668722	1.9980102	31.612267	-11.955461	-799.0326	48.540768	120586.82350683212
110	1465.34	288.20093	1839.8236	751.54944	1385.0443	344.85703	1766.1989	589.429	200.0	200.0	1099999	799.5273	84.93228	1055.1464	-697.56665	799.528	84.880554	1057.4438	-728.0753	-0.5842844	1.9787817	24.347874	-13.035402	-798.4478	48.26515	121691.98901748657
111	1551.5978	236.41672	1861.8104	816.6943	1329.3406	333.90857	1787.3579	803.37256	200.0	200.0	1109999	799.1865	85.22016	1061.3507	-704.8708	799.18726	85.180725	1058.0206	-709.90875	-0.59909916	1.9941416	27.570175	-14.740347	-798.1286	47.06047	122770.87147808075
112	1476.5353	261.8053	1860.62	822.6316	1216.545	454.31763	1709.865	267.96292	200.0	200.0	1119999	798.6953	85.118675	1060.3025	-757.39325	798.6955	85.07601	1064.3363	-723.18994	-0.6418665	1.9572265	20.87231	-12.41691	-797.538	47.337357	123769.74680519104
113	1507.8391	288.6036	1824.3062	894.31134	1112.115	412.28494	1748.1957	610.81635	200.0	200.0	1129999	797.15045	84.98963	1069.4961	-785.8117	797.151	84.93786	1067.5916	-751.13934	-0.7140497	1.9311609	20.597141	-12.69347	-796.0164	47.656292	124832.92168617249
114	1442.8365	334.6958	1842.6771	424.35205	1309.6394	313.9356	1600.0918	867.7698	200.0	200.0	1139999	794.7007	85.08756	1066.4854	-680.9859	794.70074	85.014656	1068.0938	-596.9185	-0.7688396	1.9068493	24.318485	-11.717484	-793.4927	50.63023	125883.44299411774
115	1521.9471	255.71533	1854.8251	805.7279	1169.7576	325.3638	1774.7982	816.87524	200.0	200.0	1149999	792.6938	85.99654	1072.5399	-724.97253	792.6942	85.903786	1067.2388	-700.1656	-0.78348434	1.8950853	18.89113	-13.655996	-791.4633	53.008625	126924.42369198799
116	1447.7041	301.35547	1847.062	529.40765	1034.4122	297.88647	1548.2007	626.7876	200.0	200.0	1159999	790.8131	86.07249	1073.6233	-727.72406	790.8126	85.99274	1075.922	-706.4117	-0.8030796	1.8571126	19.044672	-12.010624	-789.5616	55.829388	128000.82187056541
117	1470.235	261.502	1855.1808	607.45654	1208.24	310.66077	1587.8912	882.7611	200.0	200.0	1169999	789.08075	85.34267	1074.7673	-762.0769	789.0804	85.28622	1072.3945	-745.9803	-0.7101583	1.9072549	17.21258	-12.251381	-787.8138	58.107273	129055.97380042076
118	1485.2091	259.93915	1846.484	1021.0393	1284.2118	322.6213	1588.4027	735.6776	200.0	200.0	1179999	786.78284	85.033005	1078.2941	-749.8369	786.78296	84.99121	1075.5209	-753.5935	-0.7730029	1.8629771	23.319939	-11.834391	-785.4413	58.292355	130099.4903242588
119	1515.0028	260.70166	1846.0758	865.5807	1293.157	362.44244	1785.4886	550.72516	200.0	200.0	1189999	784.5423	84.98634	1082.2574	-793.10504	784.5425	84.95559	1069.133	-757.07513	-0.7777018	1.8603668	16.208803	-11.759466	-783.2218	59.31563	131154.3257818222
120	1490.7627	263.58878	1842.6166	828.1304	1123.7655	371.58722	1597.5575	543.6807	200.0	200.0	1199999	783.2313	85.59438	1077.0446	-784.6891	783.23096	85.55502	1070.6868	-765.01154	-0.80062556	1.8658429	22.61977	-12.613413	-781.9045	58.69647	132159.17185020447
121	1534.3947	270.83945	1854.8802	861.10046	1478.4749	301.9254	1786.8755	903.69696	200.0	200.0	1209999	784.0021	86.042915	1076.0873	-797.72095	784.0021	85.99436	1071.9961	-760.53723	-0.77408427	1.8697162	18.432894	-12.9646	-782.72284	57.405193	133214.45865559578
122	1486.1154	329.4894	1858.4344	139.68382	1394.0656	331.9515	1783.4036	568.1138	200.0	200.0	1219999	785.9007	86.85068	1077.9915	-632.8409	785.90094	86.789406	1066.1702	-595.8042	-0.79466987	1.8552046	16.781841	-12.380466	-784.6293	58.004093	134267.74533104897
123	1477.9336	257.71887	1838.7538	858.7282	1389.0492	309.81735	1598.0446	637.30054	200.0	200.0	1229999	786.08374	88.64264	1078.4044	-569.436	786.0852	88.5883	1063.9185	-539.9406	-0.80818355	1.8835567	18.646488	-11.730296	-784.7583	57.33365	135318.15447711945
124	1519.0522	216.87917	1865.4175	1054.1261	1209.1658	338.32623	1555.7596	603.6346	200.0	200.0	1239999	785.7214	89.54882	1075.6678	-531.3333	785.721	89.48229	1064.0535	-483.4061	-0.84047955	1.8850272	20.280052	-12.704994	-784.3341	58.70323	136342.2608692646
125	1533.5953	261.65936	1849.618	863.9843	1288.2571	386.00644	1665.188	726.5185	200.0	200.0	1249999	783.24677	90.97358	1074.384	-534.4868	783.24774	90.91087	1061.5944	-557.3402	-0.8640275	1.8746444	18.019758	-12.048449	-781.8162	60.52343	137386.47075080872
126	1545.164	253.63434	1851.1023	1043.3291	1301.6371	273.3617	1713.186	985.4403	200.0	200.0	1259999	781.1441	92.53523	1074.9551	-516.13434	781.14484	92.46227	1058.9875	-519.8201	-0.849898	1.8958687	20.122921	-15.016657	-779.7006	61.48287	138444.93749976158
127	1545.2113	251.09169	1850.8862	706.9996	1431.8228	319.83194	1774.1024	643.194	200.0	200.0	1269999	779.49286	93.52904	1060.1829	-458.1118	779.4937	93.46745	1050.84	-463.77795	-0.8808065	1.9039415	19.844297	-12.906435	-778.08905	62.151737	139565.4743103981
128	1519.1559	282.4426	1833.1613	690.72174	1309.9675	295.8847	1678.0027	909.7818	200.0	200.0	1279999	778.84064	94.259995	1059.6708	-522.3685	778.84106	94.205635	1054.2852	-525.2472	-0.8771547	1.9012575	22.526297	-13.918091	-777.4231	62.48838	140652.3609442711
129	1493.4476	296.7292	1830.9567	858.93756	1355.796	340.0188	1732.6394	862.76025	200.0	200.0	1289999	779.14276	95.05179	1068.0416	-571.5079	779.1434	94.98925	1065.492	-578.46576	-0.88027364	1.905887	19.584663	-12.650493	-777.721	64.93069	141698.40940499306
130	1436.8197	337.96472	1863.8779	645.7742	1165.7048	241.23741	1613.5852	864.3409	200.0	200.0	1299999	779.1514	95.58997	1063.1101	-605.7402	779.15283	95.52804	1068.4832	-600.68854	-0.8824377	1.9225347	24.502937	-11.454287	-777.6672	66.73131	142747.40961623192
131	1555.1244	274.72208	1842.3737	814.49854	1188.4498	280.6723	1531.8057	631.6604	200.0	200.0	1309999	777.9449	96.132996	1080.5549	-607.82324	777.94543	96.069954	1073.2374	-622.8313	-0.85905904	1.9479606	19.529781	-12.008795	-776.4627	69.08086	143869.2206952572
132	1371.9996	358.68103	1868.1208	706.21625	1254.5681	251.82957	1743.5596	821.9401	200.0	200.0	1319999	777.2539	96.98467	1071.4995	-592.0488	777.25433	96.91108	1092.4413	-589.37897	-0.8438524	1.9589442	19.964188	-11.632579	-775.7948	68.68878	144893.61323738098
133	1504.9111	324.50256	1872.748	688.6887	1006.30273	303.455	1550.2758	580.3872	200.0	200.0	1329999	777.3855	97.275856	1069.7744	-543.8474	777.38635	97.199265	1065.8722	-550.7603	-0.807962	1.9771692	18.900757	-12.466655	-775.9422	69.685	145932.8905210495
134	1448.0881	340.92685	1863.2238	658.8962	1217.8234	399.3595	1747.5602	563.3946	200.0	200.0	1339999	777.11676	98.18462	1067.2593	-526.2558	777.1181	98.10678	1072.6311	-525.5626	-0.8021933	1.9793732	22.649506	-14.000674	-775.6344	68.78825	147017.50551319122
135	1553.312	283.20117	1872.7428	660.4232	1177.1003	279.13474	1654.9791	867.07733	200.0	200.0	1349999	775.92914	98.99886	1076.9788	-500.99188	775.9297	98.9279	1064.4896	-511.65952	-0.73846066	2.020031	21.139751	-12.666981	-774.3858	69.84924	148018.96320056915
136	1420.244	364.84088	1840.7621	286.865	1053.9236	284.6278	1538.0774	555.6751	200.0	200.0	1359999	775.9082	99.92807	1069.4872	-771.6051	775.9096	99.856834	1074.8892	-835.64417	-0.72820306	2.0406759	39.429302	-14.764256	-774.3946	68.57579	149056.27269482613
137	1502.7725	300.2438	1864.6785	697.8581	1153.3293	251.23552	1528.0743	910.22015	200.0	200.0	1369999	776.3006	102.640495	1080.5425	-828.1434	776.3019	102.56451	1072.3636	-867.87714	-0.69061935	2.0550518	39.798298	-14.732345	-774.7502	69.451065	150139.1732800007
138	1511.5659	289.39914	1858.9622	785.54724	1090.9131	202.7632	1264.249	570.9595	200.0	200.0	1379999	776.7091	103.77142	1080.5511	-751.02844	776.71063	103.69087	1090.2849	-771.4372	-0.71759415	2.037728	40.31199	-12.9371805	-775.10376	70.3355	151211.9401896
139	1498.071	323.81427	1854.2086	891.4614	1003.43555	354.8394	1601.5825	534.3764	200.0	200.0	1389999	776.11786	104.70693	1087.0076	-718.309	776.1198	104.62115	1096.755	-731.39087	-0.6998395	2.0437434	37.522114	-13.343092	-774.5081	70.27996	152300.18679618835
140	1497.28	313.5887	1871.3643	656.25934	1100.0485	235.77481	1359.2997	558.8463	200.0	200.0	1399999	776.15466	105.42812	1082.0427	-683.88873	776.1557	105.36129	1101.1588	-696.58997	-0.707027	2.0247824	35.29824	-13.69901	-774.58466	69.02275	153295.98413801193
141	1512.0425	285.18005	1855.7272	842.49365	1117.3933	350.55994	1635.3402	647.393	200.0	200.0	1409999	775.82227	106.30821	1091.7672	-674.28394	775.8231	106.24134	1094.4387	-695.64764	-0.7057365	2.0175674	30.80241	-12.698924	-774.2184	70.921165	154211.03760051727
142	1554.361	296.84985	1870.5245	572.5075	1101.0165	215.54726	1422.3704	668.87335	200.0	200.0	1419999	775.43353	107.76277	1094.5999	-694.2095	775.4342	107.69511	1102.5448	-703.56116	-0.6769008	2.0372705	35.209637	-12.920685	-773.815	69.91641	155138.07834148407
143	1431.3857	363.41382	1865.9365	551.6441	889.7464	322.14178	1640.6809	575.3024	200.0	200.0	1429999	774.2413	108.53671	1094.5663	-675.9067	774.242	108.46276	1095.8706	-689.79895	-0.7294206	2.0143967	32.877304	-13.567155	-772.55176	70.87469	156041.41545295715
144	1459.1742	324.912	1871.2345	593.79443	1020.2316	319.8406	1582.6814	639.6378	200.0	200.0	1439999	772.43353	108.88117	1106.5632	-661.52515	772.435	108.809784	1106.7101	-676.81024	-0.71659577	2.0078335	36.270096	-13.515499	-770.7343	71.7773	156925.6759302616
145	1420.328	370.0811	1843.4115	642.52094	1160.7975	237.55879	1561.5038	802.3224	200.0	200.0	1449999	770.76715	110.12646	1120.1447	-672.06793	770.76764	110.061516	1123.5511	-705.8203	-0.7007866	2.0055332	36.78	-11.944343	-769.05115	73.054565	157807.73865699768
146	1472.924	332.20377	1849.0175	582.3136	1199.2275	233.97147	1703.5481	923.433	200.0	200.0	1459999	768.531	110.93488	1106.9841	-683.2219	768.53186	110.8777	1119.7975	-704.2696	-0.6942968	2.0076692	34.30822	-12.110406	-766.7924	73.41692	158649.07170057297
147	1508.1503	304.42932	1852.9663	641.23914	1044.6746	242.37827	1565.9166	540.5923	200.0	200.0	1469999	765.69147	112.063156	1113.8021	-732.66125	765.6927	111.99156	1137.889	-757.224	-0.70755464	1.9949334	26.183193	-12.059292	-763.9105	76.09823	159576.18010163307
148	1552.2517	287.6899	1858.9598	890.442	1014.0036	301.70557	1602.4766	577.4973	200.0	200.0	1479999	764.0065	113.34457	1123.0024	-799.44464	764.00714	113.28077	1121.2087	-810.3369	-0.7215539	1.9869993	49.077415	-11.908231	-762.21967	74.81624	160439.16061615944
149	1558.4786	315.70578	1870.3561	651.1757	949.98193	239.6925	1433.6451	559.4488	200.0	200.0	1489999	763.0452	114.05887	1138.0878	-846.3113	763.047	114.00076	1132.4927	-866.20825	-0.7324692	1.9648236	37.691547	-12.230074	-761.2551	75.1656	161319.53371167183
150	1500.7444	323.14584	1847.2433	703.4359	1069.9667	317.61432	1598.8933	583.4604	200.0	200.0	1499999	762.257	115.0218	1137.792	-796.49036	762.2577	114.96877	1129.1227	-809.06757	-0.77345395	1.9287727	30.585114	-12.61931	-760.3992	75.03785	162243.10031557083
151	1477.6288	329.14948	1851.9032	680.2144	1087.8923	234.17397	1676.5957	879.3774	200.0	200.0	1509999	761.90875	115.585045	1132.9879	-775.2095	761.9103	115.5266	1135.4805	-769.5927	-0.79221004	1.9126645	30.695435	-12.438198	-760.05707	75.26069	163131.41724586487
152	1504.3749	324.09415	1854.5101	732.6405	1210.5826	239.40254	1674.5924	929.84985	200.0	200.0	1519999	761.11206	115.73739	1127.5363	-727.6943	761.11334	115.66593	1136.0951	-751.9209	-0.78018636	1.8999411	28.194075	-12.558601	-759.2557	74.82082	164063.67585015297
153	1479.8462	304.8588	1872.8756	737.7401	1072.5571	335.3629	1594.0981	628.289	200.0	200.0	1529999	759.9133	116.17862	1128.9689	-744.5213	759.9145	116.10124	1123.669	-768.05255	-0.77989054	1.87319	24.58058	-12.828194	-758.0467	76.56966	164990.91382479668
154	1579.0364	254.26088	1855.769	845.058	1046.1116	160.46463	1307.1201	853.7961	200.0	200.0	1539999	760.07245	116.64576	1126.3832	-738.7552	760.07306	116.58188	1130.0164	-762.2181	-0.73656666	1.8824004	21.369358	-12.741938	-758.1507	77.127144	165864.26846647263
155	1680.0537	211.38594	1867.1346	1048.7365	1141.6075	202.19633	1486.942	847.38617	200.0	200.0	1549999	760.3686	117.55723	1136.6998	-687.7247	760.3693	117.501945	1134.7773	-694.6089	-0.6755597	1.9124783	31.034073	-12.653793	-758.4936	78.2261	166784.53482460976
156	1577.1907	279.25977	1856.4625	783.3931	1126.1598	320.38348	1624.0884	462.76077	200.0	200.0	1559999	760.91327	118.62479	1135.1245	-721.4159	760.9132	118.58803	1138.654	-765.0634	-0.6775961	1.9169602	32.135445	-12.795753	-759.02	77.75199	167694.34253907204
157	1586.3148	271.17416	1853.0964	777.7483	1166.6108	386.6177	1665.9348	537.1082	200.0	200.0	1569999	762.09875	118.92192	1150.1569	-725.5756	762.0994	118.88451	1151.6349	-745.178	-0.6632568	1.9084724	22.317038	-11.980324	-760.2233	77.6006	168552.7790799141
158	1579.6284	298.09827	1859.028	836.64655	984.9845	408.3062	1714.2557	536.0298	200.0	200.0	1579999	763.5869	118.90427	1168.5271	-764.2282	763.5864	118.89745	1157.7971	-750.89954	-0.63777596	1.9178766	25.890852	-13.009457	-761.71936	75.753654	169463.32851862907
159	1621.0219	259.00272	1858.1354	942.0272	911.8041	343.8905	1510.2676	496.76837	200.0	200.0	1589999	765.82495	118.76074	1166.9015	-754.706	765.825	118.75955	1169.5339	-780.2811	-0.6350925	1.9031368	28.59442	-14.082108	-763.9777	75.42374	170374.78051424026
160	1542.6613	319.292	1853.3767	441.38138	1378.388	269.76596	1770.1484	1085.709	200.0	200.0	1599999	767.9498	118.91897	1185.14	-792.6294	767.9494	118.92144	1167.1757	-797.5435	-0.6462506	1.8995914	26.720924	-13.258293	-766.12604	74.87695	171266.26981282234
161	1558.3888	265.6966	1860.2092	883.429	1170.3047	361.54062	1751.0488	532.0393	200.0	200.0	1609999	770.0202	118.38508	1171.0349	-752.5655	770.0195	118.39434	1181.2825	-778.03424	-0.63696533	1.9001207	27.50937	-13.311695	-768.2134	72.99988	172180.68650460243
162	1661.1597	235.2053	1856.0145	842.8645	947.4666	367.56	1701.3351	514.09564	200.0	200.0	1619999	771.51074	118.01676	1171.8208	-529.9121	771.5099	118.03427	1168.8126	-532.2956	-0.63424236	1.8956208	29.969025	-14.0121355	-769.6916	73.761734	173069.20528435707
163	1577.7449	282.4712	1854.332	623.0316	1209.5394	370.81036	1710.441	679.84076	200.0	200.0	1629999	772.7429	117.5401	1174.0645	-627.2225	772.7421	117.56319	1163.6277	-649.2685	-0.6720307	1.8829565	29.553535	-12.15125	-770.9287	74.02871	173980.37646698952
164	1590.6769	219.642	1858.0295	967.00214	1189.8156	408.18237	1758.9364	442.58	200.0	200.0	1639999	773.25604	117.55703	1158.7637	-628.71576	773.2554	117.57256	1158.5476	-632.7255	-0.6788163	1.8799429	23.729252	-13.80183	-771.446	72.77719	174849.94052171707
165	1553.9938	301.2757	1861.8585	864.8226	1064.0083	365.41864	1620.5071	514.94135	200.0	200.0	1649999	773.7838	117.61077	1146.2238	-624.88525	773.78253	117.61683	1147.797	-634.1806	-0.70191574	1.867426	23.849344	-13.64616	-771.9572	72.53254	175741.9074473381
166	1560.8534	278.05466	1865.07	784.88544	1090.9968	291.59097	1483.0873	710.78845	200.0	200.0	1659999	773.24646	117.41696	1132.6154	-669.98694	773.24554	117.41955	1136.6096	-666.1673	-0.7617161	1.835318	38.909523	-12.238682	-771.4007	72.68407	176588.33471941948
167	1557.0089	290.33527	1859.5123	812.99133	872.8088	169.15562	1309.8951	724.10736	200.0	200.0	1669999	772.3613	117.58503	1141.5272	-629.5546	772.36005	117.59721	1143.946	-645.5905	-0.73317826	1.8655918	21.838089	-13.230103	-770.5008	72.24817	177423.10317993164
168	1534.9536	291.36108	1862.7919	855.1363	1136.6095	311.6085	1694.537	601.5568	200.0	200.0	1679999	771.405	116.54604	1126.7314	-568.41693	771.40436	116.55752	1120.347	-565.2262	-0.76813406	1.8576237	25.912193	-11.6867895	-769.5465	71.50429	178344.4145617485
169	1605.3551	244.67389	1855.0975	600.11224	1253.4658	376.92343	1693.5552	537.4435	200.0	200.0	1689999	771.46533	116.56614	1123.6476	-522.44727	771.46436	116.57836	1117.3672	-541.09515	-0.78120077	1.8677173	21.093771	-12.468256	-769.602	71.67542	179245.43744325638
170	1567.4946	267.28143	1864.8206	766.47345	1295.0869	355.20264	1668.0038	586.8626	200.0	200.0	1699999	770.92334	116.37552	1106.4233	-515.77826	770.9213	116.39311	1104.5734	-530.2789	-0.7964575	1.8666196	32.25822	-15.057367	-769.0259	71.96071	180146.40054774284
171	1539.0681	285.95224	1850.807	717.0676	1126.7551	358.85812	1574.6902	557.1439	200.0	200.0	1709999	770.1029	115.84478	1104.3351	-604.60547	770.1015	115.85425	1110.3761	-595.5056	-0.83757746	1.8344136	26.68931	-14.011787	-768.1934	71.21291	181025.2901341915
172	1583.808	233.99594	1853.168	807.1409	1267.8337	360.56744	1687.2955	656.0647	200.0	200.0	1719999	769.96216	116.32783	1093.3265	-647.9413	769.9601	116.343575	1095.4677	-692.0208	-0.8042599	1.8377374	18.013128	-14.786526	-768.10333	69.92643	182108.41152215004
173	1424.3146	312.49753	1851.9547	748.069	1237.3435	390.7114	1782.6382	489.71182	200.0	200.0	1729999	770.07544	116.444855	1091.2958	-613.0833	770.07495	116.4605	1111.7502	-598.97815	-0.82249373	1.8512846	17.924923	-13.223427	-768.1753	70.54611	183467.55117583275
174	1501.3834	286.8732	1846.2585	813.2035	1148.6486	327.89893	1610.6244	500.14542	200.0	200.0	1739999	769.86444	116.882065	1090.1824	-521.2808	769.8631	116.882126	1096.9183	-560.47815	-0.828897	1.8586962	16.609688	-11.736179	-767.98846	71.23042	185039.4630842209
175	1538.7666	322.59488	1854.0797	816.53595	1064.6312	346.55493	1523.1554	405.55682	200.0	200.0	1749999	769.15674	117.05204	1099.3546	-520.96295	769.1562	117.05338	1081.408	-523.49146	-0.83082944	1.8453964	19.40305	-12.510699	-767.2062	70.851715	186912.26156401634
176	1564.3308	257.785	1835.9807	762.9498	1121.509	459.54504	1670.6036	502.9646	200.0	200.0	1759999	768.9862	117.073166	1071.3815	-473.12393	768.98444	117.08044	1069.4045	-483.5374	-0.8114824	1.8229907	26.254145	-12.313499	-767.0712	70.58232	188815.8267250061
177	1578.343	209.88226	1854.7295	924.3201	1204.4758	390.20663	1751.7313	590.6477	200.0	200.0	1769999	768.0402	116.70294	1058.3524	-425.1546	768.0392	116.71271	1055.3661	-463.54236	-0.8200768	1.8133168	24.824503	-13.967335	-766.1113	69.66684	190744.7064459324
178	1568.4324	251.55789	1843.3052	606.79553	1243.6223	277.7059	1747.8601	701.7464	200.0	200.0	1779999	767.0367	116.30843	1085.2167	-462.62793	767.03613	116.29042	1096.0583	-457.5716	-0.80768245	1.8387853	18.466295	-11.743197	-765.0654	70.63291	192799.23519444466
179	1554.6234	340.9442	1851.7041	623.73126	1069.6477	452.7177	1723.3087	371.06943	200.0	200.0	1789999	765.1136	115.796425	1085.2029	-468.5137	765.1132	115.7977	1090.544	-472.52814	-0.83287084	1.8308188	19.797369	-12.406059	-763.112	71.40654	194935.5683362484
180	1565.9131	242.05925	1843.9329	931.6211	1410.7119	354.37012	1794.5145	835.7914	200.0	200.0	1799999	763.4003	115.42423	1088.8428	-535.2024	763.3983	115.447044	1093.2035	-505.24524	-0.7974591	1.8314854	18.132261	-12.488069	-761.43134	72.29731	196922.50169992447
181	1595.3654	238.47655	1851.8557	875.55164	1393.5006	451.10736	1772.7937	475.22168	200.0	200.0	1809999	763.1943	115.61637	1093.2308	-449.1529	763.19244	115.64621	1097.2245	-454.20605	-0.78835845	1.8461598	16.827623	-14.0214	-761.22516	71.12085	198906.73997545242
182	1546.5125	261.8768	1863.3901	841.3816	1227.7805	417.0395	1765.0966	537.6103	200.0	200.0	1819999	763.71747	115.67844	1095.603	-411.82016	763.71625	115.708954	1092.3904	-430.49075	-0.7887838	1.8362154	16.416296	-12.612481	-761.7368	72.753624	200999.60426449776
183	1572.4136	281.5661	1850.6788	760.5432	790.704	259.85635	1209.384	486.44403	200.0	200.0	1829999	764.61475	116.51783	1098.0444	-493.62262	764.6136	116.55602	1101.1298	-511.42996	-0.74614793	1.8558059	15.9878235	-15.995545	-762.6656	72.82121	203263.28069925308
184	1594.2717	235.45041	1859.3795	909.10486	1043.2401	255.0365	1590.275	609.79254	200.0	200.0	1839999	765.9369	116.67597	1110.3375	-501.13617	765.93585	116.71561	1096.7972	-531.27985	-0.68819314	1.8856763	16.47578	-11.790227	-763.97186	73.47523	205106.98983979225
185	1611.1556	234.93639	1862.6095	926.86304	1273.8971	502.49905	1759.8636	468.12677	200.0	200.0	1849999	767.26135	116.42359	1119.971	-551.6971	767.2604	116.4515	1106.2385	-565.10815	-0.7375772	1.8551432	21.223982	-12.343481	-765.2804	73.3251	206355.76097273827
186	1612.8562	242.16331	1867.2251	962.0454	1421.9799	259.1152	1742.7804	711.54834	200.0	200.0	1859999	767.7402	116.2196	1118.7539	-475.06244	767.73914	116.26014	1114.2594	-494.7628	-0.7189985	1.8382361	18.260504	-12.756935	-765.74896	73.431496	207562.46030020714
187	1541.6194	264.83997	1852.3704	802.0255	961.1864	227.11043	1231.348	696.7095	200.0	200.0	1869999	769.4895	116.220505	1119.7983	-549.5231	769.4889	116.259155	1113.9637	-561.18915	-0.67190015	1.8668948	17.523157	-12.696765	-767.53046	74.91708	208807.14585876465
188	1556.1553	274.02246	1863.4269	895.24426	998.04456	480.46304	1687.4353	474.90634	200.0	200.0	1879999	770.22064	115.855415	1116.0054	-601.55414	770.2199	115.90127	1106.535	-616.1186	-0.6560743	1.8743466	16.549862	-13.444651	-768.22504	74.47275	209820.05599832535
189	1620.5217	208.56235	1861.7966	956.82086	1129.2183	417.8211	1741.999	464.2738	200.0	200.0	1889999	770.0113	115.85847	1114.953	-555.98627	770.00995	115.89966	1121.4685	-558.8139	-0.70656776	1.8329654	16.595531	-16.30124	-768.0557	72.22544	210636.25644040108
190	1551.9847	247.44019	1838.662	902.2481	1092.2874	475.89758	1681.7296	393.26218	200.0	200.0	1899999	770.323	115.736435	1116.2007	-592.66187	770.3218	115.7851	1108.6638	-617.464	-0.6862626	1.8395638	15.825149	-11.738184	-768.31793	75.25464	211421.50028681755
191	1618.6775	256.09818	1844.0792	813.6427	1208.6277	494.20856	1783.4407	422.94348	200.0	200.0	1909999	769.07697	116.136406	1115.3743	-621.51276	769.0763	116.185974	1107.187	-644.05396	-0.6802199	1.8291659	18.405972	-12.996129	-767.04596	75.1399	212239.80312752724
192	1567.9741	269.1685	1862.6816	856.13306	1134.896	420.9541	1800.6838	426.3103	200.0	200.0	1919999	767.54974	116.31391	1104.5117	-718.7905	767.5483	116.36369	1097.8773	-742.4718	-0.6849778	1.8333238	21.118597	-13.370784	-765.5037	75.460335	213043.01409888268
193	1625.0786	245.91399	1857.5768	901.1269	1214.8071	473.82675	1656.8424	468.1502	200.0	200.0	1929999	766.99927	116.53831	1106.577	-742.3084	766.99835	116.5685	1100.1783	-757.3453	-0.63732874	1.857795	26.73782	-12.367259	-764.9644	76.36447	213822.84587287903
194	1624.7183	208.40796	1856.8992	925.9042	1093.2219	510.74603	1696.1995	445.82227	200.0	200.0	1939999	767.39154	116.84412	1107.4978	-779.96484	767.39105	116.86559	1102.9761	-773.6318	-0.654898	1.8329637	17.340525	-14.713967	-765.3959	74.39659	214586.99527430534
195	1580.5934	210.50934	1846.1174	921.8003	815.3727	468.6502	1725.99	344.3855	200.0	200.0	1949999	768.31256	116.84075	1106.084	-762.35333	768.312	116.86232	1099.9568	-779.9732	-0.6558553	1.8400477	17.281887	-13.633451	-766.31744	74.59851	215362.41734933853
196	1543.0261	264.25574	1855.928	885.1276	991.4632	353.54306	1564.0999	548.95856	200.0	200.0	1959999	769.02625	117.195656	1110.6091	-693.6828	769.02496	117.23103	1103.9084	-736.65405	-0.64124787	1.8487258	28.171543	-13.817693	-767.0436	74.98184	216149.66387677193
197	1521.7612	300.25156	1851.4491	582.2489	1340.9705	358.8576	1802.848	654.8037	200.0	200.0	1969999	768.926	116.874	1105.5029	-563.9401	768.9252	116.902145	1095.5706	-574.28406	-0.6524728	1.855684	23.248404	-12.354171	-766.88184	76.80868	216945.13041877747
198	1570.3992	238.60928	1853.8744	899.6002	1421.1835	421.68604	1799.0167	513.50555	200.0	200.0	1979999	768.3918	116.815056	1109.1202	-455.4147	768.38995	116.84842	1104.9209	-460.19443	-0.62472653	1.8726287	24.607725	-13.802906	-766.3717	76.57069	217745.46386933327
199	1607.9379	218.20938	1859.6182	905.78467	1309.6494	384.08844	1639.4966	401.0022	200.0	200.0	1989999	767.8047	117.52866	1110.9304	-558.6204	767.8028	117.57402	1108.5728	-637.3021	-0.64313376	1.8670039	25.375397	-13.528263	-765.7926	76.22834	218585.13417315483
200	1625.8015	248.46368	1858.7748	772.0282	1089.258	502.11517	1775.0575	413.0915	200.0	200.0	1999999	767.4718	117.86141	1114.8478	-536.8621	767.4706	117.909004	1114.3129	-579.4676	-0.62236667	1.8733839	25.261417	-12.86388	-765.4364	76.86989	219402.18973755836
201	1549.5405	261.1431	1847.5468	742.59845	967.43066	396.14328	1718.5695	444.6834	200.0	200.0	2009999	766.9401	118.23922	1118.7366	-470.65167	766.9364	118.30629	1106.5177	-510.07568	-0.6323048	1.8943019	27.530851	-13.655843	-764.9015	78.38144	220229.02219724655
202	1588.3356	268.16965	1849.2191	768.4703	1111.845	369.79956	1739.6522	477.34726	200.0	200.0	2019999	765.3833	119.176476	1111.8391	-589.3119	765.37866	119.2308	1105.9	-632.6121	-0.6492878	1.8843873	28.255323	-13.286428	-763.30804	79.86404	221018.92111253738
203	1558.0757	224.86119	1858.5936	803.16376	1124.2751	482.96725	1795.7815	532.9616	200.0	200.0	2029999	764.55896	119.27158	1119.6019	-624.44226	764.55426	119.33576	1113.3613	-665.4023	-0.63510126	1.9052258	27.319017	-12.149472	-762.4977	80.44716	221843.86851358414
204	1598.9811	221.82172	1856.1068	942.19604	1263.7744	480.19702	1815.9039	393.73297	200.0	200.0	2039999	763.16486	119.15362	1118.4766	-632.2208	763.1608	119.219604	1114.2667	-625.90326	-0.6955086	1.8749754	26.75425	-13.321169	-761.0735	79.07491	222663.18443584442
205	1600.1301	290.4716	1855.9596	870.5467	1024.5612	437.09143	1725.7246	457.75858	200.0	200.0	2049999	762.14984	119.56368	1120.764	-692.99963	762.1459	119.63031	1108.508	-718.3894	-0.69002783	1.8784566	29.768867	-13.489064	-760.03284	78.60544	223481.42082190514
206	1589.1754	241.32721	1846.185	901.9216	1091.9376	444.16074	1711.204	476.26822	200.0	200.0	2059999	763.46265	119.57723	1117.9957	-719.63745	763.4603	119.62429	1103.604	-742.2356	-0.7116013	1.8645518	21.191656	-12.468142	-761.4347	75.90167	224302.47824811935
207	1574.862	253.4876	1861.6271	796.9284	1193.5862	364.3793	1785.1465	524.9125	200.0	200.0	2069999	763.93604	119.3007	1117.3075	-695.6956	763.93396	119.3469	1103.8121	-716.9928	-0.70549834	1.8909224	20.897532	-12.296379	-761.8953	75.648026	225105.05996727943
208	1597.7797	234.18752	1871.6663	871.69775	952.60236	424.50082	1730.6401	560.01587	200.0	200.0	2079999	765.0583	118.93414	1116.3402	-614.38367	765.0568	118.97985	1100.5211	-657.8873	-0.7299064	1.8575917	23.681337	-11.982717	-762.972	76.388245	225933.6611418724
209	1523.9697	274.84882	1852.8167	834.12103	1108.3295	277.91876	1707.6207	817.7375	200.0	200.0	2089999	765.64557	118.5006	1109.1017	-544.20905	765.6432	118.55221	1100.1522	-568.9333	-0.6982241	1.8701332	31.968916	-11.616387	-763.573	76.433014	226750.3468914032
210	1609.6903	242.31462	1856.2655	772.9008	1108.8148	365.57394	1589.456	515.1061	200.0	200.0	2099999	765.84235	119.02367	1131.6537	-562.55536	765.84	119.08024	1110.2908	-591.0356	-0.6882987	1.8817922	26.654842	-12.564402	-763.74817	79.442665	227562.72299480438
211	1607.4938	238.47862	1869.552	933.86053	1354.8744	320.75418	1823.3794	729.4928	200.0	200.0	2109999	766.1058	120.012596	1121.0598	-659.4619	766.1032	120.06981	1113.6779	-661.16113	-0.6620279	1.8828312	32.690964	-13.073625	-764.00665	78.80242	228388.64226531982
212	1611.4531	211.58057	1867.5294	965.2369	1377.5088	434.56882	1820.462	613.119	200.0	200.0	2119999	765.51874	121.02178	1123.1333	-699.00305	765.51624	121.0765	1107.9185	-653.31354	-0.6484026	1.87228	36.49716	-11.845125	-763.39197	80.61917	229194.23262953758
213	1596.2426	198.60616	1837.3689	1046.4194	1281.2789	445.17178	1800.1401	410.0926	200.0	200.0	2129999	765.72	121.472786	1110.9535	-673.11456	765.71844	121.50904	1103.4531	-693.89856	-0.59389746	1.8865876	22.604958	-13.434381	-763.6072	81.43938	230011.5096271038
214	1578.6436	270.31482	1844.2115	935.9854	1099.5271	551.1819	1755.4906	422.9145	200.0	200.0	2139999	768.2576	121.6333	1117.0432	-777.2699	768.2564	121.66071	1102.5254	-802.4082	-0.51696664	1.8968885	20.275497	-14.665104	-766.17145	81.462875	230786.8754916191
215	1582.1306	243.32922	1852.0894	822.6836	1219.8246	366.06485	1658.2269	441.5921	200.0	200.0	2149999	771.0933	121.566154	1114.7134	-740.5894	771.09424	121.57247	1107.2632	-785.4198	-0.5010548	1.8969432	17.534023	-12.51382	-769.05	80.79817	231580.37375450134
216	1584.5375	233.23242	1852.1573	968.31366	1116.3291	407.7708	1669.809	544.52844	200.0	200.0	2159999	772.71814	120.96667	1128.1188	-835.9759	772.7173	120.979965	1115.6166	-915.68146	-0.54718167	1.8748678	21.280977	-13.889953	-770.6105	80.98142	232394.510504961
217	1610.044	244.83704	1847.7692	688.7973	1408.1477	273.36865	1684.7092	674.15955	200.0	200.0	2169999	773.53735	120.33264	1124.1433	-870.8166	773.5364	120.37612	1109.0969	-922.747	-0.56276107	1.8469999	19.934267	-12.50847	-771.39417	80.70155	233201.5309126377
218	1603.8528	237.5176	1854.09	814.61224	1155.6794	420.70047	1674.9913	551.7811	200.0	200.0	2179999	774.3413	119.32617	1116.3423	-904.94867	774.3401	119.36175	1105.5686	-919.48755	-0.5516444	1.8322349	17.352669	-12.368983	-772.26886	79.60532	233987.9034280777
219	1665.3989	183.23671	1859.4763	966.87286	1323.9421	412.32367	1730.6405	532.6262	200.0	200.0	2189999	775.5709	118.37838	1124.6371	-826.4459	775.57135	118.385735	1109.6003	-883.2042	-0.5335699	1.8356597	21.00589	-13.890692	-773.4749	80.887474	234789.41632699966
220	1622.7372	239.90144	1870.3958	937.48865	1120.7258	494.1879	1722.0544	501.88864	200.0	200.0	2199999	776.9528	116.861855	1120.4017	-729.32837	776.954	116.88888	1109.3561	-741.22516	-0.55403095	1.8335407	27.125511	-13.635699	-774.9203	77.86918	235607.7748837471
221	1591.6033	242.31042	1848.636	943.8616	1144.1934	422.50223	1709.3076	548.59686	200.0	200.0	2209999	778.69244	115.449	1120.775	-832.87555	778.69226	115.456856	1109.1968	-865.3429	-0.6204357	1.8170538	22.279776	-12.813339	-776.6277	76.60068	236406.11303138733
222	1583.989	258.1495	1836.5162	925.83606	1385.2781	255.34967	1658.8131	821.1133	200.0	200.0	2219999	779.08563	115.4929	1123.1929	-793.70135	779.0858	115.52369	1112.0099	-813.049	-0.6132918	1.8264339	24.591427	-13.6524935	-777.0161	76.714966	237161.62596559525
223	1593.0212	240.91283	1841.4	714.7864	1258.969	316.64133	1705.8143	901.69025	200.0	200.0	2229999	780.1905	114.58726	1125.6079	-757.5008	780.1911	114.620285	1115.5931	-780.6482	-0.6608871	1.7985727	24.395363	-15.914494	-778.1581	75.146416	237924.2265484333
224	1584.5262	257.44745	1847.038	866.8086	969.5952	387.9805	1554.7849	441.63382	200.0	200.0	2239999	781.0525	114.69726	1133.6471	-873.9582	781.05145	114.740456	1119.8124	-850.0315	-0.6537396	1.8022202	28.990692	-12.345628	-778.9888	75.8115	238740.63862371445
225	1626.2339	231.23227	1873.9581	837.47296	1183.7117	457.72455	1734.2589	406.7032	200.0	200.0	2249999	781.2411	114.93594	1127.8068	-919.85266	781.24023	114.975136	1120.002	-995.58655	-0.6616649	1.8073678	25.231815	-16.046387	-779.1332	76.54722	239525.5256075859
226	1558.5132	290.48175	1849.6489	767.1747	1269.8789	481.5567	1721.6703	409.31198	200.0	200.0	2259999	781.0446	114.924324	1131.0619	-883.24274	781.0432	114.96694	1127.0999	-874.74274	-0.663121	1.8129935	24.085949	-13.882674	-778.98016	76.473694	240333.95440626144
227	1639.1238	204.58363	1850.1943	991.6009	960.66394	536.99176	1589.8132	187.17833	200.0	200.0	2269999	781.27026	114.85183	1132.0564	-866.7281	781.26904	114.889786	1126.5305	-836.08075	-0.6674266	1.8155692	25.869965	-13.768422	-779.2009	75.16369	241134.35286474228
228	1560.6573	277.7412	1854.1985	215.01155	1046.0973	326.0689	1527.808	586.6981	200.0	200.0	2279999	781.4931	115.51132	1134.5375	-480.44708	781.48364	115.603264	1128.205	-564.46857	-0.64246327	1.8680949	124.37565	-12.871626	-779.4101	77.71368	241925.72343730927
229	1635.1508	225.74171	1864.8556	881.8002	1349.5961	211.32947	1604.7747	1026.047	200.0	200.0	2289999	783.23535	116.10872	1134.9447	-434.1991	783.2285	116.16096	1132.8148	-425.5242	-0.65275407	1.8366948	30.307468	-12.3136835	-781.1827	75.03705	242712.83499383926
230	1685.6234	166.11133	1859.6124	1274.4142	1211.7039	416.17264	1772.2589	429.16885	200.0	200.0	2299999	784.4844	116.603676	1135.9446	-397.89066	784.47437	116.68376	1131.524	-418.2997	-0.65324944	1.8303292	43.442898	-13.567673	-782.4136	75.81746	243479.20999145508
231	1635.2158	239.09248	1858.1385	968.7533	1252.4647	466.14978	1801.3602	337.26883	200.0	200.0	2309999	786.3541	116.60353	1142.3954	-384.69455	786.34204	116.70587	1133.9155	-438.99408	-0.66063154	1.8329415	33.67779	-13.155666	-784.2983	75.707565	244272.3532371521
232	1559.6825	296.62326	1873.5973	790.0963	933.1828	357.17477	1674.1854	407.22406	200.0	200.0	2319999	788.00073	116.75543	1138.6948	-398.09448	787.9859	116.86867	1134.8323	-415.30655	-0.63500804	1.851427	31.682253	-14.467411	-785.9583	75.57498	245063.78307008743
233	1672.1149	198.85347	1860.5966	968.1915	1196.2701	386.03073	1759.7363	619.8553	200.0	200.0	2329999	788.68805	116.30133	1132.1829	-370.11548	788.66846	116.454994	1130.7883	-364.2825	-0.6607224	1.8305743	31.039623	-14.15176	-786.6471	75.38691	245862.54765367508
234	1634.91	303.72525	1876.9287	476.19653	1041.269	415.47174	1671.5018	508.2542	200.0	200.0	2339999	789.7002	116.50766	1135.783	-492.97214	789.6803	116.64864	1118.094	-468.21317	-0.6750205	1.8294793	25.34769	-13.161015	-787.6321	76.21445	246612.41107273102
235	1632.0687	228.09262	1878.2277	948.15656	1244.4164	441.86905	1575.1721	405.3745	200.0	200.0	2349999	790.4537	116.574234	1137.626	-425.2368	790.4361	116.71085	1135.2096	-469.32257	-0.67788196	1.8137196	30.385975	-11.854393	-788.3943	75.56724	247426.6734752655
236	1607.3947	241.81268	1861.224	851.21	1305.9779	491.52072	1754.1655	428.5361	200.0	200.0	2359999	790.72754	116.42503	1140.9501	-382.30737	790.7164	116.49935	1141.1537	-382.96783	-0.6970508	1.8109508	30.859552	-16.30037	-788.6778	73.78783	248239.6251423359
237	1605.1251	221.92427	1873.5634	982.1216	1371.9857	391.7345	1730.4316	557.35614	200.0	200.0	2369999	791.9869	115.61321	1139.5397	-0.9431763	791.9687	115.75517	1144.1361	-260.90845	-0.72397107	1.8012842	33.02491	-14.126772	-789.9601	73.39899	249061.7798523903
238	1593.8358	261.2443	1881.8776	555.81335	1266.2527	429.53787	1549.6067	423.189	200.0	200.0	2379999	793.6393	115.57346	1143.3037	-19.57386	793.61847	115.73564	1143.3441	-332.83612	-0.6730889	1.8161237	28.645834	-11.838761	-791.62506	73.69136	249842.39188098907
239	1595.282	258.04794	1879.4358	851.5449	1213.511	418.05457	1693.8839	407.30542	200.0	200.0	2389999	795.5024	115.730896	1143.5482	-85.724594	795.482	115.89634	1145.4948	-346.0455	-0.6809223	1.8257555	26.243996	-14.031219	-793.5162	73.87292	250645.84562897682
240	1639.4532	222.8821	1842.5273	935.2446	1136.2677	369.963	1668.5573	585.80786	200.0	200.0	2399999	796.6659	116.47223	1142.6998	-440.54187	796.65436	116.584785	1144.4756	-366.3624	-0.6876556	1.8283385	53.18526	-12.551443	-794.6597	71.96499	251457.01672291756
241	1615.4144	278.32422	1856.5354	782.242	1277.281	423.0685	1704.6326	594.54315	200.0	200.0	2409999	797.1873	116.91752	1129.924	-514.9723	797.1852	116.93478	1141.6986	-477.7585	-0.7052462	1.8013195	41.010685	-14.121297	-795.196	69.50251	252276.90390062332
242	1571.206	293.40536	1850.3378	779.38855	1343.3011	245.56906	1692.9275	992.7971	200.0	200.0	2419999	798.028	116.98573	1151.608	-535.2249	798.026	117.013275	1147.9656	-511.26685	-0.65032774	1.8332818	30.890211	-13.447045	-796.0474	68.52248	253074.32901382446
243	1560.7823	255.85292	1877.0028	946.0804	1290.7532	352.98773	1669.0597	462.0936	200.0	200.0	2429999	799.14764	116.80851	1161.0546	-530.72986	799.14545	116.80996	1157.8508	-450.3411	-0.70032984	1.8088152	34.55319	-13.064267	-797.1606	67.64519	253856.35821580887
244	1640.9403	224.35132	1872.8383	919.38153	1043.009	470.97708	1691.527	398.17188	200.0	200.0	2439999	801.1998	116.82406	1163.6666	-524.4892	801.1978	116.839195	1162.967	-464.49484	-0.69772154	1.8324732	40.60441	-12.10961	-799.2588	65.710266	254660.21714687347
245	1652.7144	233.52618	1865.401	894.0294	1280.4329	362.07974	1645.9032	469.13498	200.0	200.0	2449999	803.6177	117.76924	1168.6044	-624.7481	803.61664	117.77238	1161.7833	-446.32132	-0.7133285	1.8377545	33.252712	-12.4333315	-801.69214	65.31158	255426.97609686852
246	1561.5602	287.99936	1862.167	963.0315	842.44696	411.7654	1732.874	414.1011	200.0	200.0	2459999	805.9152	118.14742	1169.6342	-622.6996	805.9132	118.15643	1171.6573	-474.8138	-0.7223725	1.8382643	42.060997	-13.464765	-804.0137	63.832363	256187.00719308853
247	1619.978	248.52068	1876.8394	901.69727	877.6771	410.61414	1668.1298	398.73483	200.0	200.0	2469999	807.919	118.7146	1168.7054	-533.07904	807.917	118.725975	1165.9387	-508.3824	-0.72485197	1.8425698	34.30164	-12.755752	-806.0184	63.997963	256942.03849840164
248	1646.0485	186.90442	1869.6466	1010.4532	1094.7168	335.60504	1709.9233	395.60355	200.0	200.0	2479999	810.7395	118.5552	1163.6656	-479.86212	810.73773	118.56686	1163.6188	-413.40155	-0.74604374	1.840749	32.0065	-12.470051	-808.8883	61.852264	257712.42239570618
249	1643.7437	203.69598	1862.7086	1032.6176	1104.2502	490.44293	1749.6543	372.99332	200.0	200.0	2489999	813.2615	118.206154	1163.8701	-589.29926	813.2601	118.2152	1166.4617	-434.02655	-0.7891334	1.8181773	33.136097	-13.485048	-811.4012	61.66881	258542.174118042
250	1636.1434	227.36446	1856.6449	932.63806	1085.4578	630.01276	1810.5854	336.1137	200.0	200.0	2499999	815.4976	118.05725	1159.2424	-574.12964	815.4957	118.05947	1164.3705	-505.44595	-0.7931394	1.8199733	33.699917	-12.67632	-813.6439	61.738594	259348.9293885231
