Epoch	AverageEpRet	StdEpRet	MaxEpRet	MinEpRet	AverageTestEpRet	StdTestEpRet	MaxTestEpRet	MinTestEpRet	EpLen	TestEpLen	TotalEnvInteracts	AverageQ1Vals	StdQ1Vals	MaxQ1Vals	MinQ1Vals	AverageQ2Vals	StdQ2Vals	MaxQ2Vals	MinQ2Vals	AverageLogPi	StdLogPi	MaxLogPi	MinLogPi	LossPi	LossQ	Time
1	9.676774	3.7791257	28.445425	5.8531466	11.84364	0.11506595	11.968135	11.599048	200.0	200.0	9999	11.666745	6.021367	24.269981	0.0013131946	11.666745	6.0213585	24.299656	0.011588465	-2.733316	0.23913889	-1.0990124	-9.196316	-12.206368	0.009999866	115.19545531272888
2	10.959193	6.689711	44.59975	5.112556	12.698797	0.5029139	13.349116	11.807133	200.0	200.0	19999	29.160315	4.350029	58.838367	5.231957	29.160309	4.3500466	58.742584	5.0653515	-2.7271786	0.30188853	9.704494	-9.068406	-29.690565	0.029786257	244.96844506263733
3	12.781089	17.848955	135.46733	6.163704	14.089624	2.0690892	19.42464	12.461901	200.0	200.0	29999	40.5082	5.1305594	227.1978	31.488142	40.508125	5.13057	225.05751	31.48823	-2.7159557	0.45871747	18.80786	-8.849158	-41.022263	0.15934256	389.6822261810303
4	14.545942	12.7637825	89.244606	5.5300293	12.908213	0.9165188	15.024031	12.0204	200.0	200.0	39999	47.206924	13.818128	620.69794	-19.511408	47.20618	13.820647	588.5261	-24.847284	-2.6282375	0.9245745	37.631912	-10.226566	-47.65911	7.160689	532.9606297016144
5	25.263166	94.342674	684.7607	4.866353	21.417404	6.9189167	32.63385	14.456195	200.0	200.0	49999	51.26858	37.23506	753.59937	0.06489088	51.26756	37.226616	783.7195	2.7085898	-2.4015543	1.5748261	42.6136	-9.450131	-51.704094	18.539068	676.234037399292
6	16.29899	17.655943	120.77477	5.4055095	7.052841	1.0494567	8.2572775	5.908962	200.0	200.0	59999	55.91784	69.6377	1073.285	-27.37727	55.921127	69.63033	1071.7736	-15.492319	-1.8575891	2.445682	39.806396	-11.440479	-56.212994	55.515793	811.4254310131073
7	22.047642	39.850765	280.9767	7.008336	13.9021	5.629245	20.379282	5.946484	200.0	200.0	69999	56.268616	82.86143	1113.3258	-36.356335	56.29122	82.85405	1107.0336	-97.36409	-0.78346574	3.2105951	38.223324	-12.066143	-56.613075	112.47879	951.4002511501312
8	47.300594	57.34591	244.1574	4.286206	24.45332	26.111996	78.57688	7.4013715	200.0	200.0	79999	68.07046	88.22781	976.35425	-76.08955	68.07379	88.22848	965.18396	-104.256424	-0.095863834	3.4646308	35.269863	-11.929446	-68.46536	87.20629	1097.970740556717
9	33.692307	38.0625	163.54178	6.3700185	32.37536	32.17232	121.99777	11.850077	200.0	200.0	89999	84.85375	87.3186	666.94556	-50.37126	84.85133	87.32528	661.23737	-74.96304	-0.08792832	2.8736553	28.996687	-14.785381	-85.36552	42.54798	1247.7888734340668
10	15.325418	18.146646	105.436516	7.5769615	8.655933	0.50662136	9.302234	7.9602003	200.0	200.0	99999	87.65384	73.00143	584.2686	-51.158695	87.65325	72.99994	580.21765	-52.640728	-0.37531626	2.39081	22.839844	-14.004417	-88.0687	32.173588	1386.3647286891937
11	9.362397	1.4463431	17.467125	7.2573605	9.238907	0.8950463	10.640556	8.303887	200.0	200.0	109999	78.971634	57.866062	690.9029	-69.23713	78.97174	57.871365	693.2751	-70.89038	-0.90504193	2.2545772	25.55969	-12.813289	-79.30135	25.751884	1528.4246230125427
12	9.904734	2.2715793	23.689003	6.7020817	10.323757	0.7905889	11.26964	9.006676	200.0	200.0	119999	67.896645	50.990032	862.2965	-86.61773	67.89613	50.992653	852.8944	-88.88056	-1.231135	2.3154001	24.745764	-11.51862	-68.13259	28.317013	1675.0790843963623
13	46.255287	147.7403	1016.1288	3.6750567	9.006361	1.6547993	10.9018	6.3933864	200.0	200.0	129999	57.754845	52.260212	960.89734	-110.883545	57.754673	52.272724	969.2968	-115.98271	-1.2615749	2.500881	30.603996	-11.094265	-57.898563	44.524773	1815.8137307167053
14	22.7589	24.634064	154.84634	4.130955	19.710957	11.009674	37.722073	5.408496	200.0	200.0	139999	48.833805	51.523693	1056.1576	-117.70587	48.83271	51.538788	1045.789	-119.403275	-1.2694951	2.5589569	32.561752	-11.899293	-48.858776	60.6925	1950.5613644123077
15	64.93439	138.1905	828.6801	6.284114	31.573284	23.168676	75.54077	11.332314	200.0	200.0	149999	40.323616	39.122036	1036.9185	-115.97383	40.320602	39.154476	1040.165	-119.9988	-1.0531434	2.6516852	29.929993	-14.609541	-40.358673	50.27816	2091.075615644455
16	68.54305	171.8122	1198.0618	6.051579	36.763176	28.287683	79.20392	3.1074016	200.0	200.0	159999	34.879093	34.82111	1037.7944	-122.66612	34.876724	34.835712	1010.40546	-116.23753	-1.3341163	2.3318331	25.737482	-12.219783	-34.905186	40.017143	2235.75154709816
17	68.7004	236.22905	1266.1019	5.3915215	8.712208	2.3613288	11.782264	5.8287377	200.0	200.0	169999	30.978842	33.044025	1076.2178	-129.37709	30.976828	33.057957	1044.1796	-125.7936	-1.7162157	1.907651	23.70034	-10.330306	-31.053953	32.4755	2373.335695028305
18	22.429903	43.934444	320.77496	5.778748	8.553949	0.72451615	9.907345	7.589422	200.0	200.0	179999	32.32346	40.400925	1419.906	-133.8809	32.32743	40.41495	1408.311	-127.97061	-1.4882827	2.2533991	29.04736	-11.293999	-32.54043	53.619793	2523.1329050064087
19	64.83755	158.74634	842.2373	7.8588347	36.411304	74.24048	258.379	6.290614	200.0	200.0	189999	34.972492	50.236797	1841.634	-157.29454	34.9759	50.253155	1849.0638	-166.07687	-1.2794126	2.5297744	31.052008	-12.512612	-35.065205	60.11928	2672.665311574936
20	28.52538	40.338856	230.78815	3.9426336	64.85285	34.433525	109.4298	16.02236	200.0	200.0	199999	34.8119	56.245014	1976.7797	-186.80565	34.81369	56.25504	1943.8213	-183.2441	-1.2742069	2.4764051	31.103592	-14.115066	-34.906593	78.21918	2825.199882507324
21	26.666065	48.68621	330.10754	5.932104	145.28824	266.76816	678.7252	7.894335	200.0	200.0	209999	35.578228	60.97126	2280.875	-198.74817	35.57543	60.996128	2271.2917	-192.46408	-1.1856372	2.3910596	27.24205	-10.50864	-35.692936	84.267334	2959.4149045944214
22	43.588932	165.25887	1163.6827	2.6269603	11.808938	4.0122175	18.682432	6.5599585	200.0	200.0	219999	37.245083	67.086296	2184.4678	-214.50888	37.245255	67.11717	2175.971	-212.0129	-0.8623646	2.5908582	33.06415	-12.9023075	-37.39172	104.79316	3101.8537414073944
23	17.49498	18.9324	98.26494	4.1759634	13.701187	7.71661	32.20028	7.118601	200.0	200.0	229999	35.405304	64.50402	2266.065	-206.1867	35.40287	64.50939	2114.7383	-205.54414	-1.0695137	2.3055341	31.812298	-13.574232	-35.3925	86.98567	3252.9690549373627
24	34.18757	80.3818	524.4278	5.4668016	7.8340545	1.0412519	9.192339	6.808886	200.0	200.0	239999	31.111387	59.563385	1960.8713	-256.22003	31.110556	59.565598	1982.9615	-284.63678	-1.2311093	2.1562345	22.070158	-12.066566	-31.061657	83.13145	3395.6423346996307
25	29.015285	38.17595	229.16872	3.5964742	12.504526	7.2015896	25.786253	3.7608492	200.0	200.0	249999	28.085594	54.02847	1903.6648	-253.72452	28.088854	54.032845	1806.0476	-261.76556	-1.2499646	2.1060383	27.373278	-12.936307	-27.975632	71.42244	3534.3334634304047
26	20.19842	40.704937	295.77655	2.9125528	14.363756	1.6343844	15.911083	10.1376295	200.0	200.0	259999	25.090233	51.691734	1523.6875	-271.6581	25.098038	51.70687	1449.303	-314.84903	-1.3179157	2.0107791	25.635073	-11.541528	-25.004847	64.57331	3674.989636659622
27	34.993988	69.65309	344.7798	3.072469	16.135193	4.7531137	23.531675	10.176836	200.0	200.0	269999	22.925278	53.633457	1338.0575	-335.36884	22.926805	53.641354	1391.8251	-360.54037	-1.2044727	2.1764743	23.96397	-12.950467	-22.89384	67.934265	3822.7532346248627
28	47.10195	103.43872	676.9176	5.1107373	17.49305	12.287993	36.585983	5.866005	200.0	200.0	279999	20.398527	57.482464	1324.3644	-423.0262	20.401766	57.481316	1227.2808	-445.56503	-1.2536594	2.0508742	22.82958	-16.243805	-20.269745	61.474308	3961.7624592781067
29	40.259552	154.88562	1117.1161	3.9448538	12.272375	2.1411757	15.148009	9.161559	200.0	200.0	289999	16.200853	60.254505	1037.192	-456.18527	16.203693	60.253387	1081.9663	-484.95938	-1.388348	1.9090724	24.983412	-13.320882	-15.950807	55.561707	4108.26545715332
30	34.916397	118.44682	853.98444	3.466041	41.33674	19.160774	71.98291	11.6201515	200.0	200.0	299999	12.074172	61.449688	1160.6246	-471.88562	12.074253	61.447533	1194.2528	-497.78107	-1.4148257	1.8872514	22.52189	-13.93813	-11.834553	53.810917	4248.631820678711
31	22.34996	28.086706	148.25072	3.7742782	88.22565	146.95145	381.2648	3.5293596	200.0	200.0	309999	10.708515	63.86695	1435.6759	-486.93912	10.708164	63.87091	1419.8699	-502.94836	-1.4719992	1.8761407	22.607601	-13.200184	-10.49508	53.363388	4391.413126468658
32	16.737808	21.839212	154.43752	4.5894003	16.054787	7.817256	33.71844	8.075585	200.0	200.0	319999	11.503043	69.17733	1752.839	-512.6532	11.500461	69.17731	1774.7361	-522.64374	-1.3906507	1.9565746	21.421661	-11.415401	-11.279878	59.833576	4529.220988750458
33	13.354448	6.0552635	32.50425	4.25732	10.594528	1.7090721	15.331606	8.590334	200.0	200.0	329999	12.033741	74.540634	1840.2125	-533.8506	12.033007	74.54394	1846.5299	-547.9177	-1.360791	2.0188076	26.395893	-11.688812	-11.770515	65.9546	4672.345399856567
34	13.057825	5.674531	38.943398	4.452845	10.163485	1.7207077	11.800324	7.0571065	200.0	200.0	339999	11.853832	78.828026	1885.8806	-536.9268	11.850816	78.82618	1889.5292	-549.48346	-1.3445468	2.066793	24.961174	-12.356039	-11.599766	72.20267	4809.668648719788
35	24.812742	65.8535	479.27063	4.4510293	21.878307	15.941939	55.19095	9.972459	200.0	200.0	349999	13.030862	82.15211	2015.4045	-516.65265	13.029864	82.16053	1992.337	-544.14575	-1.2161164	2.1721594	30.034979	-12.297425	-12.751567	84.514275	4952.860284566879
36	25.62938	87.228325	634.91064	3.6705387	13.813657	3.7634873	20.79727	10.589675	200.0	200.0	359999	13.579376	85.84596	2022.6718	-523.1579	13.578937	85.85899	2050.0957	-526.26166	-1.1984919	2.1390753	26.935333	-14.41585	-13.268787	84.600266	5097.690576076508
37	23.001045	46.5027	306.89072	2.465978	13.553186	3.1677337	17.430216	8.923736	200.0	200.0	369999	13.274012	86.33111	1963.3098	-509.84167	13.273758	86.34092	1977.1136	-523.4403	-1.1494459	2.1827579	33.574432	-14.337074	-12.999992	87.44374	5232.934487104416
38	66.78138	241.85025	1313.3959	4.8475933	13.476916	5.630477	22.681047	4.417983	200.0	200.0	379999	14.120542	86.22777	2044.5679	-487.16443	14.118173	86.21726	2040.1055	-484.93204	-1.155336	2.2060072	30.463894	-13.780706	-13.816798	93.77799	5366.284831047058
39	21.087132	30.996979	178.0682	5.1501822	39.155334	42.154503	103.51912	9.852474	200.0	200.0	389999	13.30909	85.10374	2013.3518	-494.68768	13.306718	85.10685	2035.1891	-509.4835	-1.1645314	2.1669974	30.314827	-13.165419	-12.972468	89.742516	5507.772699594498
40	20.685287	27.1153	180.05786	5.7987046	27.446451	14.118198	58.850628	8.964582	200.0	200.0	399999	13.072008	86.98707	1957.7118	-532.6508	13.071701	86.98613	1972.8413	-535.10803	-1.1554825	2.2150033	33.899914	-13.088173	-12.758344	93.91113	5643.354264259338
41	21.910168	62.166763	454.1908	6.0131702	17.184439	8.527973	33.441803	6.765294	200.0	200.0	409999	13.346405	88.76087	1868.098	-539.5877	13.347417	88.7642	1925.8531	-564.78577	-1.1068808	2.28991	30.269741	-12.318152	-13.047198	99.04026	5788.257013559341
42	13.141208	10.037819	65.12221	4.3794136	14.34332	13.906209	53.692535	4.299372	200.0	200.0	419999	14.081153	93.674675	1928.0656	-571.8314	14.083703	93.68185	1973.7251	-600.405	-1.0973634	2.3114066	31.97297	-12.710372	-13.688478	108.97891	5937.204776525497
43	15.373721	20.864664	141.08961	3.892457	14.751767	3.0256107	21.484867	10.310708	200.0	200.0	429999	12.794558	92.4708	1735.8551	-580.9945	12.795772	92.47996	1770.3903	-601.74774	-1.0359538	2.2793198	27.745173	-12.914394	-12.423145	105.49328	6071.840697288513
44	10.752228	4.097314	31.395435	3.8704302	10.173673	2.6802697	14.992952	7.440141	200.0	200.0	439999	10.143061	91.36792	1659.3375	-591.1202	10.145987	91.3709	1668.4238	-603.5378	-1.0608407	2.2012784	27.613182	-13.0398445	-9.718749	99.78975	6209.0298182964325
45	12.008276	5.321305	37.411842	5.023586	14.63732	7.584102	28.313332	8.015542	200.0	200.0	449999	6.116335	87.77278	1527.6774	-603.602	6.118044	87.779526	1497.4504	-601.39435	-1.0835159	2.2047942	34.516	-11.036485	-5.683606	91.730835	6344.922853946686
46	12.389473	10.64674	83.55273	4.467068	12.324575	1.8794212	15.042483	10.06299	200.0	200.0	459999	2.5939817	85.89937	1580.7386	-582.5981	2.5965033	85.90688	1580.7656	-617.80524	-1.1485636	2.1841862	26.132603	-12.772895	-2.1286316	86.53711	6484.675910234451
47	14.147979	15.735576	122.63984	6.972466	11.903607	5.31758	26.704084	7.922516	200.0	200.0	469999	-0.8971951	83.41343	1387.3807	-630.301	-0.894657	83.42585	1394.7675	-626.60187	-1.1932362	2.1106498	34.5915	-11.47482	1.3468719	81.313576	6624.931249380112
48	19.093428	37.812565	211.75656	5.1999664	11.3906765	1.913083	13.86609	7.5877132	200.0	200.0	479999	-2.4986567	81.843636	1311.453	-626.339	-2.4970722	81.8469	1281.87	-643.8847	-1.2258421	2.0788271	26.184114	-12.075736	2.92033	76.22423	6757.946394205093
49	21.306526	61.125755	448.1905	6.760451	9.226098	1.4420602	12.398847	7.231909	200.0	200.0	489999	-3.594418	80.09185	1286.698	-642.3678	-3.5915623	80.096176	1229.8759	-651.66425	-1.2755625	2.0522277	27.161404	-12.486588	4.0270014	70.970184	6897.013149499893
50	17.183954	43.02523	317.91092	6.748294	10.635618	1.8817134	12.978119	5.6912465	200.0	200.0	499999	-3.3665872	79.591286	1177.354	-650.1227	-3.3630834	79.58899	1187.4004	-655.21313	-1.2550933	2.0524974	31.488186	-11.679918	3.7607079	69.29977	7041.269963979721
51	11.043387	2.7282224	18.685112	5.108363	9.855168	3.483641	16.884218	7.0998144	200.0	200.0	509999	-3.5318446	79.64791	1245.9171	-672.7211	-3.5299823	79.651024	1190.1031	-658.2274	-1.2531867	2.0597365	30.826523	-12.106615	3.9345696	66.24733	7180.714946985245
52	11.439919	2.9983785	22.257822	4.540717	8.455834	1.4794304	11.277422	6.1872854	200.0	200.0	519999	-2.0318096	80.97943	1334.3928	-679.2994	-2.028652	80.98236	1305.333	-694.7827	-1.2096286	2.1062894	32.923843	-13.0124	2.3656442	65.55216	7313.620141983032
53	12.615717	8.797893	71.90596	7.4477882	13.6677	2.5261776	17.586432	10.54783	200.0	200.0	529999	-0.9205843	80.64506	1345.4347	-688.97516	-0.9187024	80.64625	1334.8914	-675.7738	-1.2256626	2.0914326	23.664824	-12.133595	1.2610147	63.021713	7446.169446706772
54	10.756622	2.305262	17.57872	6.842346	12.59358	1.9451572	15.380267	10.460872	200.0	200.0	539999	1.4720986	80.24001	1303.175	-684.29364	1.4736236	80.236176	1288.4316	-678.2025	-1.2360609	2.14759	28.69	-12.669876	-1.1452315	65.18261	7580.1485233306885
55	11.537385	2.004516	15.59762	7.661742	9.3167715	0.372945	9.751974	8.388213	200.0	200.0	549999	2.5669374	79.92987	1405.2192	-695.9511	2.5665882	79.936035	1391.6504	-694.5995	-1.2541867	2.1077607	24.2056	-11.963642	-2.2224908	64.04135	7717.359261035919
56	17.932539	45.97453	339.3979	7.587234	9.832412	1.4849151	11.3454895	6.975597	200.0	200.0	559999	4.499848	81.8744	1588.9736	-721.6124	4.5018787	81.87687	1540.165	-739.1322	-1.2019529	2.1553836	26.532028	-11.337974	-4.1627264	71.87564	7856.136403560638
57	45.435314	163.6658	896.9296	7.527199	11.037287	0.6799061	11.925023	9.667297	200.0	200.0	569999	6.26547	83.09555	1582.8518	-770.75195	6.2667627	83.101036	1591.921	-827.8464	-1.1998173	2.1866288	26.838305	-11.371866	-5.9327106	70.83586	7999.0304045677185
58	11.206045	2.6768873	19.908682	4.484536	10.489462	1.0313133	12.238383	8.873366	200.0	200.0	579999	7.137334	83.602905	1623.59	-870.4468	7.138764	83.6082	1585.1176	-898.1118	-1.1823002	2.2039342	28.410427	-14.41907	-6.820829	73.12038	8139.770365953445
59	12.9013815	12.698483	100.406525	4.8948812	11.055203	2.2850952	13.723009	8.113178	200.0	200.0	589999	8.759726	83.85348	1588.9437	-910.2916	8.760117	83.858376	1552.9205	-967.1943	-1.1706494	2.247031	29.972816	-12.268814	-8.444077	74.744736	8280.675309419632
60	12.22761	2.9358404	22.474829	7.6269155	13.526932	3.0156276	16.69929	9.836289	200.0	200.0	599999	10.359484	82.99248	1592.0939	-912.98004	10.360473	82.99584	1582.176	-941.66077	-1.1610688	2.260747	29.230963	-12.354413	-10.032609	74.87519	8421.28513932228
61	12.297678	3.2271044	22.732237	7.4522204	13.808637	1.7161558	15.000112	9.4016075	200.0	200.0	609999	10.857847	81.11725	1499.7823	-882.9081	10.856905	81.11887	1496.8932	-915.43463	-1.1751374	2.2120523	25.470638	-11.825836	-10.536387	72.927315	8556.296513557434
62	11.707026	2.4127476	17.449528	8.881686	10.349968	1.1931981	13.240392	9.616626	200.0	200.0	619999	10.921746	79.98292	1455.7073	-917.07446	10.921401	79.98743	1451.955	-956.0552	-1.2155205	2.159509	22.16392	-11.828598	-10.592788	69.80582	8698.016324520111
63	11.949128	2.2699802	16.989721	6.480335	10.775373	0.90797806	12.891262	9.358091	200.0	200.0	629999	10.466802	79.52555	1472.7358	-933.6116	10.4677	79.52724	1462.3232	-982.5835	-1.2264241	2.1745102	30.624266	-14.689203	-10.153416	66.67041	8833.341083288193
64	19.892054	47.532017	347.9937	7.533326	13.452982	2.6849165	17.96791	10.135082	200.0	200.0	639999	9.507803	78.29119	1497.1396	-965.9086	9.509119	78.28419	1463.9889	-1006.88	-1.2697492	2.1236458	24.98518	-13.518997	-9.203395	66.43205	8976.972918987274
65	11.775081	2.541596	18.553967	5.287048	10.493751	2.4376874	16.857166	7.937798	200.0	200.0	649999	9.721309	77.51741	1421.6808	-920.29443	9.723055	77.51461	1383.42	-908.28064	-1.2912263	2.122171	31.1138	-13.939819	-9.419286	63.548767	9117.706820011139
66	29.003809	122.44608	885.8609	6.141536	11.644136	1.1570497	14.623872	10.178065	200.0	200.0	659999	9.423032	76.557	1426.9923	-905.0816	9.42364	76.55403	1423.0802	-918.62805	-1.3102666	2.119627	26.079435	-11.945387	-9.122686	62.81346	9253.177404880524
67	11.832092	2.836775	26.22936	8.067297	7.5228705	2.5470161	14.192616	5.654745	200.0	200.0	669999	9.959297	75.278435	1286.5469	-900.4702	9.959745	75.275795	1254.2201	-922.95905	-1.3002608	2.0881538	25.0465	-12.0313	-9.7041	59.912724	9378.935735702515
68	11.284309	2.623938	17.984612	3.568268	10.292152	1.9269575	12.344745	7.3929453	200.0	200.0	679999	11.037503	73.82647	1275.5616	-874.9257	11.037392	73.82081	1211.7258	-876.3832	-1.3366915	2.0782392	25.957617	-12.135845	-10.790152	58.670673	9512.650192975998
69	11.391555	2.404354	21.10478	6.936091	12.001001	3.0501928	17.02621	8.713519	200.0	200.0	689999	11.319717	71.80335	1518.8972	-815.07526	11.320815	71.79485	1466.2341	-822.9683	-1.3725783	2.063694	28.062853	-12.623867	-11.0851	57.155895	9646.025478601456
70	29.262127	95.43481	655.3561	7.180595	11.059198	2.1812325	13.858061	7.6383753	200.0	200.0	699999	11.359484	71.23174	1438.082	-831.9437	11.361352	71.22497	1448.019	-822.7589	-1.3974373	2.0583637	27.670967	-11.723536	-11.115394	55.891224	9784.744717359543
71	12.087258	2.750554	19.283249	6.8934875	11.601168	0.72062105	12.855764	10.05162	200.0	200.0	709999	11.662941	70.79796	1533.9241	-843.677	11.663659	70.79681	1525.3628	-836.26984	-1.4366046	2.0434923	25.134235	-14.226936	-11.456084	55.96354	9933.174020051956
72	74.44056	257.4254	1333.2805	6.026654	7.8222504	1.9790914	11.315264	4.4951806	200.0	200.0	719999	12.58017	70.699486	1552.2251	-779.7587	12.581887	70.70331	1513.243	-811.78094	-1.3967137	2.1081922	25.498833	-11.293959	-12.391253	59.43228	10072.257474422455
73	34.911434	101.19037	687.2189	6.2965736	12.209597	1.4414008	14.553937	10.3856535	200.0	200.0	729999	13.471379	71.33091	1512.6055	-759.66797	13.472353	71.32932	1563.9316	-772.00415	-1.4068396	2.0906074	28.22381	-12.337263	-13.254386	58.843143	10221.113521814346
74	11.030974	2.4892135	19.887728	4.6724343	13.287378	2.4352984	15.699578	9.23157	200.0	200.0	739999	14.503827	71.06735	1519.8425	-749.0494	14.505439	71.06481	1434.301	-744.4898	-1.387306	2.1128037	26.684147	-12.190148	-14.283644	59.124794	10361.614808321
75	11.821251	2.5361269	18.496618	7.503985	10.111082	1.2001722	12.267363	8.553526	200.0	200.0	749999	14.590915	72.0633	1471.2018	-744.08575	14.591814	72.05853	1461.1127	-707.0399	-1.3223054	2.0907025	32.887947	-11.133203	-14.381006	62.898537	10497.530006170273
76	11.955806	3.6245792	24.95721	4.0993905	10.047684	1.3122346	12.1120205	6.7741265	200.0	200.0	759999	14.115475	71.805984	1527.8655	-704.6156	14.116363	71.811325	1507.217	-710.06104	-1.4241296	2.1050143	29.152584	-12.618858	-13.887308	61.528812	10686.59190273285
77	12.191598	7.3793497	59.919773	3.0373948	8.754736	1.2253789	10.327602	6.6802382	200.0	200.0	769999	12.865712	72.08494	1396.8617	-751.4449	12.864893	72.08622	1462.1693	-741.1632	-1.39908	2.082839	30.221226	-11.300694	-12.649588	62.7173	11152.10670375824
78	11.14584	2.4468539	19.215303	3.8769698	7.506874	0.877295	9.072271	6.4104257	200.0	200.0	779999	11.538515	71.65831	1181.2991	-808.2545	11.538469	71.65992	1116.861	-843.67554	-1.4657007	2.0540557	30.550417	-12.679659	-11.361345	55.786407	11612.331660985947
79	13.443438	9.97939	80.77958	7.0710816	7.582615	1.7418338	11.13495	5.511792	200.0	200.0	789999	11.611428	72.13601	1226.3412	-842.71954	11.613092	72.13755	1276.6144	-851.56964	-1.520524	1.9969153	30.393118	-11.553194	-11.428472	55.440086	12083.036626815796
80	17.193714	45.95562	338.4929	6.871651	11.577878	1.139459	12.652344	9.56454	200.0	200.0	799999	11.706467	71.09658	1227.4412	-837.86847	11.706221	71.09609	1260.9529	-867.5811	-1.4737995	2.0460172	28.769999	-12.163636	-11.547788	57.03438	12540.046952724457
81	30.69206	134.9853	975.10187	5.279657	9.204248	0.7402884	10.176964	8.488744	200.0	200.0	809999	11.82489	71.00496	1129.8468	-886.93085	11.826305	71.00209	1151.15	-907.75867	-1.4916112	2.0292253	25.765976	-13.773018	-11.666615	55.935913	13019.06234717369
82	47.622116	189.75378	1308.5306	3.389671	12.163261	2.1647642	15.591678	9.701441	200.0	200.0	819999	12.479011	71.53383	1144.3772	-839.6388	12.479009	71.52809	1181.2932	-868.5229	-1.4718156	2.039068	27.902771	-12.063131	-12.323329	57.09141	13489.754628896713
83	26.207695	98.687996	716.3341	7.675976	9.532529	0.5701261	11.020047	8.953988	200.0	200.0	829999	13.519391	72.184074	1159.7295	-844.0585	13.520723	72.18622	1149.6978	-878.70074	-1.482486	2.0846953	27.840624	-11.04529	-13.370922	55.843613	13961.622362852097
84	45.162197	170.3939	1173.248	7.2167926	8.897361	1.3013004	10.409207	7.425782	200.0	200.0	839999	13.473309	71.775925	1227.4575	-850.296	13.47373	71.77999	1262.9612	-898.38403	-1.5322465	2.011744	31.398102	-11.450229	-13.29979	55.09003	14427.434130191803
85	11.77993	3.327049	21.263361	5.436405	93.66243	125.12346	284.78268	10.505038	200.0	200.0	849999	13.30773	71.49333	1153.9249	-838.9472	13.307111	71.49186	1164.9375	-881.2421	-1.5311027	2.0056489	32.078117	-11.402132	-13.140317	54.035744	14908.038493156433
86	17.690454	43.336098	319.9058	5.314631	6.582948	3.2353933	11.349526	3.3027577	200.0	200.0	859999	13.607616	71.91131	1228.1865	-831.467	13.607012	71.90369	1256.7394	-877.37634	-1.5428112	2.0355766	30.249268	-11.301536	-13.4351845	55.16925	15371.969976186752
87	37.57396	182.25932	1313.2026	5.5161743	303.58765	589.5549	1482.6938	5.8704934	200.0	200.0	869999	14.419973	71.27994	1297.2999	-846.20135	14.42054	71.27719	1309.015	-876.1137	-1.5001043	2.0746965	29.601898	-11.062588	-14.297142	57.601814	15742.24980545044
88	16.130835	22.163355	128.26352	5.3374085	7.06272	0.78882754	8.34479	5.8543425	200.0	200.0	879999	16.460892	74.26786	1552.0917	-866.3534	16.463255	74.270065	1545.7589	-902.3436	-1.4340194	2.1428955	28.934965	-12.874462	-16.315273	67.87557	16072.28371167183
89	27.431501	78.250786	547.8126	4.5408826	17.358868	9.864274	36.032597	8.091855	200.0	200.0	889999	17.264746	76.282074	1538.1978	-869.057	17.263872	76.27606	1549.987	-889.6817	-1.3995678	2.1098475	37.1069	-11.877016	-17.111412	65.49315	16409.5977370739
90	10.802258	3.633338	25.098467	6.4036584	14.095309	4.1685944	21.935015	8.351174	200.0	200.0	899999	17.665964	78.55876	1564.0331	-858.7248	17.668749	78.54676	1559.2788	-844.5508	-1.4091136	2.1404746	27.936306	-13.185293	-17.487999	70.75265	16748.38379740715
91	65.5739	265.9473	1552.6307	4.8275023	11.929857	2.11431	16.113932	10.155667	200.0	200.0	909999	18.684603	80.08617	1450.9202	-875.1181	18.684963	80.092	1527.1777	-881.7706	-1.3370245	2.2343361	28.633837	-15.37693	-18.529547	74.59774	16974.978472709656
92	31.866865	125.72449	905.5778	4.5806403	17.142048	8.518679	42.428974	12.607672	200.0	200.0	919999	20.490395	83.123535	1566.8373	-881.2097	20.491655	83.120636	1536.359	-891.82294	-1.3111881	2.251417	29.006536	-14.097485	-20.343998	79.45673	17166.997742414474
93	62.21878	204.03592	1104.3417	5.1555057	10.644937	5.905604	20.339756	4.1619368	200.0	200.0	929999	21.321747	82.88357	1594.2676	-889.58984	21.322569	82.894165	1596.5808	-870.6511	-1.266723	2.2687042	29.67611	-12.559767	-21.169878	81.158264	17350.412296772003
94	37.088326	144.6177	1035.6941	5.971581	22.716244	15.384452	45.830765	5.552007	200.0	200.0	939999	21.389597	82.80453	1485.528	-877.5917	21.389944	82.810005	1487.0106	-891.6062	-1.2806934	2.2404962	28.185646	-12.238679	-21.247528	76.06547	17552.98226237297
95	34.08385	150.2685	1084.5728	4.3024526	8.242726	4.0459213	13.225799	2.895696	200.0	200.0	949999	22.208649	81.59215	1242.7965	-841.7347	22.210497	81.58752	1220.3983	-878.33655	-1.319143	2.2320383	31.431675	-11.166598	-22.06416	73.957054	17746.14719247818
96	16.047846	31.642809	236.79045	6.3686037	18.12643	25.480331	94.26845	5.5480056	200.0	200.0	959999	20.902296	80.10883	1095.0946	-871.6066	20.903702	80.11377	1097.187	-847.22284	-1.3449082	2.2245135	35.128834	-12.46372	-20.745668	72.84116	17943.274335622787
97	25.995018	82.437256	587.9029	6.591433	105.11576	277.67648	938.09125	8.397182	200.0	200.0	969999	21.159859	79.12414	1222.2478	-860.8636	21.160955	79.13399	1160.2113	-836.0355	-1.3204744	2.2157598	29.56099	-12.209293	-21.025381	75.38003	18127.886386156082
98	13.189454	4.3263397	24.368105	6.006846	52.646667	128.53156	438.16357	7.0323815	200.0	200.0	979999	20.417383	77.77143	1183.4119	-835.8194	20.417925	77.779785	1189.0209	-826.931	-1.3839549	2.1560647	27.820675	-12.408737	-20.227308	74.53856	18334.83826136589
99	23.719141	77.009155	561.8198	5.5653	11.822484	1.9174274	14.60415	7.36392	200.0	200.0	989999	19.028873	78.79078	1204.0577	-833.6901	19.028372	78.806625	1203.3419	-826.3722	-1.3538897	2.2072418	29.43422	-12.337037	-18.84162	79.83899	18528.60400390625
100	46.30973	171.24208	1044.0967	4.8142934	11.197276	7.8659797	34.024715	6.92066	200.0	200.0	999999	19.76004	80.24134	1223.1482	-825.63257	19.761124	80.245415	1213.3832	-820.82825	-1.2789521	2.2585886	35.022793	-12.244665	-19.642447	81.79144	18719.765466451645
101	37.33044	98.49451	585.297	5.33349	14.632822	6.872724	34.62147	10.781417	200.0	200.0	1009999	20.609129	82.888565	1231.2966	-851.8818	20.610683	82.897896	1221.1438	-868.37	-1.269815	2.2712073	34.34545	-12.890461	-20.45073	78.800865	18911.50829267502
102	13.408836	6.9208884	56.13294	7.8850045	13.404602	6.512175	26.343388	8.553783	200.0	200.0	1019999	20.799759	84.50393	1180.2944	-848.8604	20.799534	84.512505	1175.7471	-866.5573	-1.2812426	2.2989202	29.718372	-12.013067	-20.621853	85.00681	19107.4695353508
103	92.83989	273.8456	1234.0148	6.5397873	163.42334	450.61618	1515.1886	8.196568	200.0	200.0	1029999	20.850851	86.89527	1426.4701	-898.19525	20.851656	86.88922	1423.7	-944.0928	-1.2633653	2.322568	31.787752	-11.989342	-20.710358	87.9703	19299.50970363617
104	58.913403	213.33583	1191.6758	5.9474688	17.160957	11.288388	48.590313	11.144037	200.0	200.0	1039999	20.515915	90.213745	1513.6816	-898.1024	20.515575	90.20963	1571.4305	-922.4307	-1.2647456	2.2923582	32.307346	-12.254883	-20.326578	89.21415	19493.295850276947
105	10.2543335	2.4467652	17.102718	5.0551953	13.64908	2.541763	17.306223	9.20735	200.0	200.0	1049999	19.133339	89.25087	1503.4308	-869.9331	19.133392	89.261505	1451.2921	-906.0617	-1.2632016	2.2773166	34.795193	-15.556639	-18.945438	88.964096	19685.718556165695
106	37.979996	186.47662	1343.114	4.0946174	11.914943	7.087977	23.565262	3.0681226	200.0	200.0	1059999	18.139126	87.005196	1158.6716	-875.9356	18.139664	87.009476	1171.7443	-896.98865	-1.2630539	2.3774025	29.144156	-13.287585	-17.960804	86.76447	19883.194385766983
107	46.590923	187.85718	1283.2305	7.452791	11.446486	2.257915	14.198412	7.999688	200.0	200.0	1069999	15.85271	85.244804	1144.3867	-910.87427	15.853171	85.2385	1123.9231	-919.4412	-1.3634614	2.246004	32.93734	-13.690469	-15.6588	83.97797	20090.075353622437
108	11.276054	4.103169	28.56881	5.3324447	11.055803	1.3338505	12.749168	9.058309	200.0	200.0	1079999	15.178111	82.25649	1140.9805	-913.318	15.177029	82.256355	1168.1558	-916.6255	-1.4148148	2.2060835	29.076313	-14.419006	-14.967296	78.31385	20278.62999868393
109	12.761287	11.414611	89.126884	5.134969	13.884964	2.4384406	17.371923	11.074494	200.0	200.0	1089999	16.5385	80.8324	1243.7108	-921.0695	16.538786	80.83509	1273.6333	-936.6716	-1.3657988	2.3220437	35.68298	-12.99243	-16.391953	83.88755	20467.274028778076
110	29.595144	99.183784	699.5015	4.9458895	12.271978	3.4703689	21.160576	8.5983715	200.0	200.0	1099999	17.06463	82.06582	1280.4783	-948.762	17.064465	82.070915	1253.363	-956.79626	-1.3356563	2.3513658	30.555304	-14.13052	-16.869427	88.5889	20665.032413244247
111	54.49191	222.34663	1443.8037	6.324952	9.812238	2.6762123	14.587657	5.6709146	200.0	200.0	1109999	18.353994	84.14165	1295.8842	-949.4021	18.35571	84.13659	1308.0388	-952.17084	-1.3100061	2.4252698	33.292477	-13.121836	-18.239237	95.7472	20854.242137670517
112	44.891273	193.54903	1384.3577	4.4964166	10.421708	3.7219942	15.870413	7.23864	200.0	200.0	1119999	18.989706	87.57838	1292.1078	-1030.9299	18.990763	87.59331	1298.2031	-1017.32104	-1.2736467	2.4215806	43.75678	-11.399734	-18.840828	97.787	21047.189349889755
113	32.36844	149.83887	1080.8268	3.634479	17.657137	13.562446	58.127415	11.221808	200.0	200.0	1129999	19.29839	88.64363	1345.1942	-1004.6251	19.300695	88.64472	1365.515	-1027.4512	-1.2506723	2.362286	33.41102	-12.451936	-19.146765	95.84045	21235.759392261505
114	16.084179	19.569744	114.3118	5.2526774	11.13666	2.3855495	13.437335	6.683437	200.0	200.0	1139999	19.467567	87.08115	1287.9656	-1095.2864	19.467058	87.08329	1304.2745	-1067.856	-1.3160515	2.2976258	33.372467	-12.399662	-19.287815	96.95629	21426.987658023834
115	132.49713	315.9327	1425.3373	3.6834137	13.554537	4.973621	23.591251	5.1121216	200.0	200.0	1149999	18.59533	83.85914	1295.3835	-1120.767	18.59739	83.85485	1304.4601	-1105.9519	-1.352496	2.290937	27.795692	-11.234641	-18.438757	89.665276	21614.531094312668
116	75.65781	224.63448	1175.0402	4.685094	36.34103	83.59841	287.09937	7.1651335	200.0	200.0	1159999	20.119246	82.13694	1224.2548	-1131.4666	20.119247	82.13943	1217.0223	-1115.9841	-1.3057044	2.3441756	34.91712	-11.216419	-19.99214	94.53395	21805.94548559189
117	36.65839	178.40202	1284.6814	4.872933	12.003027	4.0921655	16.55476	3.3525043	200.0	200.0	1169999	22.2519	82.410706	1245.8895	-1116.9766	22.251934	82.412766	1259.0563	-1112.8632	-1.3602155	2.3326564	33.818333	-11.268204	-22.124144	97.51829	21994.14836525917
118	42.731327	163.54552	1116.2146	3.0790694	116.727615	313.01822	1055.7799	10.877132	200.0	200.0	1179999	22.040361	81.46291	1229.202	-1142.0339	22.03943	81.46537	1218.9879	-1125.7662	-1.426846	2.2535536	28.656946	-12.81022	-21.83615	92.894104	22183.982164144516
119	35.88972	173.82034	1252.3286	4.6657887	9.105627	2.7134724	11.148284	4.9864335	200.0	200.0	1189999	22.614582	82.81467	1293.9957	-1022.315	22.616205	82.80989	1302.3463	-1020.4276	-1.3453321	2.314467	26.541739	-11.638432	-22.486427	95.616684	22387.52663707733
120	34.6893	109.56129	763.8975	4.192808	15.620128	5.7189612	31.030382	10.136915	200.0	200.0	1199999	24.013678	83.73609	1248.3901	-1034.491	24.013578	83.7443	1267.8137	-1039.2367	-1.3078303	2.3218777	37.498375	-12.150984	-23.860342	98.53834	22578.533239603043
121	63.1759	229.6906	1363.538	4.0178194	8.294821	3.6464052	14.720424	3.7415524	200.0	200.0	1209999	24.605724	84.22682	1213.8917	-1086.7059	24.607517	84.22996	1235.3375	-1096.7375	-1.3199272	2.3244343	28.16962	-12.464735	-24.467077	97.50378	22772.864190101624
122	13.859287	10.154982	69.552895	5.2780647	9.785115	1.0851792	10.835343	6.847235	200.0	200.0	1219999	23.892618	83.79131	1300.8899	-1082.9192	23.892767	83.78929	1294.2487	-1077.8387	-1.2883345	2.3734117	34.416885	-12.050766	-23.745377	99.49487	22958.845591783524
123	10.171954	3.9653058	30.740084	4.718698	23.748693	18.020718	51.123756	8.085974	200.0	200.0	1229999	24.546392	84.54235	1298.5674	-1082.6156	24.546356	84.537415	1325.5474	-1083.3378	-1.2471386	2.453505	38.119125	-11.317797	-24.442596	105.56189	23157.113552093506
124	48.302128	185.2043	1304.4535	5.2995086	11.936772	1.9198956	14.638372	8.289239	200.0	200.0	1239999	25.599577	84.21269	1350.8724	-1084.1274	25.600573	84.199196	1364.536	-1085.3019	-1.2593502	2.4519515	38.826912	-14.410165	-25.473785	105.189865	23361.32706952095
125	39.56561	162.99869	1164.5626	5.842454	12.528195	2.444811	15.850114	8.251974	200.0	200.0	1249999	26.170927	85.58554	1328.183	-1104.8602	26.171703	85.579605	1322.6229	-1087.5591	-1.2540303	2.4258103	33.588814	-12.41921	-26.066439	105.7574	23551.697027683258
126	131.84767	304.75046	1454.9235	4.7473927	15.48924	11.37487	49.38748	9.828957	200.0	200.0	1259999	28.239237	86.56487	1321.1064	-1088.2499	28.241528	86.55484	1338.2314	-1071.4138	-1.1802698	2.470013	33.623154	-15.460436	-28.150057	113.0229	23741.394629478455
127	56.935562	227.75037	1413.3962	6.4554753	9.067228	2.5971222	11.968932	5.094844	200.0	200.0	1269999	28.29724	85.98212	1369.633	-1061.1879	28.300076	85.980804	1367.3801	-1056.0002	-1.2136655	2.4333155	30.091934	-11.4132595	-28.128838	105.02115	23927.524211406708
128	27.434265	86.3895	608.28125	4.5937777	10.081792	3.3381584	15.2704115	4.6814017	200.0	200.0	1279999	25.558432	82.29432	1352.2677	-1110.3536	25.559303	82.28203	1325.9093	-1089.944	-1.2977182	2.401752	35.937096	-13.147114	-25.37	102.818634	24112.20476102829
129	78.39489	265.493	1413.3124	4.3983927	9.729555	3.2308762	13.48056	5.4290457	200.0	200.0	1289999	23.762445	78.729294	1270.2147	-1118.3289	23.763926	78.71672	1304.4836	-1115.175	-1.307674	2.3580108	32.676743	-13.976412	-23.580519	102.33852	24295.001961946487
130	29.882309	62.742386	304.3378	5.0440683	9.998556	3.0926661	13.380207	4.8535566	200.0	200.0	1299999	25.135788	77.78459	1367.3009	-1206.7355	25.137434	77.75525	1341.7075	-1192.5409	-1.2420665	2.4806795	37.5023	-14.182622	-25.027428	109.851685	24482.91735315323
131	14.021046	15.738524	117.96289	4.439013	10.955011	1.2005255	13.027465	9.826839	200.0	200.0	1309999	25.600954	75.82974	1298.4144	-1329.976	25.601105	75.82176	1361.3033	-1310.468	-1.258672	2.3482614	35.87113	-13.909208	-25.466648	104.75909	24669.582307338715
132	14.071259	18.601686	140.8269	5.527515	11.964475	2.8660154	16.582518	9.000838	200.0	200.0	1319999	27.002699	75.52283	1351.3668	-1412.9766	27.005089	75.51058	1371.17	-1369.7823	-1.1963395	2.3886743	32.327454	-12.49301	-26.9471	107.29335	24855.064462184906
133	14.961225	20.924713	159.72655	5.845621	10.624141	3.8166118	15.619041	4.744976	200.0	200.0	1329999	28.223993	76.91514	1422.3025	-1447.4294	28.224337	76.89789	1445.4569	-1477.2821	-1.2060235	2.4028146	37.466286	-13.126466	-28.159338	100.743515	25047.02716422081
134	28.712152	131.0355	945.73444	4.5138097	7.0818663	3.6211123	13.89057	3.3482792	200.0	200.0	1339999	28.846169	76.664024	1406.8453	-1580.4183	28.846258	76.65112	1399.2322	-1603.613	-1.2349677	2.3698776	34.004368	-12.571415	-28.742529	99.84588	25232.821226358414
135	23.77578	93.64154	679.0341	4.820906	10.520777	3.9693227	16.409773	6.9552703	200.0	200.0	1349999	28.10422	75.971664	1372.6992	-1707.468	28.105818	75.9627	1357.4565	-1707.9265	-1.226126	2.3929138	35.75421	-11.659954	-28.012344	96.738205	25394.711955547333
136	51.964405	159.07237	915.1677	4.80052	11.157984	2.6715393	16.692863	7.919128	200.0	200.0	1359999	29.032717	77.533394	1411.5404	-1673.2543	29.032097	77.52326	1432.5624	-1731.5432	-1.1853535	2.4504883	36.582844	-11.754894	-28.97617	97.417435	25534.50816464424
137	25.375238	68.59121	471.39044	5.257011	10.243468	2.319111	13.200084	7.119212	200.0	200.0	1369999	31.791462	78.11865	1306.949	-1728.8978	31.79498	78.11757	1359.4921	-1770.9025	-1.1044636	2.5358644	33.413193	-12.308661	-31.748219	107.0446	25675.28701853752
138	47.735737	177.8511	1184.8284	5.228589	8.829183	2.6952243	13.723078	6.585735	200.0	200.0	1379999	32.58495	76.255325	1155.5708	-1701.7017	32.587753	76.24513	1188.0563	-1712.7112	-1.1278805	2.452553	33.494225	-13.326727	-32.48513	103.866325	25826.31692790985
139	61.45858	202.54704	1129.3358	6.653807	53.822887	80.77272	215.27206	7.931207	200.0	200.0	1389999	32.08167	74.53892	1120.7151	-1668.3737	32.0789	74.544914	1117.9927	-1671.3844	-1.163072	2.4877183	47.27956	-12.32398	-31.972837	98.345566	25967.477100610733
140	80.95289	253.12108	1473.785	5.4761305	10.901378	2.9490657	15.991805	7.9514546	200.0	200.0	1399999	29.064844	71.286	979.354	-1836.488	29.066534	71.275795	1007.1968	-1846.9031	-1.275503	2.3663652	40.154152	-11.810314	-28.927578	86.054146	26111.483151435852
141	11.996799	3.620929	23.685238	6.4817	12.014795	4.8656235	25.155418	6.39104	200.0	200.0	1409999	26.664831	67.64049	875.06	-1791.3799	26.664087	67.62916	909.8565	-1817.78	-1.3444747	2.3179095	39.87566	-11.394142	-26.550056	78.184395	26253.68574810028
142	36.46457	165.50946	1194.652	4.772291	8.838575	1.7983627	11.1395035	5.900606	200.0	200.0	1419999	26.124714	66.127365	834.1066	-1792.8549	26.12593	66.12138	841.3404	-1781.3196	-1.3382975	2.3924208	43.59638	-14.536956	-26.029167	78.47929	26399.597192287445
143	77.96299	262.92654	1324.3217	4.287262	138.90704	391.61844	1313.7515	6.014943	200.0	200.0	1429999	26.41796	64.857216	869.8845	-1717.1715	26.41849	64.837265	859.1973	-1754.3494	-1.2934418	2.3843515	37.85999	-12.025752	-26.333256	77.87465	26540.13272500038
144	81.21208	263.23682	1313.91	4.6403637	9.896265	2.8187382	13.166501	5.673467	200.0	200.0	1439999	27.398882	66.716415	847.55273	-1808.7639	27.39877	66.71921	867.20325	-1869.4393	-1.3317565	2.3464549	37.088047	-12.790989	-27.316626	75.504135	26694.245646476746
145	35.51465	173.91084	1252.6633	5.400347	10.047196	1.2107596	11.553101	6.9493923	200.0	200.0	1449999	27.84354	66.839645	856.4246	-1890.9943	27.843122	66.84487	861.5593	-1894.4175	-1.407778	2.2807405	30.88315	-12.536022	-27.752678	75.193184	26840.820866823196
146	19.716543	39.46234	262.74384	5.947672	19.746826	10.246617	32.30799	6.0333824	200.0	200.0	1459999	28.585377	68.20592	922.1269	-1742.9514	28.5861	68.20126	923.0078	-1759.8457	-1.3825855	2.326531	41.50766	-12.383049	-28.486444	75.37323	26983.597410202026
147	15.332573	22.283146	169.79025	6.7351274	89.23765	232.51678	786.7477	6.72471	200.0	200.0	1469999	29.815668	68.23031	988.3617	-1765.7518	29.815561	68.23471	980.07556	-1752.1553	-1.3528246	2.2999415	33.700638	-11.566349	-29.755297	77.54574	27135.386693000793
148	23.846502	51.959873	302.20712	6.030125	11.976643	3.79125	18.287418	6.4895473	200.0	200.0	1479999	30.595272	72.08921	985.9014	-1906.4733	30.596674	72.074135	974.4577	-1918.0511	-1.3720154	2.3546054	47.87883	-11.881764	-30.51982	81.09086	27289.58486032486
149	80.52047	256.6383	1493.1158	5.5231204	14.362416	11.184797	43.258934	5.865465	200.0	200.0	1489999	31.336285	73.77846	982.57666	-1844.4065	31.337452	73.77161	977.6715	-1861.0974	-1.3127909	2.384966	35.28432	-11.823963	-31.25349	85.685814	27439.767813920975
150	64.37156	229.44371	1573.2736	4.499038	11.563787	2.1407506	15.430896	9.902132	200.0	200.0	1499999	32.03006	75.908714	983.63776	-1821.933	32.02905	75.925224	985.5502	-1826.5137	-1.3375106	2.3981338	35.433907	-11.422099	-31.933607	89.15723	27588.586482286453
151	61.17833	170.76967	776.3504	4.936691	10.654391	2.737047	16.18142	6.2488747	200.0	200.0	1509999	32.004498	77.43345	931.7416	-1839.7744	32.00474	77.43658	934.8955	-1891.293	-1.2802505	2.3758624	40.272762	-11.897562	-31.889921	88.99712	27737.57346010208
152	101.5129	321.23468	1462.3433	5.5244174	63.82984	163.62843	554.60254	4.8590574	200.0	200.0	1519999	32.08501	78.270996	902.5014	-2098.8704	32.086	78.268135	910.4659	-2057.933	-1.225017	2.4027848	29.150188	-12.907185	-31.997934	91.519424	27885.329845428467
153	81.31768	284.98224	1486.7573	4.3605657	139.06564	364.12415	1231.2183	9.528266	200.0	200.0	1529999	32.509373	79.739784	907.45544	-1951.2738	32.508423	79.73972	916.9727	-1923.8032	-1.2444336	2.4064581	30.464039	-14.122659	-32.400875	94.38832	28037.51954483986
154	38.73867	146.2399	955.16095	3.6333585	165.31363	391.5233	1333.7445	9.126219	200.0	200.0	1539999	32.11514	83.55737	948.2957	-1902.5903	32.113956	83.562294	933.6272	-1922.7356	-1.260542	2.487326	34.65067	-11.0369425	-32.000446	106.5029	28190.94901227951
155	53.335278	217.58585	1513.4093	5.6679707	16.580341	9.200114	31.46715	7.2294736	200.0	200.0	1549999	32.810246	87.581894	930.569	-2171.5032	32.809498	87.59102	953.524	-2157.4592	-1.1650405	2.539537	39.311195	-12.250849	-32.68575	113.4455	28341.307749271393
156	17.065994	47.259136	346.98703	3.6444829	9.985133	2.757363	13.986081	6.5427756	200.0	200.0	1559999	31.107637	87.8088	1017.56384	-2087.8967	31.107208	87.80084	1036.328	-2099.6125	-1.186002	2.4443953	30.747456	-11.360495	-30.957897	111.1831	28491.35806107521
157	43.967194	203.1327	1451.6104	3.8447378	13.3481655	9.057738	31.036486	5.8590403	200.0	200.0	1569999	29.28855	88.35429	1134.2537	-2247.408	29.288347	88.357765	1142.1577	-2277.09	-1.2684195	2.479785	49.112595	-13.198538	-29.105513	113.032074	28643.975166082382
158	32.517372	156.19997	1125.6266	4.3622165	157.16641	226.37848	502.95416	7.0472193	200.0	200.0	1579999	28.428864	90.12726	1101.5913	-2295.7246	28.42922	90.1153	1133.7328	-2320.4084	-1.1863756	2.5183327	41.556076	-14.267214	-28.26124	119.44018	28794.443296670914
159	105.74526	326.99017	1335.2814	4.9989853	153.30301	419.9782	1413.1649	5.8908567	200.0	200.0	1589999	28.710573	89.59137	1036.2351	-2415.8352	28.71019	89.58511	1039.2312	-2346.888	-1.1575853	2.5434217	43.917625	-12.800935	-28.568735	117.056274	28943.006702184677
160	78.44301	228.15422	1293.2056	4.8787565	21.939909	23.625603	69.010635	4.341794	200.0	200.0	1599999	29.367773	89.729744	890.09656	-2211.1436	29.368013	89.71736	892.0965	-2259.6404	-1.0924023	2.623184	34.67564	-11.819626	-29.213526	119.61638	29092.485438108444
161	35.02836	170.01442	1224.5906	5.24811	12.735543	2.260377	17.045855	9.417715	200.0	200.0	1609999	28.631289	88.09853	902.1514	-2259.9478	28.62977	88.090164	901.5913	-2330.883	-1.1364787	2.4990864	42.519447	-11.966394	-28.42226	120.139084	29240.277324914932
162	10.312591	4.7001762	29.589834	5.213416	10.042555	2.3680427	12.255681	4.1240783	200.0	200.0	1619999	25.722296	87.97844	881.18335	-2227.9263	25.72125	87.95839	891.72473	-2209.386	-1.1892741	2.444815	38.331974	-13.249948	-25.49941	119.030785	29391.327480077744
163	9.690263	3.009442	20.91914	4.6385446	10.200775	1.8931822	13.714641	6.4605546	200.0	200.0	1629999	22.96667	84.767494	831.2848	-2352.1487	22.96491	84.77068	867.36597	-2309.5112	-1.2150868	2.424166	34.429417	-10.874594	-22.729534	118.8237	29541.310774087906
164	9.909575	2.8487291	16.989704	5.6682343	12.592053	3.4815822	17.81275	9.869765	200.0	200.0	1639999	22.0228	84.106	849.43054	-2421.2563	22.021767	84.08821	837.47925	-2380.5742	-1.1798717	2.4717445	58.639343	-10.545404	-21.842226	115.476425	29693.128116607666
165	38.696075	147.32843	1007.9345	6.1322227	7.1787505	1.9392185	11.201645	4.551841	200.0	200.0	1649999	24.039595	85.4234	833.81555	-2397.8755	24.040642	85.40384	822.62463	-2343.696	-1.157623	2.550784	49.185356	-11.871839	-23.854546	123.48776	29846.957833766937
166	68.101265	236.50343	1314.6084	4.6680346	10.254683	4.3829856	19.818731	4.173853	200.0	200.0	1659999	25.48577	85.67878	801.3699	-2432.4922	25.484985	85.67028	804.13043	-2392.9304	-1.070765	2.588952	38.452053	-11.112778	-25.290968	124.23377	30003.24631023407
167	22.952957	80.394356	577.5311	4.0424247	12.346389	3.1379898	19.240658	7.1605206	200.0	200.0	1669999	26.138023	83.211136	971.45215	-2390.7437	26.139547	83.21071	945.9816	-2405.1226	-1.1192908	2.5514724	39.42972	-12.062701	-25.972515	115.757	30159.271194934845
168	101.55562	326.9072	1522.9247	3.9682732	9.747484	1.5976561	11.627255	5.5780764	200.0	200.0	1679999	25.753937	82.04404	1028.2148	-2369.4436	25.753595	82.03607	1013.70514	-2316.2554	-1.153732	2.5117211	40.957172	-11.097893	-25.54874	108.93282	30316.192714214325
169	10.198933	3.9262383	21.32358	2.9615366	9.3384	2.7695963	13.766964	6.181487	200.0	200.0	1689999	24.341518	80.14709	972.6295	-2573.4783	24.339846	80.13869	976.4044	-2497.7434	-1.2100554	2.4835336	43.32634	-11.291405	-24.146557	103.24366	30472.180953979492
170	23.987726	66.1592	393.702	3.9403424	9.248356	4.180201	19.84903	5.163747	200.0	200.0	1699999	23.675194	79.150734	917.1917	-2435.6865	23.673965	79.14471	927.96497	-2490.7542	-1.1922096	2.5277798	46.62474	-11.620621	-23.493523	100.76149	30627.448031187057
171	72.16555	237.06714	1264.8271	4.0852265	10.575169	1.7436451	12.932052	7.6323223	200.0	200.0	1709999	23.887014	79.19274	872.97266	-2755.403	23.888565	79.18837	866.7458	-2629.9402	-1.2453538	2.445385	42.82814	-11.124022	-23.6889	95.61182	30784.699589967728
172	23.589832	93.51928	677.70325	4.650463	148.4017	418.16736	1402.8964	5.4975348	200.0	200.0	1719999	23.739594	79.61681	863.9892	-2673.8142	23.739985	79.60343	842.76514	-2653.7114	-1.2136607	2.5015283	59.02711	-13.6931305	-23.551682	95.4193	30938.808124303818
173	64.34465	265.7745	1425.022	3.6742454	7.309184	3.2093651	13.356898	3.761823	200.0	200.0	1729999	24.724398	79.858025	856.24066	-2782.9473	24.725159	79.85389	861.89325	-2701.7205	-1.1229285	2.5159137	38.617256	-12.226332	-24.551037	98.22025	31096.087216615677
174	22.601082	62.819122	386.49506	4.646061	306.6253	593.1135	1492.8485	7.90951	200.0	200.0	1739999	25.145872	82.02505	830.6892	-2926.4858	25.147757	82.00161	828.9829	-2996.3337	-1.1580272	2.4152153	36.27693	-12.356607	-24.96344	100.1821	31253.24663376808
175	22.408785	75.27034	548.64734	2.3241754	12.213451	1.8036803	16.492199	9.466643	200.0	200.0	1749999	25.16195	83.90933	831.3425	-3209.6252	25.162893	83.87806	836.2195	-3180.641	-1.0837122	2.4575312	42.84111	-11.814423	-24.9885	105.04384	31406.24811053276
176	20.438017	72.17801	525.20056	2.8335743	11.139338	2.2623565	15.650904	7.6419764	200.0	200.0	1759999	24.564442	82.1966	809.9774	-3206.3594	24.564848	82.179565	825.4481	-3176.8215	-1.1206336	2.4248564	57.924664	-14.324073	-24.390356	101.14503	31560.404383420944
177	42.325962	130.3778	665.5942	6.2275314	17.821629	8.097735	32.5785	9.262959	200.0	200.0	1769999	22.821325	83.60596	814.96234	-3167.1138	22.819857	83.59311	808.57635	-3150.9316	-1.1771342	2.392664	45.092533	-11.586773	-22.618338	100.27751	31714.184234142303
178	94.136955	311.54935	1373.0894	4.07631	11.412699	1.9439564	14.193995	9.03203	200.0	200.0	1779999	22.790445	84.4048	802.1787	-3204.9065	22.791897	84.41595	836.23267	-3197.945	-1.177945	2.4265547	46.52229	-11.809719	-22.574053	105.095924	31872.236467838287
179	38.654972	199.23938	1433.105	3.3257427	9.679551	4.580733	18.556627	3.806356	200.0	200.0	1789999	22.54589	88.10999	843.1265	-3475.3364	22.54697	88.11505	894.62805	-3454.2607	-1.1479723	2.4456427	44.760487	-12.596058	-22.357866	110.8885	32029.07812333107
180	35.057533	177.01564	1273.9603	3.1567981	10.432902	2.604316	15.650059	7.358349	200.0	200.0	1799999	21.905092	89.811714	947.74164	-3565.8047	21.906464	89.80034	909.63025	-3573.2148	-1.1671529	2.3919358	39.262352	-10.863744	-21.695982	116.54485	32186.5529692173
181	24.046062	99.415955	719.5793	4.1487074	8.945328	5.1942434	18.013922	3.2825396	200.0	200.0	1809999	21.310135	89.569305	1110.3835	-3949.6367	21.31114	89.55081	1064.2395	-3800.4895	-1.0912961	2.541141	66.8224	-11.752741	-21.091536	119.50527	32341.721100091934
182	14.78738	29.822433	221.35126	3.7072227	13.114866	5.3219695	28.763124	10.21462	200.0	200.0	1819999	19.876984	90.088326	1286.2819	-3935.8508	19.878325	90.07731	1257.9095	-3897.1042	-1.2296393	2.408906	52.904182	-14.682531	-19.646612	117.6713	32496.13629937172
183	10.265782	2.7508874	18.565443	4.0871286	8.074295	1.7469184	11.496183	5.7866535	200.0	200.0	1829999	19.059536	90.49146	1222.5288	-3984.0615	19.05891	90.51059	1255.7445	-3966.297	-1.1319698	2.489388	63.323467	-12.043711	-18.836212	117.671074	32651.4919359684
184	61.40254	243.1879	1382.2277	6.9468465	8.565822	2.7093005	11.353088	5.2202306	200.0	200.0	1839999	17.9269	92.2639	1038.9541	-4239.927	17.928837	92.24463	1054.1364	-4288.8867	-1.200376	2.4239728	71.856544	-12.808596	-17.65908	118.95487	32807.65139293671
185	26.877127	114.69963	829.44867	3.6745212	9.901985	1.5468259	11.261758	5.456488	200.0	200.0	1849999	18.24293	93.68703	1234.485	-4593.546	18.244642	93.689926	1246.3009	-4587.8184	-1.0806266	2.4980917	61.225025	-12.105198	-18.040884	125.48892	32963.09381079674
186	98.088524	316.4006	1396.1522	3.3459888	159.96481	301.87125	763.70374	7.5432897	200.0	200.0	1859999	19.13569	94.39486	1488.6803	-4664.74	19.136417	94.381905	1480.7074	-4704.4414	-1.0447491	2.5789595	66.63892	-12.141183	-18.921963	130.37883	33115.26695895195
187	77.325836	283.3301	1432.3785	3.7019732	12.514652	2.4768224	16.044992	8.106807	200.0	200.0	1869999	18.609274	98.04744	1163.0082	-4723.054	18.606678	98.04731	1173.7349	-4730.073	-1.0816382	2.551863	64.707695	-12.019455	-18.357962	128.76442	33269.586075782776
188	87.67712	303.94678	1442.8372	5.9335217	10.043695	6.4355865	27.317469	3.919032	200.0	200.0	1879999	19.177332	96.136536	831.88245	-4744.937	19.176012	96.13762	840.0776	-4715.4746	-1.0769382	2.5573628	55.876728	-11.131918	-18.958134	128.03978	33421.00452661514
189	24.33396	102.36276	740.53253	4.277345	33.034523	56.606472	202.5409	7.3221393	200.0	200.0	1889999	20.860931	92.630844	851.3697	-4679.7817	20.860502	92.64257	830.8855	-4692.6963	-1.0975527	2.651227	58.338764	-11.209806	-20.634333	128.36137	33573.00647830963
190	11.839626	5.1756487	35.7527	5.65728	25.741978	28.286676	81.75314	9.170712	200.0	200.0	1899999	21.73559	92.75366	815.1481	-4530.431	21.73448	92.741806	818.98785	-4592.727	-1.0606955	2.6239896	68.683136	-11.102015	-21.507473	122.0574	33728.16286969185
191	34.95407	165.56026	1193.5208	3.5292847	323.66852	629.023	1581.7021	3.9499357	200.0	200.0	1909999	22.62928	89.862144	803.918	-4574.5503	22.63067	89.856094	833.01825	-4610.712	-1.0532111	2.6116602	52.625656	-12.168336	-22.417196	117.48702	33881.375450372696
192	10.492557	3.9461746	18.947834	3.3041477	10.246107	2.9414968	12.998734	5.7563148	200.0	200.0	1919999	22.59674	87.90562	847.44763	-4670.7983	22.596634	87.8968	865.3261	-4664.214	-1.1623267	2.5593033	46.551506	-11.555521	-22.359388	111.50581	34032.800043582916
193	53.186977	203.75377	1154.5541	4.2338305	10.804688	2.940799	16.126816	7.738754	200.0	200.0	1929999	20.606829	85.34093	883.0244	-4553.862	20.608187	85.332756	887.6709	-4595.0444	-1.1513	2.5374794	47.41108	-13.051088	-20.343521	109.8376	34179.80534553528
194	14.308372	18.870882	143.07138	4.4417768	12.665371	10.10096	42.52892	7.6456137	200.0	200.0	1939999	18.824486	90.88278	762.33014	-5214.5986	18.822159	90.89308	775.9198	-5244.4253	-1.1747614	2.5496604	50.189594	-12.112772	-18.560131	107.91314	34329.436002254486
195	31.61813	146.25665	1055.0132	4.297263	11.390732	2.0116131	13.068309	7.3268948	200.0	200.0	1949999	17.51633	91.60572	784.07855	-5423.8345	17.519236	91.6346	818.55347	-5533.0713	-1.0913672	2.5579994	54.09879	-13.921256	-17.307838	108.13549	34477.14274263382
196	13.860516	32.58136	241.14386	4.0143795	10.199678	1.6911094	12.9994335	7.7800183	200.0	200.0	1959999	18.462994	95.4116	832.47003	-5896.5474	18.464478	95.42453	796.98676	-5964.74	-1.1117135	2.6199942	59.763004	-11.573529	-18.214743	115.518074	34626.395312547684
197	27.221003	105.311134	757.11523	4.455607	9.695451	0.73777586	10.374525	8.138042	200.0	200.0	1969999	17.943214	97.73616	914.0119	-6728.2476	17.9432	97.739456	914.2602	-6659.285	-1.0710886	2.590524	62.633766	-10.990332	-17.712082	116.66888	34773.784723997116
198	39.557384	207.24873	1489.9983	3.0913866	11.649246	5.880832	19.69258	3.517863	200.0	200.0	1979999	18.040909	98.24093	1041.9368	-6755.672	18.040092	98.26597	987.02856	-6831.7446	-1.0513558	2.6076436	60.164658	-10.679821	-17.786232	122.25505	34917.72778010368
199	33.14992	118.45072	777.0242	4.0519686	8.45551	3.016599	11.485178	3.9078598	200.0	200.0	1989999	16.804876	101.627525	1027.2251	-7035.934	16.803158	101.630936	970.288	-6968.301	-1.0309738	2.5896583	55.828682	-13.228754	-16.559677	118.02349	35067.98301911354
200	11.174246	7.608196	58.92978	4.114518	8.152204	3.6198654	12.05551	2.8575482	200.0	200.0	1999999	16.402063	104.78565	1083.8077	-7135.867	16.401056	104.82812	1049.2848	-7218.2036	-1.0908798	2.5897627	72.6144	-11.691138	-16.125141	121.1595	35217.151544094086
201	78.61071	274.73837	1462.794	4.246901	10.251586	1.1936767	11.93722	7.6197476	200.0	200.0	2009999	16.468733	107.75786	1148.5629	-7173.609	16.469427	107.77362	1190.0714	-7234.8613	-1.0013564	2.5978045	75.67964	-11.438447	-16.217537	122.06655	35366.24406814575
202	32.52252	141.50616	1017.2418	4.156264	10.123813	1.5971072	12.213952	7.4475584	200.0	200.0	2019999	17.80714	107.88193	1365.5553	-7775.526	17.808226	107.89108	1361.8281	-7698.7266	-0.9478165	2.6915655	59.655853	-13.627926	-17.555653	136.68771	35515.4764482975
203	10.708192	4.1371975	26.882595	2.544718	10.22326	1.6491702	11.684935	5.5987706	200.0	200.0	2029999	17.87756	116.01162	1234.8132	-8092.641	17.87813	116.02342	1239.8333	-8276.297	-0.90245473	2.6745129	62.332546	-12.321867	-17.60735	152.62677	35661.9214823246
204	32.805233	152.22345	1095.0944	3.104304	151.65811	420.4243	1412.9186	8.723604	200.0	200.0	2039999	17.588535	119.677216	1348.8145	-8621.343	17.587013	119.66985	1347.609	-8768.43	-0.90696555	2.7409942	56.490005	-13.380755	-17.30267	154.33588	35806.920349121094
205	31.61188	147.76143	1065.6979	4.1432242	13.311813	7.8724394	27.973383	3.9586895	200.0	200.0	2049999	17.894966	116.748795	1354.6044	-9273.951	17.893896	116.74234	1348.927	-9036.851	-0.82741	2.781539	52.95383	-12.105753	-17.64298	160.25247	35952.88889336586
206	10.290363	2.904431	18.173721	6.3376594	9.441503	2.7957907	15.337555	6.579458	200.0	200.0	2059999	16.594404	116.72882	1213.8075	-9765.927	16.595442	116.759865	1206.1482	-9806.7295	-0.8585857	2.7438803	79.466774	-11.7557	-16.332956	150.75224	36100.16715216637
207	35.413673	174.03174	1253.4297	5.054852	10.00401	3.311297	14.903377	5.8448153	200.0	200.0	2069999	15.411832	115.00564	1204.4387	-9724.702	15.408878	115.012115	1216.3671	-9845.052	-0.9211864	2.7427523	59.689617	-13.698149	-15.137372	143.03218	36243.85004353523
208	17.229153	43.661568	321.22485	4.3423853	11.227699	2.2765214	17.645727	8.907301	200.0	200.0	2079999	15.270116	115.698	1181.2437	-10813.182	15.269937	115.672134	1210.3282	-10733.43	-0.91673285	2.7627878	78.81435	-18.771156	-15.030436	146.98965	36388.877559661865
209	13.376722	17.285217	133.08643	4.307184	11.643682	2.7779698	19.567202	8.964944	200.0	200.0	2089999	15.22538	116.24775	1241.9393	-10782.857	15.227823	116.30461	1230.8943	-10908.867	-0.99292874	2.6522136	81.96459	-11.726223	-14.9653015	143.58096	36538.801196575165
210	36.526825	176.6509	1272.8058	5.3219566	11.034306	4.05837	16.40183	5.525733	200.0	200.0	2099999	14.621074	118.24835	1408.8102	-10968.641	14.62294	118.27063	1320.3125	-10886.074	-0.99904066	2.6689742	65.808334	-11.561693	-14.3730955	142.0822	36687.36960077286
211	11.279834	3.8999224	24.637617	5.3790493	12.553126	2.3365195	18.684267	10.138581	200.0	200.0	2109999	16.582357	119.17672	1472.6913	-11226.657	16.580166	119.16882	1424.0372	-11264.938	-0.9205402	2.8322177	68.831375	-13.721537	-16.386368	146.67052	36831.064589738846
212	21.972397	66.58221	479.21167	6.0470576	13.348181	4.3997655	20.273554	9.100668	200.0	200.0	2119999	18.123245	117.36931	1322.2384	-11113.6455	18.123386	117.36702	1344.6503	-11193.026	-0.89843225	2.8491254	76.22066	-11.1094055	-17.871176	145.91788	36975.98538208008
213	38.141804	183.60931	1323.1454	4.77136	17.038578	9.776763	31.736647	7.422432	200.0	200.0	2129999	18.147621	122.600784	1306.722	-12537.579	18.14735	122.61903	1306.2408	-12705.876	-0.8983281	2.8566713	110.55665	-11.500379	-17.9246	154.78654	37121.36671090126
214	11.539957	4.093412	25.527348	5.676024	284.2945	539.5499	1363.3864	12.110201	200.0	200.0	2139999	19.789312	122.671974	1341.5231	-12866.869	19.792442	122.6512	1300.4536	-12927.136	-0.91424924	2.8055089	93.374565	-13.205639	-19.574604	161.56648	37264.8568444252
215	18.902761	62.60008	456.70255	2.8928044	13.51562	2.4926155	16.581654	11.158055	200.0	200.0	2149999	19.82307	127.26743	1347.9283	-12975.114	19.824697	127.28753	1354.9519	-13224.421	-0.8693243	2.7831633	59.360413	-16.051489	-19.597553	168.8762	37405.66883802414
216	50.95396	208.30449	1363.3972	4.9915557	12.015454	2.0426667	16.234915	10.279761	200.0	200.0	2159999	19.670095	129.1333	1591.0286	-13131.756	19.669697	129.13472	1532.6942	-13322.051	-0.85319304	2.8787975	98.14399	-11.238699	-19.463964	172.16313	37552.82879757881
217	10.29761	2.7467763	16.948048	5.297716	276.51404	530.75183	1338.0157	10.112291	200.0	200.0	2169999	19.244305	130.56758	1881.2227	-13232.156	19.244324	130.6152	1910.2991	-13533.559	-0.8576827	2.9387228	109.94649	-13.614222	-19.027054	165.9041	37698.55036497116
218	37.878662	190.7997	1373.2101	3.675681	10.341383	2.099702	13.557432	7.614164	200.0	200.0	2179999	18.787909	124.44934	2424.8193	-13616.782	18.78894	124.44872	2408.2031	-13581.245	-0.9187419	2.8260317	112.64898	-14.67189	-18.552288	171.77261	37843.255415678024
219	37.613434	195.12059	1403.3114	5.9204645	9.698703	0.46191016	10.41028	8.898752	200.0	200.0	2189999	18.564058	131.30544	2941.882	-13776.022	18.564886	131.29453	2834.2236	-13768.797	-0.8502951	2.7844133	111.24858	-13.5326605	-18.365738	179.70859	37988.35559153557
220	9.546552	2.179082	13.863072	3.6877725	312.9902	604.6058	1522.2013	10.041252	200.0	200.0	2199999	20.14004	132.47755	2830.9727	-14090.368	20.13922	132.47774	2797.707	-14229.409	-0.86802465	2.8765402	103.76943	-12.063724	-19.90042	177.47992	38131.545577287674
221	55.92013	212.74057	1452.9382	3.7702048	10.241489	1.5670474	12.587288	6.8106837	200.0	200.0	2209999	21.077114	141.38881	3047.9185	-14491.537	21.07589	141.35794	3012.4927	-14593.834	-0.8395299	2.9079742	108.47409	-11.800492	-20.867123	206.92433	38274.13347840309
222	66.84559	279.32065	1512.3965	4.890591	264.88577	509.18024	1283.2416	8.737254	200.0	200.0	2219999	21.358013	136.16998	3311.708	-14662.07	21.355064	136.1532	3300.0212	-14680.584	-0.76276815	2.897456	122.219604	-12.993222	-21.1401	197.40063	38419.4049243927
223	97.535995	297.24014	1191.9833	5.4692783	310.58102	591.82263	1494.128	11.155639	200.0	200.0	2229999	20.345795	145.81627	3867.5957	-15637.01	20.345001	145.84848	3871.4246	-15662.665	-0.8552207	2.7253568	102.15862	-12.804294	-20.09188	207.7627	38562.51558494568
224	9.999521	1.9097862	16.380129	5.8962665	8.824547	1.7981706	11.358025	6.5006804	200.0	200.0	2239999	18.360968	139.44788	4237.836	-14833.82	18.35941	139.42155	4204.3896	-15249.6875	-0.92343575	2.7693388	99.94503	-13.550058	-18.10241	200.56688	38705.13014173508
225	53.766476	216.4588	1303.7228	3.6559048	11.788134	2.1732166	14.847359	8.177511	200.0	200.0	2249999	18.11423	140.37312	4920.097	-15665.194	18.112528	140.38307	4978.544	-15635.12	-0.804503	2.9531329	97.41833	-11.847889	-17.869076	231.37688	38847.78251743317
226	44.751297	197.55415	1402.9731	6.189758	10.257689	1.3526192	13.303318	8.426656	200.0	200.0	2259999	17.458447	150.70932	4938.7656	-15262.909	17.458471	150.68294	4982.7026	-15372.72	-0.82238084	2.7656813	81.403046	-12.048877	-17.201818	216.874	38991.82249188423
227	21.128695	73.934204	538.44244	4.913906	8.815772	0.96180725	10.544825	7.4518075	200.0	200.0	2269999	18.518381	152.05507	5314.5737	-15940.649	18.51361	152.09349	5446.13	-16194.812	-0.8537653	2.711866	142.74812	-12.528427	-18.303123	256.5269	39132.66399598122
228	46.807583	206.94043	1432.9993	3.801022	10.026175	3.1679678	13.855955	6.060777	200.0	200.0	2279999	20.36306	154.92908	5799.8926	-16238.501	20.35875	154.9384	5874.594	-16192.681	-0.6465238	2.9142895	130.95808	-12.5439415	-20.196804	251.55002	39279.73457098007
229	37.734562	197.89655	1422.8556	2.9344938	11.737423	5.68275	23.054527	7.940378	200.0	200.0	2289999	24.565102	175.30724	6720.691	-17904.059	24.56318	175.33783	6717.471	-17961.71	-0.20351957	3.352429	151.03873	-12.963806	-24.425255	424.9211	39419.710347890854
230	10.887773	3.480849	26.239508	7.097283	8.378444	2.1216047	10.234327	4.100912	200.0	200.0	2299999	25.008564	194.94662	6040.6626	-20370.38	25.009842	194.92184	6219.986	-20597.176	-0.15034124	3.4349954	112.97601	-11.289319	-24.734102	433.8657	39566.88834834099
231	82.39709	291.7114	1462.7566	3.6430664	9.571938	2.8219378	15.736819	4.1389856	200.0	200.0	2309999	20.127888	214.76659	5809.725	-21276.459	20.133314	214.64894	5797.6523	-21412.135	-0.26240686	3.0524018	126.99863	-14.759989	-19.793242	440.8743	39716.15104150772
232	36.060883	182.52371	1313.4347	4.34017	9.419303	2.026485	12.06157	6.9710197	200.0	200.0	2319999	11.627101	237.04727	4034.0154	-23432.275	11.62194	236.96191	3997.0188	-23438.727	-0.24341048	2.9447007	110.81124	-12.065077	-11.226033	393.19666	39862.974677324295
233	9.570893	2.5420437	17.153582	3.417764	10.4825535	3.8424428	15.663525	4.7546716	200.0	200.0	2329999	3.8510127	235.9046	2840.548	-25443.408	3.8512714	235.97627	2850.6323	-25726.441	-0.3859305	2.886954	82.81009	-13.265558	-3.395104	415.3188	40005.902183532715
234	9.392521	3.5929534	18.615286	3.5784168	11.91276	8.402624	26.95893	4.1007323	200.0	200.0	2339999	-0.850433	240.3874	2240.5513	-27377.285	-0.85401183	240.46577	2271.5457	-27510.76	-0.27162027	3.020456	117.4566	-11.756998	1.2353922	458.864	40148.05475091934
235	12.252205	18.869738	142.08788	3.0810127	9.905648	2.3532147	14.293765	6.4761095	200.0	200.0	2349999	-4.2808843	254.16667	1968.7797	-30600.258	-4.277093	254.13939	1912.2815	-30786.156	-0.23427643	3.0816908	115.17286	-12.37713	4.743294	427.7968	40295.32370185852
236	10.272461	6.922981	44.606777	2.3290563	7.072032	1.7062435	8.7096405	3.3407676	200.0	200.0	2359999	-6.8416724	266.37097	2037.1228	-31991.41	-6.8445983	266.28134	1918.5009	-32265.97	-0.1559612	3.3516166	138.27986	-12.335592	7.2380133	437.7546	40442.37649226189
237	8.893135	3.66894	25.954983	4.0373297	6.021196	1.7526433	9.82935	2.8870738	200.0	200.0	2369999	-10.490117	307.31775	2227.0742	-35320.75	-10.488762	307.398	2218.4492	-35515.41	-0.08186572	3.3085098	142.63564	-12.6719265	10.902378	548.9593	40587.41722989082
238	8.459226	2.8648934	16.766655	2.5872784	8.881758	3.038737	13.502413	4.5192294	200.0	200.0	2379999	-10.209283	311.8261	2693.942	-36041.63	-10.202953	311.79788	2652.6553	-35824.09	0.053045213	3.577108	209.36276	-12.9455185	10.576407	541.4242	40731.373661756516
239	8.665694	1.9033966	13.580979	3.5455358	9.221468	0.84090656	10.190992	7.4183235	200.0	200.0	2389999	-6.554848	281.5851	2756.203	-33350.48	-6.558023	281.52313	2699.1558	-33414.953	0.17992753	3.562702	245.54039	-13.008667	6.77291	485.9869	40873.11597108841
240	8.404541	2.6518261	16.439339	3.5828366	8.2339525	1.5176704	9.892777	6.2680707	200.0	200.0	2399999	-5.9305186	282.708	1976.5734	-31359.559	-5.9307075	282.77377	1824.4633	-31589.99	-0.13093592	3.3471165	177.10594	-12.706093	6.2806435	409.9104	41016.343494176865
241	8.508003	2.1364598	13.420591	3.3508275	12.378572	7.9521403	35.86654	8.2374115	200.0	200.0	2409999	-3.8712194	252.68306	1085.1941	-28872.732	-3.8726268	252.72107	1107.7487	-29155.947	-0.009419131	3.4810874	189.51709	-12.679508	4.0979586	378.83582	41159.41844081879
242	9.684835	3.2265847	21.785416	5.147388	10.254747	3.8090518	15.494179	4.7070856	200.0	200.0	2419999	-2.9788938	235.05913	938.43585	-28048.768	-2.9726236	235.06905	1053.1338	-27703.355	-0.11823597	3.5533721	191.98938	-14.248773	3.3138125	387.0121	41299.50210356712
243	11.921157	11.354044	85.3638	3.8648672	8.666754	1.6367966	10.598329	6.3432803	200.0	200.0	2429999	-4.798864	227.90521	1008.96954	-26017.35	-4.79767	227.9365	1051.8635	-26277.473	-0.13892251	3.4203653	226.26433	-13.606145	5.1543603	355.7207	41441.668050050735
244	10.977652	3.936864	23.07263	3.56797	9.443529	6.1014037	25.208017	3.9563284	200.0	200.0	2439999	-1.4631735	205.27864	827.176	-24611.541	-1.4602134	205.1911	774.50995	-24618.79	-0.22482063	3.2864232	148.61392	-12.222119	1.7154392	345.20694	41585.26098394394
245	11.170615	3.248208	21.898932	5.635156	11.874596	2.7884836	20.02268	9.996653	200.0	200.0	2449999	1.1973561	203.39009	894.9471	-24486.357	1.1986598	203.36844	833.08704	-24675.629	-0.4420219	3.2229297	152.1096	-12.782732	-0.9402084	307.256	41727.14304566383
246	23.234652	72.2256	516.8004	6.3353796	23.293406	24.185669	71.460075	7.3142858	200.0	200.0	2459999	4.129779	200.42899	1079.719	-24667.73	4.1286635	200.40237	1076.237	-24171.902	-0.40714365	3.300184	170.80006	-12.018763	-3.8687778	323.252	41871.36017990112
247	10.681052	3.7404022	27.136652	4.163917	38.22214	45.228027	107.28349	6.814329	200.0	200.0	2469999	4.418189	169.88606	1505.9661	-17192.771	4.424485	169.86227	1495.4318	-17196.443	-0.34962827	3.2750776	130.44876	-16.082773	-4.0928135	334.85208	42015.52198624611
248	11.524032	4.0550776	24.479616	5.4122596	11.163341	2.6374762	15.324183	6.9237304	200.0	200.0	2479999	2.886513	183.72113	2510.787	-18827.709	2.8866982	183.5843	2533.8071	-18960.047	-0.44209027	3.1548243	134.22633	-12.894924	-2.5542996	344.7079	42164.88251709938
249	23.439783	94.65673	685.0211	3.4163082	10.229734	4.332033	17.78297	4.409123	200.0	200.0	2489999	2.822269	183.67899	2504.8362	-14894.324	2.8228593	183.67345	2480.6064	-14886.308	-0.33845946	3.215669	124.8897	-11.762545	-2.3965402	301.37177	42306.526014328
250	9.421909	4.7525334	26.881542	3.3416421	7.716184	2.5436518	11.262629	3.229052	200.0	200.0	2499999	2.6380353	196.82852	1819.4132	-16809.871	2.6423416	196.83104	1865.5963	-17078.812	-0.17714636	3.245828	111.448105	-17.828138	-2.2969582	325.03583	42445.84954190254
251	9.217843	3.232462	18.330435	4.101356	7.53358	3.4768047	16.174711	4.422947	200.0	200.0	2509999	10.502596	191.54558	1312.1975	-15890.401	10.50332	191.53557	1396.6345	-15890.352	0.050919108	3.2758548	123.08842	-13.448971	-10.318805	306.62976	42587.790611982346
252	8.618656	3.1488008	25.014715	3.6115465	9.074143	1.6343561	10.498677	6.615514	200.0	200.0	2519999	12.627438	191.08382	1312.8915	-16401.13	12.629158	191.07285	1353.5659	-16587.62	0.04692918	3.3471098	125.34109	-12.33062	-12.30415	289.19815	42730.0186920166
253	9.173966	2.7912884	18.52151	4.0874577	11.133909	3.6622765	15.941267	4.203772	200.0	200.0	2529999	5.8977556	185.67583	1118.2926	-15260.14	5.9002366	185.6476	1168.4999	-14855.423	0.027264772	3.3593209	130.50635	-16.302626	-5.464765	301.4574	42872.45555186272
254	25.43718	113.21655	817.7685	4.6594343	9.18815	1.4712106	12.023044	6.400665	200.0	200.0	2539999	3.0845425	185.05528	1102.3657	-17367.934	3.085432	185.01958	1080.6119	-17405.879	0.053350862	3.5252821	145.67192	-12.630598	-2.8066812	299.92114	43014.9774017334
255	8.526242	3.2033277	21.666874	3.7995033	9.332399	2.3968139	11.281864	5.7244616	200.0	200.0	2549999	9.13581	177.48741	1246.9033	-16912.111	9.133665	177.46605	1269.7078	-17044.701	-0.0011302824	3.41862	147.71866	-12.5864725	-8.918747	315.8973	43153.823200941086
256	9.091984	2.5304568	18.862436	3.384302	11.392836	3.1061547	17.17846	3.801275	200.0	200.0	2559999	14.048839	170.55315	1300.2239	-16165.436	14.051427	170.58807	1348.387	-16540.863	0.006407514	3.3035176	130.3914	-13.215626	-13.854681	276.804	43297.9715924263
257	10.364245	4.7225924	34.01363	5.2822742	12.563191	7.1221814	23.203613	6.794065	200.0	200.0	2569999	13.815857	166.9137	1274.4958	-15094.48	13.812397	166.89764	1301.2649	-14993.966	-0.018087234	3.1438763	95.12605	-15.168445	-13.49592	267.8034	43443.291137456894
258	9.792109	2.9718218	18.865635	5.8483396	13.214574	3.8930454	18.66333	7.0786543	200.0	200.0	2579999	8.610575	163.53677	1176.9185	-16718.016	8.609004	163.46803	1201.5286	-16607.113	-0.27950433	3.064097	73.22826	-12.523222	-8.234426	257.36047	43583.16155004501
259	9.450164	3.5585406	19.906101	4.4620223	7.4188004	2.3166852	13.092909	4.8122396	200.0	200.0	2589999	8.652138	155.65329	1225.1163	-13649.643	8.64907	155.65843	1224.3398	-13604.049	-0.30886668	3.1704743	94.16231	-16.142979	-8.411078	265.85132	43726.08838391304
260	9.697945	4.6786766	28.350266	5.057822	8.053953	1.7306976	10.333015	4.6370473	200.0	200.0	2599999	14.988839	164.78368	1276.5768	-17711.73	14.984931	164.83734	1262.0731	-17868.24	-0.26033688	3.2997541	76.98574	-13.40161	-14.895675	253.88797	43863.83905625343
261	8.184678	1.6730967	13.555036	4.4019084	7.965329	1.8223914	9.425356	4.8009806	200.0	200.0	2609999	21.409132	161.38225	1340.2498	-17464.672	21.411371	161.35501	1359.1428	-17057.715	-0.32405183	3.2878442	82.40104	-11.749046	-21.248978	277.6496	44003.39084196091
262	15.310242	47.775562	349.31317	4.3131056	8.075533	2.1654115	11.118435	3.450024	200.0	200.0	2619999	24.32599	157.90074	1524.5511	-16504.928	24.329346	157.90358	1564.7395	-16271.87	-0.36413243	3.2422621	90.31928	-13.661173	-24.12664	273.11926	44145.132880449295
263	21.816887	90.628075	656.00476	5.073183	9.310929	2.4014528	11.889363	5.3155456	200.0	200.0	2629999	22.976326	152.10191	1425.5109	-15191.812	22.978403	152.09543	1504.2435	-15331.828	-0.42626193	3.169669	80.95791	-12.618079	-22.739603	259.82184	44287.41960096359
264	9.921211	3.793002	20.259583	3.603885	17.097162	17.696976	70.07951	9.574887	200.0	200.0	2639999	21.221085	151.47829	1257.8073	-16297.121	21.224073	151.43912	1278.701	-16311.916	-0.42399758	3.0901952	93.87354	-11.783449	-20.986748	278.6913	44430.18303203583
265	57.546368	243.30916	1477.0334	3.9271026	6.8185806	1.1166862	8.0556	4.7222466	200.0	200.0	2649999	19.708323	141.54282	1058.9626	-15856.192	19.707523	141.6138	1097.0869	-16006.981	-0.49665374	3.0336637	67.63106	-11.042826	-19.44644	236.08722	44576.97612571716
266	9.121531	2.4047937	14.005538	2.6772451	7.8147545	1.5884058	10.215881	6.1902127	200.0	200.0	2659999	16.631014	137.2556	1585.9296	-15667.566	16.628008	137.27913	1748.5579	-15379.354	-0.44632164	3.097244	68.007164	-12.526266	-16.418257	214.3216	44721.62316131592
267	9.4210825	2.9519591	22.250517	2.7684765	11.664258	4.912673	21.222198	6.4205203	200.0	200.0	2669999	15.247095	146.3133	2001.6663	-16265.3955	15.240987	146.30711	2064.943	-16135.6875	-0.5170158	3.1316166	82.88756	-14.348486	-14.987256	232.2943	44866.02881979942
268	51.480152	207.56812	1134.9806	2.6251209	9.078082	1.1287276	11.420845	7.5682096	200.0	200.0	2679999	16.50985	141.70174	2110.0083	-15359.656	16.511099	141.75316	2027.6075	-15837.217	-0.39552006	3.153635	77.90282	-15.772193	-16.322578	201.51208	45005.10879254341
269	38.03326	202.12912	1452.7843	2.9403913	10.951769	2.8985655	13.905458	6.3414335	200.0	200.0	2689999	19.683214	148.32198	1593.0945	-15997.479	19.685598	148.32681	1504.6958	-15974.073	-0.33578295	3.0818508	71.73435	-11.948999	-19.480066	214.95137	45148.393006801605
270	34.45363	175.81104	1264.9188	3.0986419	90.10519	121.64386	275.91907	10.336537	200.0	200.0	2699999	18.2289	154.39853	1199.1431	-15792.603	18.231627	154.43083	1254.7415	-15843.811	-0.6223608	3.011431	83.150375	-11.591515	-17.91127	208.2725	45286.287847042084
271	8.822787	2.6643834	16.796463	4.216677	11.461103	3.4366117	18.453545	7.637366	200.0	200.0	2709999	16.736528	149.07333	1139.0183	-14488.485	16.734655	149.03995	1161.3959	-14524.934	-0.5377341	2.939739	68.064224	-11.962868	-16.523619	196.70491	45428.59335947037
272	18.209854	52.35133	366.27103	3.7365005	210.33109	310.8508	685.1597	4.809977	200.0	200.0	2719999	14.584607	151.50354	1115.26	-15889.884	14.584838	151.5299	1190.1206	-15934.287	-0.6535643	2.862198	78.701096	-13.700269	-14.301116	204.5179	45571.453741788864
273	12.20497	28.821436	213.50563	2.6091478	8.41427	2.1677942	10.852655	6.1712646	200.0	200.0	2729999	12.939355	149.56671	1091.6538	-15802.476	12.939978	149.562	1183.7532	-15975.749	-0.55568093	2.892264	76.63661	-12.129425	-12.690882	202.35487	45715.68801641464
274	34.657524	185.66513	1334.2319	4.6084175	10.700087	4.685066	23.969942	4.985968	200.0	200.0	2739999	10.764584	149.53375	1452.0138	-15736.972	10.762555	149.5705	1478.6865	-15486.833	-0.48849314	2.9168596	75.920425	-13.734308	-10.529416	192.83885	45855.67859983444
275	9.704113	2.492437	17.19367	5.171874	8.245908	1.291188	10.725798	6.6153617	200.0	200.0	2749999	12.649214	132.79787	1601.2577	-13757.887	12.650536	132.81055	1672.7805	-13919.909	-0.603026	2.9143183	77.04754	-13.099715	-12.483221	177.10835	45997.62148952484
276	9.474773	2.576044	15.99093	4.2642236	8.084255	1.3871893	9.717537	5.6391535	200.0	200.0	2759999	13.064379	129.75418	1553.7373	-12920.954	13.063958	129.75883	1632.5964	-13046.832	-0.73475075	2.805719	82.22886	-12.152694	-12.858499	165.64275	46139.31825828552
277	9.503745	2.147703	13.764229	4.7312317	9.152647	0.69631416	9.841628	7.5315404	200.0	200.0	2769999	13.63346	121.97283	1477.3384	-13649.303	13.63403	122.015465	1326.0377	-13919.343	-0.7335788	2.9248922	72.05516	-11.664272	-13.49465	156.09059	46283.31153702736
278	9.248193	2.2272444	18.555637	6.2903743	9.814222	2.5438457	12.796876	5.478627	200.0	200.0	2779999	15.757774	114.24035	1379.1051	-11343.786	15.757333	114.21909	1346.8204	-11515.221	-0.77603185	2.799777	92.83931	-13.557289	-15.599056	166.86736	46426.94445705414
279	9.020592	2.320563	16.186165	4.5454473	8.0034485	3.490205	14.175204	4.486796	200.0	200.0	2789999	17.58808	118.27613	1499.94	-11679.158	17.588182	118.28009	1482.6913	-11448.898	-0.6797762	2.8993485	74.29322	-12.041073	-17.451305	161.17947	46570.77098822594
280	10.500201	2.3464687	16.900751	4.691556	13.805885	3.9101124	19.630188	6.8137054	200.0	200.0	2799999	16.815664	110.84275	1479.9603	-10606.064	16.81398	110.82275	1513.3773	-10697.561	-0.75055283	2.7872493	88.81722	-13.835096	-16.652597	153.9371	46712.458582401276
281	10.909582	2.745212	24.37929	6.4212804	9.959058	0.7599675	10.796962	8.056253	200.0	200.0	2809999	15.789618	105.18491	1268.455	-10230.616	15.788848	105.18544	1248.3099	-10167.809	-0.9059426	2.639878	82.00743	-12.062945	-15.600055	131.78595	46852.586413383484
282	29.32566	137.81198	993.90015	4.060635	10.199712	2.3218687	13.740647	6.0338306	200.0	200.0	2819999	16.976929	108.95425	1639.3345	-10764.522	16.97741	108.99046	1612.9434	-10568.458	-0.85645473	2.784393	74.96068	-14.143927	-16.88386	150.83017	46997.4856133461
283	9.613955	2.5760176	19.034111	3.8186972	9.0192995	1.6245396	12.675685	6.317276	200.0	200.0	2829999	21.47386	108.975876	1601.4711	-11122.124	21.476828	108.9503	1591.0806	-10920.864	-0.83373594	2.747095	62.681187	-12.942605	-21.397387	170.1955	47146.82235574722
284	9.071709	2.1319427	13.071603	4.8823333	10.214582	3.449477	16.99927	7.6533637	200.0	200.0	2839999	24.256287	111.3761	1681.0819	-11112.057	24.256193	111.372665	1693.0615	-11293.339	-0.8409272	2.9262655	76.64324	-11.863337	-24.186262	178.80637	47288.05173420906
285	9.460079	3.631682	26.775612	3.7601507	12.55353	3.119872	15.69336	8.297641	200.0	200.0	2849999	25.618925	112.54716	1538.95	-11196.4375	25.621183	112.558426	1538.5472	-11463.153	-0.9107813	2.8394134	72.45779	-12.238815	-25.515625	196.77509	47430.03531050682
286	9.978945	4.313905	34.986732	5.882012	12.164131	10.085244	39.05715	5.6130996	200.0	200.0	2859999	25.65389	109.042465	1470.5012	-10341.327	25.651115	109.04205	1406.0906	-10179.98	-0.98506385	2.8820968	79.37013	-11.418423	-25.596588	154.7933	47570.22736930847
287	20.126078	73.62493	534.88837	4.4349413	8.091372	0.82723475	9.223519	6.847735	200.0	200.0	2869999	26.925901	105.9642	1352.6766	-10077.082	26.925798	105.9265	1319.9341	-9938.17	-1.0399373	2.767024	73.321884	-11.7808075	-26.8289	148.36107	47712.1608505249
288	9.260447	2.2788315	16.202984	4.3839345	6.741525	1.9137384	9.86696	3.9899738	200.0	200.0	2879999	25.006762	105.6669	1256.8828	-11175.948	25.007969	105.65242	1224.0157	-11403.228	-1.0494864	2.6929717	76.88247	-11.29738	-24.919249	139.91202	47856.34314084053
289	9.031468	2.709457	17.433092	4.6978545	10.148676	3.5923853	15.575854	5.740941	200.0	200.0	2889999	23.144747	99.46424	1344.7776	-10911.866	23.144571	99.503204	1268.1195	-10817.709	-1.1868596	2.5202484	72.37529	-13.823532	-23.025602	130.36293	48000.85562825203
290	9.090226	2.1115568	13.694483	4.729814	8.713458	1.6882613	12.548025	7.5220337	200.0	200.0	2899999	22.486208	97.078415	1386.1593	-10561.384	22.482992	97.135635	1325.4408	-10503.78	-1.1926863	2.50433	65.92985	-12.269476	-22.418837	110.692726	48148.64311385155
291	9.143028	2.299833	14.9756155	4.8000236	8.942498	1.09706	10.449933	6.3465495	200.0	200.0	2909999	21.607925	95.32027	1348.5092	-9117.916	21.606855	95.335625	1412.8164	-8990.598	-1.2387016	2.4927492	79.98142	-10.972851	-21.49765	106.846985	48286.509266376495
292	8.792142	1.8584771	14.156766	4.915312	9.478561	2.4529386	15.321845	6.496543	200.0	200.0	2919999	20.972996	94.471985	1494.0802	-7902.0923	20.972872	94.48363	1444.2083	-7863.703	-1.2082262	2.6139445	67.61924	-12.638914	-20.892324	108.852936	48424.91839885712
293	9.9112835	4.989102	33.42513	4.063505	7.82961	1.8741622	10.094952	5.294509	200.0	200.0	2929999	23.87163	87.672104	1495.1648	-6247.427	23.875813	87.730606	1473.7627	-6266.31	-1.1532876	2.615086	61.376656	-13.49939	-23.830318	107.49931	48565.70569348335
294	9.3768635	2.454846	14.771156	2.9096525	8.617832	1.9166905	11.4737625	6.0664706	200.0	200.0	2939999	24.536716	81.36948	1503.9071	-4068.1648	24.53757	81.36796	1470.5369	-3988.7144	-1.2419144	2.459953	54.495968	-10.888441	-24.464376	105.71082	48707.27432489395
295	9.553231	3.144749	18.93268	3.620557	9.833219	0.38004276	10.412298	9.228831	200.0	200.0	2949999	23.485521	86.19514	1565.513	-4524.0605	23.484629	86.18756	1528.324	-4445.8984	-1.2649873	2.4850905	53.90363	-11.355686	-23.388783	104.32755	48850.92149019241
296	10.349461	3.4579124	23.685526	3.5648892	9.24525	2.0972223	11.340633	3.2544205	200.0	200.0	2959999	22.573862	85.98409	1598.8046	-4520.997	22.573336	86.00934	1569.9849	-4438.2124	-1.2567065	2.4892416	57.648743	-10.537635	-22.513496	94.84708	48993.45398545265
297	36.5363	181.13197	1302.8978	4.043454	8.92441	1.7681011	11.795361	6.9075165	200.0	200.0	2969999	24.405704	88.96171	1567.8229	-4627.742	24.406708	88.9386	1528.117	-4514.407	-1.1921399	2.4960082	73.68881	-13.266377	-24.372238	108.00665	49139.30641245842
298	38.2019	199.21242	1432.5066	3.3791564	11.220495	5.5060244	26.045252	7.136994	200.0	200.0	2979999	26.607876	93.13799	1453.4882	-4750.8604	26.608156	93.142975	1436.2523	-4491.212	-1.1744741	2.6095986	58.692097	-12.304972	-26.588037	114.90049	49282.3856651783
299	33.520206	116.59504	733.00726	5.2615685	9.3139715	2.631558	14.419607	5.107513	200.0	200.0	2989999	28.978926	90.795685	1367.1648	-4712.4585	28.977596	90.79782	1347.3782	-4525.1978	-1.1465888	2.5138474	60.26093	-13.053902	-28.949675	109.64211	49426.37718462944
300	35.15642	140.76181	975.96484	5.7937045	7.39627	2.114056	11.028861	5.6565585	200.0	200.0	2999999	28.8565	87.96124	1204.4635	-4809.4624	28.856735	87.98086	1193.3746	-4749.2065	-1.2161087	2.4896364	61.80503	-12.113815	-28.81698	97.99661	49571.48722195625
