Epoch	AverageEpRet	StdEpRet	MaxEpRet	MinEpRet	AverageTestEpRet	StdTestEpRet	MaxTestEpRet	MinTestEpRet	EpLen	TestEpLen	TotalEnvInteracts	AverageQ1Vals	StdQ1Vals	MaxQ1Vals	MinQ1Vals	AverageQ2Vals	StdQ2Vals	MaxQ2Vals	MinQ2Vals	AverageLogPi	StdLogPi	MaxLogPi	MinLogPi	LossPi	LossQ	Time
1	13.49938	18.138071	135.11798	5.251454	12.612348	0.49372908	13.956123	12.218629	200.0	200.0	9999	11.678143	6.1617556	52.654507	-0.09577037	11.678204	6.1609116	52.084618	0.08885822	-2.7329373	0.2447326	-0.056804657	-9.146799	-12.206053	0.064454414	114.7530255317688
2	10.632172	3.6681697	22.43861	5.617282	13.715689	1.2651142	15.568351	12.109197	200.0	200.0	19999	29.152699	5.625236	123.344536	17.44006	29.152678	5.6239614	122.189095	17.406345	-2.7121704	0.3996238	14.64322	-8.70993	-29.650993	0.23193896	249.15064454078674
3	16.811884	18.34002	99.07014	5.2819242	13.407972	2.2357662	17.237263	10.664704	200.0	200.0	29999	40.70057	8.463242	285.19574	0.03226288	40.700043	8.462919	290.23352	0.108272865	-2.7052374	0.42485082	25.261513	-9.800225	-41.164795	1.8854713	376.8622806072235
4	12.415567	9.6854105	68.031265	5.1933603	12.419381	0.9088658	14.495402	11.566024	200.0	200.0	39999	48.133972	15.218798	313.43103	11.337207	48.13388	15.222067	317.20355	18.833008	-2.6189353	0.8066487	17.576288	-9.695534	-48.58654	1.2958006	513.0107924938202
5	10.481383	8.220712	62.03988	4.3247213	10.726103	1.8032898	13.650873	8.451172	200.0	200.0	49999	55.59481	24.616829	351.56107	9.7694	55.594875	24.62065	382.8371	3.21724	-2.355521	1.2497228	25.160582	-11.191148	-56.025387	3.5535426	647.2993204593658
6	10.645843	7.4095836	46.172108	3.7705889	5.342443	0.73406345	6.3712797	4.119627	200.0	200.0	59999	64.61391	27.809227	279.20416	2.8022285	64.61255	27.814203	273.8087	-5.608167	-1.6876801	1.9669628	20.393164	-11.104717	-65.059166	3.8860261	778.7654137611389
7	10.123651	3.509293	22.86548	5.9948897	7.8332214	1.048414	9.975553	7.0003176	200.0	200.0	69999	67.709145	21.735523	208.72571	11.038026	67.70913	21.736237	209.59622	9.37669	-1.9729677	1.4897872	18.523157	-10.915749	-68.11168	2.9003024	913.6592774391174
8	17.861546	20.392433	119.38993	5.191939	15.491629	10.226395	44.507317	8.353514	200.0	200.0	79999	64.40542	15.501037	195.99107	18.063862	64.40538	15.502564	189.41382	12.719656	-2.3257604	1.0316081	14.652605	-9.510305	-64.78663	2.0875504	1056.6941463947296
9	27.67268	40.298317	234.21893	7.451165	12.602037	2.529933	17.764263	10.327983	200.0	200.0	89999	60.391613	11.675913	183.359	27.698057	60.391827	11.678188	175.52063	26.976355	-2.5137641	0.7667898	12.53732	-10.025087	-60.775814	1.2729347	1192.1233053207397
10	34.24139	38.145233	165.06378	9.410615	49.915993	55.38004	159.97707	14.363208	200.0	200.0	99999	57.511196	9.199363	130.78635	28.85775	57.511276	9.201225	128.66292	28.182774	-2.6146603	0.56716794	12.80647	-10.701299	-57.901707	0.88589454	1333.72359085083
11	29.294827	32.134087	174.14536	8.767863	29.734283	11.0858965	58.564648	20.048107	200.0	200.0	109999	55.786915	7.9900045	110.54151	18.87614	55.786976	7.9906006	109.5188	21.69617	-2.6520283	0.47641033	6.460834	-8.7300625	-56.18577	0.82809484	1468.4477624893188
12	47.797276	71.72841	400.9764	5.9414787	43.93031	33.845673	102.05806	16.574852	200.0	200.0	119999	54.9902	7.551805	144.81187	13.299626	54.990246	7.5538154	142.4906	12.569763	-2.6484187	0.5009589	7.756089	-9.936926	-55.38757	1.0178345	1610.722446680069
13	48.04251	48.315914	213.35905	8.827901	32.73608	18.1618	60.340572	17.660149	200.0	200.0	129999	54.61869	8.49836	177.21442	-3.868201	54.6186	8.504428	173.41522	-4.283022	-2.628657	0.57066584	11.23484	-9.363389	-54.990025	1.5797261	1754.8094487190247
14	66.11905	82.56984	345.3361	6.3380327	48.413166	23.032944	87.17335	18.205444	200.0	200.0	139999	53.81046	9.707702	200.42891	-13.507933	53.810333	9.711557	193.69914	-16.060295	-2.5972397	0.6414849	9.855412	-10.513161	-54.153862	2.0199614	1895.2478303909302
15	68.82433	85.26928	395.42123	8.553709	50.21427	27.657999	83.05289	21.85415	200.0	200.0	149999	52.94402	11.256885	214.18997	-29.857607	52.94374	11.259139	211.55894	-28.821537	-2.5588377	0.72692037	11.209847	-9.2284775	-53.2561	2.886553	2037.278825044632
16	118.88159	132.8764	564.1959	6.9309387	269.83966	175.27838	503.5968	13.480411	200.0	200.0	159999	51.63686	12.990278	208.63507	-36.86537	51.63677	12.994655	207.99823	-39.77675	-2.512776	0.7983491	12.990688	-11.637705	-51.898613	3.9200828	2181.201149702072
17	85.40703	94.676125	548.2708	8.982029	94.409035	53.494053	168.17433	22.841764	200.0	200.0	169999	49.966045	15.024638	192.54526	-41.707077	49.965836	15.037196	189.11559	-44.331226	-2.4686966	0.844265	15.0882015	-11.239153	-50.167118	5.089631	2327.1817882061005
18	116.496056	116.400826	529.6422	7.610038	489.5787	199.5191	642.8953	19.058456	200.0	200.0	179999	48.268345	16.938763	177.8131	-41.19241	48.26746	16.949665	170.98041	-46.013065	-2.4216402	0.89249563	12.475784	-10.014057	-48.411255	6.759138	2464.8819859027863
19	81.79477	88.66616	374.66412	8.332302	281.36618	233.12906	635.98157	107.482185	200.0	200.0	189999	46.608994	18.712404	157.10559	-41.32705	46.60838	18.723433	155.91406	-51.478863	-2.3849227	0.92959774	10.835823	-10.681294	-46.70575	8.699485	2607.6455454826355
20	117.33767	130.44353	607.1109	5.895889	227.93208	258.2197	790.718	5.7504086	200.0	200.0	199999	45.841682	20.930246	172.11989	-60.521683	45.84127	20.942806	172.45021	-60.779312	-2.3463964	0.9842864	15.209423	-10.685559	-45.903404	10.903152	2746.953202724457
21	178.00964	220.45712	988.03235	7.8480873	177.79106	180.53621	500.51932	15.035857	200.0	200.0	209999	46.34116	24.87957	284.423	-64.31892	46.340797	24.891846	280.37875	-63.685192	-2.2695477	1.0892336	13.681348	-12.213181	-46.349815	15.744058	2891.7484896183014
22	170.0286	238.17561	1231.0867	8.813482	128.96245	116.55469	299.19952	11.652905	200.0	200.0	219999	47.24924	32.46607	423.54926	-80.72778	47.249393	32.477097	420.02884	-80.231384	-2.146259	1.2505504	13.98619	-11.124184	-47.180138	24.669512	3031.712821960449
23	297.72214	290.78613	1168.9258	7.6006274	117.69106	86.782814	333.7579	10.329719	200.0	200.0	229999	49.814533	45.539734	574.5472	-122.585785	49.81336	45.548573	581.09644	-122.85695	-1.9030931	1.5385402	15.938976	-10.391749	-49.666656	39.446873	3173.770139694214
24	400.38702	406.95544	1436.1853	5.259371	993.7269	519.8133	1494.5242	46.230328	200.0	200.0	239999	55.528984	66.47156	732.9732	-146.46935	55.52715	66.479996	739.6198	-138.70735	-1.556767	1.913396	19.074133	-13.078797	-55.297226	66.92107	3314.63431930542
25	464.1978	402.18286	1327.0723	4.8300767	301.02765	376.61176	1055.391	42.688354	200.0	200.0	249999	66.80181	96.286705	861.49585	-188.16132	66.80106	96.27746	863.0849	-209.98282	-1.0595661	2.4064991	22.56865	-11.911849	-66.435036	116.52193	3461.3576810359955
26	440.73254	453.89926	1590.5684	7.6426616	698.63	397.14624	1445.2407	27.67399	200.0	200.0	259999	86.187614	135.50078	962.0065	-287.51447	86.18925	135.49936	955.50446	-278.03317	-0.2661157	3.1060545	25.900444	-11.696595	-85.81024	198.80878	3605.33607673645
27	491.51886	463.0163	1496.3066	6.6302643	166.26834	227.3089	827.6156	12.670461	200.0	200.0	269999	106.42231	167.58496	996.0365	-309.3612	106.42588	167.59288	993.0784	-288.32147	0.19994842	3.1894054	65.88588	-12.871418	-105.91228	281.06558	3746.195557117462
28	487.0514	428.46783	1603.6395	7.4392886	197.7833	182.09853	549.9992	58.470642	200.0	200.0	279999	122.28936	190.21747	1030.3994	-315.9644	122.28524	190.23404	1029.4404	-300.08347	0.9692661	3.2526572	30.486187	-12.597324	-121.84561	366.66754	3889.104556322098
29	444.55417	430.11768	1545.8105	10.087915	559.4667	340.25452	1096.9689	248.23306	200.0	200.0	289999	125.09467	199.2294	1053.9418	-331.47556	125.092415	199.23647	1049.6	-331.10284	1.2321136	3.1255634	36.52979	-12.361475	-124.52218	434.35583	4030.3779017925262
30	721.64685	494.41888	1684.3452	46.711544	77.12298	86.38402	208.97345	15.724183	200.0	200.0	299999	124.07669	208.24164	1093.4932	-393.3861	124.07568	208.26024	1076.0261	-386.77213	1.3731631	3.1473405	32.596786	-13.410103	-123.44196	484.1961	4175.935962438583
31	641.9636	424.0402	1437.2886	10.480671	218.13455	236.47235	620.4754	9.931284	200.0	200.0	309999	124.417946	219.38632	1058.3813	-432.45584	124.42064	219.38614	1062.4691	-447.76416	1.4658481	3.161098	29.532286	-12.861375	-123.72188	527.76276	4320.474366188049
32	633.60986	397.10266	1312.1053	27.745512	375.5156	329.83975	1137.1648	131.52777	200.0	200.0	319999	134.88574	236.17288	1042.3923	-474.6022	134.8882	236.17578	1041.5966	-471.61118	1.9112606	3.2925067	34.130157	-13.053944	-134.34477	575.4555	4464.877155780792
33	806.4133	483.28647	1694.5609	16.0887	312.49527	196.3703	625.24817	46.376858	200.0	200.0	329999	149.73657	248.60567	1027.654	-499.78094	149.73688	248.63933	1021.2427	-488.68268	2.1108842	3.2889054	31.257559	-14.256994	-149.30002	605.0631	4605.053055047989
34	843.9986	441.80518	1565.2916	38.019775	1171.3701	245.84845	1653.5212	730.89844	200.0	200.0	339999	162.78175	260.84958	1014.5966	-540.1834	162.78275	260.86465	1013.6815	-537.81757	2.4317415	3.3352153	35.65187	-11.9698	-162.50398	638.3475	4744.5187728405
35	811.70795	432.0507	1570.8619	17.501076	373.4505	153.22493	520.4591	129.34308	200.0	200.0	349999	183.43336	276.0507	1033.7185	-635.54	183.43431	276.07816	1053.3402	-623.3064	2.7235599	3.4340158	37.252625	-14.439566	-183.24808	704.7797	4890.972394704819
36	770.8424	516.6762	1529.4977	19.480286	294.4081	402.43875	1195.1997	36.199356	200.0	200.0	359999	200.92215	290.98196	1085.4988	-684.3927	200.92374	290.9946	1085.8059	-680.8189	3.0804856	3.483015	34.555477	-14.695873	-200.78462	775.99426	5037.822925567627
37	710.8045	470.56714	1560.4069	35.47287	231.50769	244.10013	694.4037	21.61616	200.0	200.0	369999	208.50108	302.52808	1121.8239	-680.0999	208.50534	302.54196	1121.7552	-666.8799	2.9898858	3.3883047	37.12023	-13.674112	-208.18713	828.6873	5179.449210882187
38	792.1906	523.26575	1668.3109	7.759807	1095.0789	214.0128	1370.2964	525.3196	200.0	200.0	379999	220.7459	315.3491	1131.5585	-694.3229	220.74475	315.36533	1128.4391	-676.7952	3.2918284	3.4310348	36.99571	-13.249317	-220.4836	865.7809	5322.644819736481
39	852.9486	416.99866	1610.2993	15.3467245	998.14197	171.98221	1323.539	808.2662	200.0	200.0	389999	236.23224	326.15005	1106.0917	-703.3316	236.23428	326.14923	1102.5438	-704.8415	3.3820508	3.4519286	48.08503	-13.4352045	-235.9955	907.0466	5461.737772226334
40	863.0266	411.43802	1547.0533	25.95626	1036.8994	581.6049	1532.4875	160.96811	200.0	200.0	399999	246.5	329.76624	1097.725	-796.74133	246.50043	329.75845	1099.3135	-776.39166	3.483064	3.4999938	37.69076	-14.525936	-246.26898	907.3372	5607.450856685638
41	953.64374	413.829	1626.715	12.515863	1235.0237	212.26302	1567.0967	932.6011	200.0	200.0	409999	250.86894	327.94662	1033.1874	-898.6737	250.86769	327.98416	1047.3445	-873.1626	3.5460925	3.479128	34.088722	-13.720909	-250.5078	858.3838	5751.150192975998
42	1017.58453	343.6898	1569.4135	15.667403	269.1551	325.87674	1151.7709	40.91405	200.0	200.0	419999	248.35909	323.4755	1004.5702	-929.8243	248.35844	323.50613	994.5831	-933.8237	3.4162776	3.3552582	36.00063	-13.205629	-247.74554	819.03107	5898.133078575134
43	948.8516	482.34485	1609.1824	9.131646	907.7987	404.791	1442.3048	20.102493	200.0	200.0	429999	245.65494	328.14154	1019.47485	-973.8409	245.6545	328.1601	1040.7706	-1004.6947	3.38934	3.265108	35.119194	-16.092432	-244.9331	836.8792	6045.53975892067
44	1057.7618	364.07465	1597.6577	99.47083	711.21765	381.20184	1194.6974	33.683357	200.0	200.0	439999	249.90742	332.36774	1098.7739	-964.2424	249.90973	332.37314	1097.6721	-1000.7562	3.4873936	3.2814863	35.82868	-13.956991	-249.11462	841.6745	6192.820184469223
45	878.5725	376.70435	1480.2307	40.57856	710.07513	406.5133	1258.378	46.52982	200.0	200.0	449999	252.95248	334.15613	1102.1616	-937.0605	252.95491	334.1546	1103.3729	-959.98444	3.388199	3.25139	31.74543	-13.799084	-252.1105	855.2499	6337.573868751526
46	736.204	489.30646	1547.4095	10.743031	968.71356	325.66727	1468.4357	439.5206	200.0	200.0	459999	252.3244	334.44067	1140.1086	-1161.0654	252.32236	334.46484	1144.3094	-1174.5767	3.3595328	3.2207553	37.473423	-15.514273	-251.46002	864.6888	6482.862854957581
47	923.9004	380.6844	1507.6078	24.654432	547.7531	529.9503	1399.2416	2.364358	200.0	200.0	469999	254.04048	330.89426	1130.9115	-1164.9662	254.03976	330.91797	1108.5958	-1184.0986	3.2678633	3.1725557	37.44132	-12.371239	-253.10355	871.2474	6626.7276699543
48	863.46606	417.2276	1547.15	35.348278	551.9794	372.91156	1553.3309	162.61546	200.0	200.0	479999	253.83888	323.45874	1047.4575	-1229.7069	253.8379	323.46518	1049.2523	-1154.997	3.3114607	3.182931	52.70498	-12.876113	-252.88828	831.0637	6767.493414402008
49	588.7435	431.8337	1477.5587	4.5171733	151.58926	70.75286	199.0153	13.873806	200.0	200.0	489999	248.21443	320.0165	1029.5754	-1261.0826	248.21333	320.02563	1035.2455	-1219.5323	3.1709492	3.150727	40.071156	-14.882839	-247.1167	829.6589	6908.668865442276
50	901.91547	464.87125	1527.3243	7.122378	688.33435	473.00385	1489.8973	126.047035	200.0	200.0	499999	253.39658	322.988	1054.5144	-1359.4993	253.39522	323.00034	1057.4775	-1318.3162	3.314172	3.228058	42.15563	-12.502851	-252.4394	846.4687	7050.490829944611
51	777.9051	405.01675	1592.6194	24.312384	567.2114	473.45383	1254.8984	79.00269	200.0	200.0	509999	260.39832	329.53027	985.2565	-1518.8718	260.39816	329.5407	999.84485	-1459.738	3.2315056	3.1687486	40.780804	-13.947559	-259.26984	863.3231	7194.670155286789
52	1008.6133	388.79843	1573.7617	47.110947	1029.0406	354.7392	1453.558	612.4481	200.0	200.0	519999	265.8189	334.8147	1033.0592	-1601.0325	265.821	334.826	1024.2535	-1553.8851	3.358925	3.187102	40.841713	-13.810935	-264.77493	874.6992	7337.501988649368
53	839.14026	454.40848	1490.7695	3.9743247	670.42163	468.1605	1371.7979	59.772144	200.0	200.0	529999	273.7338	339.14722	1020.9207	-1595.4646	273.73526	339.15652	1025.1538	-1581.3403	3.429286	3.259647	48.523228	-13.78982	-272.70477	900.0807	7482.092440605164
54	908.165	400.73483	1476.5496	46.58654	1017.8709	190.13234	1184.9415	650.70325	200.0	200.0	539999	278.91922	343.7024	1027.7107	-1699.8092	278.91653	343.7075	1041.7415	-1703.3441	3.4667015	3.2277951	76.2948	-13.679983	-277.68076	924.3513	7622.410155773163
55	992.0135	411.6175	1498.7676	14.484248	874.2547	424.4462	1153.6975	29.300713	200.0	200.0	549999	284.66672	350.323	1009.30975	-1765.438	284.6691	350.3299	1019.7268	-1747.4081	3.6626844	3.297577	49.596504	-12.637723	-283.4622	944.7603	7764.0572810173035
56	1033.0542	393.91086	1532.559	26.973373	973.44434	328.80496	1483.2905	197.1868	200.0	200.0	559999	293.8673	357.08124	978.56085	-1832.5134	293.86584	357.09766	987.7634	-1839.2421	3.7999904	3.3116734	54.770042	-14.44508	-292.7053	957.0725	7906.332837820053
57	992.242	487.0895	1556.4559	6.044319	1048.7981	197.29794	1451.849	840.8683	200.0	200.0	569999	300.46503	364.24008	945.4401	-1905.1201	300.4647	364.2525	950.4779	-1909.3217	3.801876	3.2956254	44.97913	-15.365423	-299.20984	965.1795	8054.604760885239
58	903.0277	393.97504	1611.175	50.474045	431.8019	497.14035	1051.5641	17.643557	200.0	200.0	579999	302.04486	368.13898	966.6024	-1943.2051	302.04205	368.13812	949.7294	-1935.1581	3.7009277	3.3104393	42.244114	-13.597008	-300.81427	971.6986	8190.798835515976
59	1031.8013	443.9845	1522.9521	38.595375	941.34094	373.94302	1301.4974	13.121708	200.0	200.0	589999	304.99493	369.89026	933.287	-1895.3175	304.98972	369.90582	938.86316	-1922.0095	3.8220851	3.3422809	45.1235	-14.696396	-303.64804	981.8028	8326.905378818512
60	1057.4321	411.15897	1634.9602	13.4371395	1116.2184	432.99603	1421.981	7.377879	200.0	200.0	599999	309.77145	374.76334	969.7848	-1882.4545	309.77176	374.78458	962.91504	-1904.2943	3.9203942	3.3339567	64.96174	-13.43368	-308.50323	1002.2374	8472.659830331802
61	1137.2688	373.87268	1636.4479	151.41008	494.57184	398.85535	1246.5774	153.17436	200.0	200.0	609999	318.86823	379.02023	967.5384	-1919.7372	318.86722	379.03397	960.664	-1931.8599	4.013232	3.3969147	37.02543	-16.433632	-317.62613	1036.3763	8620.990648269653
62	879.92664	492.84756	1565.9469	21.165895	1220.2673	376.34848	1553.8336	527.3297	200.0	200.0	619999	323.56985	379.7741	976.7331	-1954.8044	323.57028	379.8023	964.1309	-1972.7391	3.9025838	3.3873835	44.645958	-14.705114	-322.2445	1020.5746	8763.400264501572
63	920.0636	486.94147	1599.1917	4.466415	1150.7917	490.58023	1586.7428	81.22435	200.0	200.0	629999	323.59262	384.2691	918.8574	-1921.9648	323.5917	384.27222	926.7527	-1959.2745	3.9465945	3.4440558	38.156303	-15.478954	-322.15564	1043.7921	8908.419157266617
64	1045.1802	402.77258	1593.9333	6.1221504	1006.9967	343.33185	1283.2222	339.788	200.0	200.0	639999	325.5709	387.6501	913.3227	-1936.0254	325.56842	387.66083	920.255	-1949.693	4.08499	3.4807131	45.579967	-13.855775	-324.22235	1051.098	9053.75615143776
65	1082.2201	388.33267	1665.3494	19.970327	1442.9115	126.52055	1602.5564	1230.672	200.0	200.0	649999	334.5301	386.8342	929.7844	-1905.0922	334.53015	386.8397	937.69403	-1890.1786	4.073645	3.4306033	37.94602	-13.0190735	-333.25174	1051.7769	9199.611466169357
66	1102.0837	460.04184	1637.6572	8.880284	1190.1818	180.01904	1453.2396	1026.4962	200.0	200.0	659999	341.6829	390.66757	959.1812	-1831.9456	341.67834	390.68646	959.5669	-1826.017	4.026734	3.5052416	52.50801	-15.075082	-340.35693	1091.613	9342.351993322372
67	947.44	445.9775	1581.2303	12.754438	493.52606	562.17285	1426.5123	31.004526	200.0	200.0	669999	347.024	391.6531	960.84283	-1919.2655	347.02246	391.66125	958.22546	-1932.7565	4.010844	3.4365041	54.816467	-12.935625	-345.66324	1067.6646	9489.891436815262
68	1022.4757	465.71548	1647.4055	9.117097	1109.3538	385.77008	1520.322	302.7973	200.0	200.0	679999	348.21027	392.5294	954.9142	-1831.5695	348.20673	392.53592	946.7041	-1844.9541	3.9691706	3.4679224	41.66412	-14.588115	-346.8521	1079.0016	9631.532482862473
69	1012.42053	422.2352	1630.9536	6.4260616	1030.3949	404.69296	1430.239	18.369352	200.0	200.0	689999	353.92657	391.4645	988.22076	-1883.1458	353.92557	391.47958	1004.1623	-1869.3478	4.009946	3.5456283	45.551765	-12.875239	-352.69803	1076.335	9771.41578912735
70	1026.4261	459.30084	1594.6128	7.68141	1296.6112	288.39206	1663.0009	903.203	200.0	200.0	699999	356.6361	391.13568	1085.2318	-1790.5393	356.6325	391.16068	1034.1521	-1788.2595	3.9850228	3.544468	42.27009	-12.87098	-355.22867	1063.528	9917.075777053833
71	1187.0099	362.2203	1661.4995	114.81958	683.05664	537.8519	1176.6255	15.0577	200.0	200.0	709999	355.01492	391.99658	1059.9088	-1785.77	355.01138	392.01306	1077.4082	-1829.1449	3.894059	3.5015955	45.279964	-12.6581745	-353.509	1079.9316	10061.345858097076
72	1017.0134	490.66968	1627.8138	8.212487	833.0168	544.7376	1484.0204	25.530392	200.0	200.0	719999	353.67035	390.1421	999.1505	-1841.5582	353.6672	390.16052	1016.3637	-1875.3208	3.871336	3.4276834	47.454674	-13.831556	-352.10815	1074.4845	10202.998510599136
73	1020.78204	472.3417	1615.462	22.589895	1390.3625	132.44641	1541.2452	1132.5566	200.0	200.0	729999	355.69098	388.26614	1054.7744	-1802.8352	355.6901	388.2709	1036.074	-1840.3658	3.8611097	3.360288	39.57208	-13.151262	-354.14224	1050.8022	10341.89350938797
74	1137.8876	420.89032	1648.8522	11.992884	1101.6952	458.8496	1537.5358	564.40027	200.0	200.0	739999	360.25406	385.0833	1204.1516	-1856.3503	360.25082	385.09744	1150.5315	-1870.3464	3.9151902	3.4376497	45.909042	-14.497933	-358.7282	1061.0879	10480.865184545517
75	961.37213	554.53156	1635.0743	25.564451	1175.949	316.5711	1654.2476	729.7758	200.0	200.0	749999	361.42828	381.48502	1037.691	-1698.8058	361.4229	381.50302	1062.9988	-1763.9287	3.903024	3.435725	52.448082	-12.316086	-359.80484	1061.1442	10628.10396528244
76	1078.1002	454.92526	1619.5673	18.433706	1090.3469	167.7131	1466.9298	828.38116	200.0	200.0	759999	363.63675	380.82306	1058.7242	-1761.7635	363.63373	380.83118	1024.1595	-1756.5405	3.819479	3.4010744	44.78137	-11.443373	-362.0485	1034.6399	10772.2224984169
77	1167.9592	394.34045	1625.1111	18.170048	1348.7151	264.71423	1555.9408	674.9517	200.0	200.0	769999	365.4962	380.0896	1132.9569	-1710.6046	365.49533	380.10388	1060.6675	-1723.3073	3.847139	3.4390235	54.666233	-13.329176	-363.8729	1060.0511	10918.047087430954
78	1190.7675	422.03937	1679.4077	24.342821	1129.6223	479.557	1626.2014	238.106	200.0	200.0	779999	368.6603	376.1405	1071.6375	-1725.2435	368.6549	376.16028	1089.9381	-1733.187	3.7580457	3.388415	56.113365	-16.997133	-367.03604	1032.7183	11065.00653719902
79	1164.8328	322.16708	1653.9606	42.581287	1510.715	81.59825	1662.7877	1435.8743	200.0	200.0	789999	370.03992	375.5074	1056.388	-1676.5764	370.03757	375.5194	1080.1626	-1718.2863	3.7546194	3.3776884	46.569862	-12.526491	-368.3134	1043.456	11213.737972259521
80	1183.5779	451.35098	1646.0133	28.53511	317.63788	594.1721	1580.3857	6.7490215	200.0	200.0	799999	373.0231	372.13998	1049.8584	-1703.5266	373.02066	372.14746	1073.1921	-1703.0554	3.7213175	3.362184	45.01407	-14.55611	-371.28864	1010.1258	11361.72988653183
81	1132.9138	470.5368	1659.1919	15.531295	1338.5278	312.6601	1577.4028	568.5274	200.0	200.0	809999	373.20505	372.04333	1096.7466	-1676.7963	373.2014	372.06253	1071.7992	-1703.7378	3.782446	3.3167052	46.34172	-12.76062	-371.53476	1009.5665	11509.974253892899
82	1100.9652	447.8131	1640.2045	32.199104	1180.8899	233.11807	1579.083	611.32794	200.0	200.0	819999	377.98618	371.27383	1164.0187	-1669.8503	377.98148	371.29935	1137.6248	-1698.4276	3.772378	3.3646092	41.48816	-15.204175	-376.34045	983.4797	11656.204405069351
83	1202.9667	409.67624	1632.8304	16.343584	770.874	601.60034	1519.559	161.09366	200.0	200.0	829999	383.18378	372.7705	1111.4268	-1562.051	383.18445	372.77045	1093.5774	-1550.3019	3.8740747	3.3924332	43.729294	-13.457203	-381.49387	996.3416	11803.716337680817
84	1100.3169	426.50674	1654.8834	18.553595	1396.1663	194.8127	1652.6748	1146.6012	200.0	200.0	839999	388.9374	372.0204	1086.0927	-1461.7739	388.94012	372.01862	1116.2062	-1441.1132	3.7765346	3.3353472	49.085575	-11.854502	-387.23108	1006.0108	11952.228303194046
85	1308.6957	309.85568	1694.7383	66.03272	1387.6239	332.90106	1651.7833	750.6345	200.0	200.0	849999	394.82486	373.3987	1107.5634	-1599.8014	394.82462	373.4004	1111.683	-1576.2854	3.793642	3.391882	42.74414	-13.091503	-393.11108	1014.7819	12100.075896978378
86	1211.1857	374.78595	1666.0874	61.49348	1218.3925	369.45923	1568.0043	582.52716	200.0	200.0	859999	398.63235	374.18707	1031.5347	-1485.5934	398.63034	374.19708	1037.1548	-1484.492	3.864948	3.439095	41.079464	-13.33197	-396.87936	1018.2894	12251.108229875565
87	1156.0121	409.7482	1689.6714	19.622696	1516.4882	102.359634	1587.2151	1245.5952	200.0	200.0	869999	400.90848	374.1608	1049.051	-1553.0192	400.90918	374.17834	1042.3212	-1496.1412	3.7645361	3.4715638	47.935425	-14.150036	-399.1916	1017.0476	12400.803678274155
88	1160.7004	495.56	1653.222	27.76984	1215.127	206.68098	1354.5964	684.38434	200.0	200.0	879999	404.23245	372.77036	1045.4105	-1558.1522	404.23297	372.7726	1080.9244	-1547.8904	3.8397973	3.4647484	42.641247	-12.778458	-402.53824	1023.8782	12551.918097496033
89	1127.6653	441.682	1621.214	50.02401	1273.8607	233.12488	1582.0588	755.02185	200.0	200.0	889999	406.4111	374.57437	980.5644	-1568.4758	406.41156	374.5839	1073.3722	-1542.9718	3.856337	3.4946868	44.64407	-13.200201	-404.6877	1030.678	12701.712314128876
90	1160.1793	446.2389	1694.5104	16.653477	1319.2158	458.65167	1700.4397	416.2665	200.0	200.0	899999	410.8407	375.33008	1048.1306	-1545.8616	410.84183	375.34644	1047.7867	-1542.1862	3.8955293	3.555272	42.805126	-13.33983	-409.1305	1046.1685	12851.825320959091
91	1197.312	450.0726	1724.8169	22.749289	1330.1356	311.09573	1651.8384	852.7662	200.0	200.0	909999	415.531	376.62564	992.05457	-1518.6825	415.53046	376.63657	991.9411	-1462.3466	3.853725	3.5443275	60.28319	-12.269243	-413.8166	1033.8575	13002.098247766495
92	1240.2814	467.5813	1659.9341	14.317198	1461.08	225.67145	1661.8636	1120.6105	200.0	200.0	919999	418.9392	378.57156	1073.4962	-1522.5946	418.93954	378.57968	1081.5153	-1524.2769	3.7744794	3.5190263	41.5709	-19.535614	-417.18915	1043.537	13150.215934038162
93	1296.1082	382.09778	1690.9191	18.161732	1388.2268	340.69662	1655.4713	748.3334	200.0	200.0	929999	422.30637	378.93677	1029.9501	-1564.318	422.30804	378.9505	1031.8497	-1601.0133	3.79397	3.4716022	46.090557	-11.989389	-420.5993	1035.6562	13300.18663764
94	1241.2833	443.89398	1629.5728	21.995932	1375.625	386.9771	1673.0436	388.81955	200.0	200.0	939999	429.66986	379.70514	1067.9768	-1564.8502	429.66595	379.72992	1079.2225	-1591.2446	3.86894	3.561808	44.7089	-13.002426	-428.06104	1052.9941	13450.86874961853
95	1282.2496	333.522	1675.7037	107.26445	1031.9545	615.51544	1654.5018	76.52838	200.0	200.0	949999	432.8115	379.26727	1016.163	-1545.9525	432.816	379.27884	1044.2681	-1558.8741	3.8676536	3.4872422	44.00447	-13.780836	-431.03864	1050.3505	13605.128133058548
96	1246.4617	391.95657	1655.7207	39.671665	1315.7583	330.25943	1655.5847	871.2698	200.0	200.0	959999	433.05176	381.3322	995.4757	-1586.3009	433.049	381.356	999.2471	-1587.1566	3.8461733	3.5164373	47.31415	-13.163815	-431.3115	1062.2614	13755.63043165207
97	1229.1704	414.58163	1660.5715	107.2879	1412.5002	142.81062	1593.567	1222.1244	200.0	200.0	969999	437.1732	382.84067	998.2777	-1562.6681	437.17728	382.8609	1013.5731	-1605.2175	3.9415152	3.6344008	53.197956	-15.604589	-435.4207	1073.3177	13908.155453443527
98	1270.719	408.6906	1674.0952	19.764277	1161.8597	355.5817	1589.0593	169.72722	200.0	200.0	979999	442.60413	383.5583	1016.75323	-1579.7025	442.6058	383.56693	987.07196	-1567.1605	3.8375587	3.554422	47.17366	-12.654097	-440.89014	1050.1746	14059.621216773987
99	1282.1747	399.88165	1694.5974	27.418468	748.4134	538.757	1372.5789	166.8102	200.0	200.0	989999	442.4589	384.87695	1017.8953	-1617.1436	442.4572	384.90256	984.67	-1610.3315	3.9395487	3.6644511	89.39415	-13.300713	-440.7582	1065.196	14211.912984371185
100	1186.0468	389.83505	1692.2671	50.077007	1389.3582	140.7071	1532.1075	1124.7897	200.0	200.0	999999	445.5055	385.19296	948.8105	-1550.7427	445.50555	385.19913	955.04803	-1585.8872	3.919707	3.668564	57.66587	-13.208385	-443.7984	1057.4026	14362.624978780746
101	1317.4186	383.6542	1681.6295	34.21656	1368.3898	263.8104	1619.6982	845.0339	200.0	200.0	1009999	449.48587	384.557	960.5017	-1572.7228	449.48862	384.56613	976.61914	-1629.2802	3.9050252	3.6511521	52.235798	-11.82913	-447.67944	1101.1853	14513.829500198364
102	1268.6316	468.8364	1705.377	32.57173	1433.2017	173.34299	1675.9865	1197.532	200.0	200.0	1019999	453.1756	384.73535	1035.0874	-1653.6837	453.17587	384.75308	1072.3739	-1700.1986	3.8808248	3.66883	54.51883	-13.851423	-451.377	1080.8429	14726.191918373108
103	1292.4368	317.18646	1639.069	113.75761	1381.7493	141.7552	1569.5039	1214.5532	200.0	200.0	1029999	456.56815	385.61414	1044.7386	-1626.4856	456.56662	385.63153	1063.8645	-1648.5208	3.7944827	3.6627893	46.887394	-14.9338	-454.65894	1083.2822	15218.584029912949
104	1139.634	435.03983	1675.3916	53.055576	742.9955	588.0758	1566.2314	151.4378	200.0	200.0	1039999	462.33862	384.7888	1048.8633	-1655.1188	462.34195	384.78845	1100.1393	-1655.8209	3.89883	3.7346992	57.844894	-12.98992	-460.50186	1091.6357	15690.211899280548
105	1268.292	441.833	1696.029	50.565666	1197.5452	418.37332	1723.8665	701.2904	200.0	200.0	1049999	469.35193	389.7001	1016.555	-1716.0665	469.347	389.73776	985.24994	-1671.2595	3.705474	3.6424692	40.562756	-13.152586	-467.4531	1110.2711	16169.701404094696
106	1208.4731	364.45706	1690.6633	83.72452	1470.6486	142.63087	1664.7316	1243.6414	200.0	200.0	1059999	473.1017	387.4834	1015.036	-1703.1965	473.1042	387.48993	1022.07526	-1724.3921	3.6223786	3.7334697	47.519028	-14.44997	-471.1595	1092.5815	16637.886080026627
107	1267.4806	394.23798	1666.1938	57.858578	1266.3812	178.9836	1559.883	1068.6112	200.0	200.0	1069999	479.98642	388.1984	1052.3981	-1758.2312	479.98962	388.2069	1078.7152	-1778.8485	3.695357	3.744369	44.1333	-12.362701	-478.0274	1132.758	17136.718394994736
108	1285.9858	403.14944	1654.5554	29.616207	1582.0364	100.51831	1689.6749	1338.49	200.0	200.0	1079999	486.70422	390.23123	1048.9421	-1767.612	486.7028	390.25717	1072.3044	-1768.7928	3.7602582	3.7437077	63.774265	-13.688101	-484.8077	1112.1636	17590.46257185936
109	1171.3645	454.18503	1687.3236	36.306255	1078.636	389.06024	1674.035	454.51242	200.0	200.0	1089999	495.47165	390.63025	1047.7815	-1707.048	495.4723	390.65802	1012.3452	-1739.8508	3.7755587	3.751942	49.129234	-12.195439	-493.43286	1138.412	18072.78321814537
110	1234.6733	352.3058	1701.6815	21.755482	1416.3259	190.01872	1621.1775	1052.7838	200.0	200.0	1099999	496.8658	387.2858	984.52106	-1708.7466	496.8649	387.31143	989.6246	-1694.0908	3.6142871	3.6788259	48.44496	-14.43438	-494.7782	1153.393	18571.470921278
111	1210.4281	385.3859	1668.1964	159.76459	1482.3572	179.14813	1643.0833	965.90137	200.0	200.0	1109999	500.57178	384.63852	1064.4763	-1687.0392	500.5735	384.67493	1037.4762	-1650.828	3.6002307	3.7492073	48.013134	-13.065434	-498.5352	1139.3734	19041.226185560226
112	1125.494	431.74466	1632.8992	107.10771	893.08093	474.81677	1639.9703	20.971825	200.0	200.0	1119999	507.4312	383.90002	951.2297	-1721.4299	507.43192	383.92474	960.3634	-1718.8103	3.6508234	3.7525327	59.17563	-11.908732	-505.35764	1138.2134	19538.57440805435
113	1265.4569	366.41864	1697.3041	7.8505187	1075.467	603.8512	1680.6033	180.0289	200.0	200.0	1129999	506.51184	379.44705	927.10114	-1941.2639	506.51105	379.483	930.67773	-1826.7842	3.51066	3.7173991	46.50039	-13.009282	-504.3403	1123.8746	20019.432921409607
114	1183.7014	446.82385	1693.032	15.133608	1325.0071	301.37845	1649.384	960.5371	200.0	200.0	1139999	510.51257	378.70126	913.74774	-1929.6416	510.51486	378.73132	908.14136	-1852.1394	3.599943	3.7789953	56.667732	-13.885481	-508.4527	1143.1449	20488.843685865402
115	1276.5322	336.49994	1656.0961	434.83975	1367.6466	357.10727	1649.8268	378.23883	200.0	200.0	1149999	521.069	376.50244	938.01764	-2016.5507	521.07135	376.52017	908.0335	-1993.5187	3.6240342	3.7394135	51.670364	-11.856836	-519.033	1100.585	20951.12697505951
116	1181.1146	389.30185	1657.9824	15.486409	1532.8977	165.47299	1695.532	1144.7214	200.0	200.0	1159999	529.4393	373.05142	951.1207	-2048.3345	529.443	373.06982	910.7755	-2005.4269	3.6698563	3.8106644	53.799458	-13.222121	-527.3641	1101.035	21440.13746857643
117	1213.7358	402.75525	1670.7526	143.76468	1061.0758	681.82263	1620.4844	30.210514	200.0	200.0	1169999	539.1735	371.1008	970.4305	-1962.346	539.17444	371.1201	943.02997	-1992.7404	3.5248866	3.6887057	51.4157	-12.215674	-537.0604	1093.1245	21909.74609684944
118	1216.508	405.78598	1701.3209	10.30666	1201.145	482.9637	1664.9203	72.92174	200.0	200.0	1179999	548.3339	369.03427	1000.2988	-2205.6243	548.33466	369.05048	972.1594	-2167.74	3.596519	3.749475	45.81525	-14.352774	-546.2118	1091.4276	22360.540578842163
119	1304.531	387.79074	1691.3184	38.07425	1451.4293	227.5313	1597.5282	1004.35156	200.0	200.0	1189999	555.89624	367.57364	989.6384	-2148.2236	555.89905	367.5959	980.081	-2141.302	3.7136073	3.759668	56.297592	-14.081385	-553.7616	1076.1836	22846.582612276077
120	1283.7216	330.7283	1678.5475	575.84406	1091.3816	246.01273	1492.7947	547.3527	200.0	200.0	1199999	561.03564	365.7106	1059.0038	-2158.6462	561.03503	365.74512	1041.7062	-2162.833	3.625814	3.778375	51.7844	-13.571907	-558.81604	1076.1523	23309.433318138123
121	1371.7251	260.51862	1703.2867	208.39055	1505.8711	138.18869	1717.3496	1346.8223	200.0	200.0	1209999	569.2368	366.35626	1048.569	-2099.9934	569.23584	366.39688	1053.8693	-2189.9539	3.724095	3.8074338	48.856133	-14.073381	-567.071	1104.934	23792.165378332138
122	1240.9744	411.56122	1687.7198	18.1301	1276.2936	111.34986	1553.1608	1151.2614	200.0	200.0	1219999	580.4485	361.88464	995.399	-1946.5293	580.4463	361.93018	972.9041	-1996.0631	3.5950937	3.8085685	87.85033	-13.731102	-578.3908	1067.3928	24267.61894249916
123	1140.3479	523.0881	1717.5363	70.24422	949.2922	436.6689	1687.5208	514.0646	200.0	200.0	1229999	584.22363	360.9496	1097.2273	-2122.2986	584.22455	360.98672	1099.4983	-2127.9387	3.7716763	3.8525112	54.962788	-14.37147	-582.0815	1060.7329	24746.95965194702
124	1354.8013	336.53653	1698.5315	154.78783	1344.7849	349.80695	1709.2556	418.98956	200.0	200.0	1239999	587.3095	357.44888	1000.0637	-2121.622	587.306	357.47485	1023.6931	-2130.8628	3.673119	3.8308456	65.43096	-14.113594	-585.0361	1066.5026	25236.375227212906
125	1260.5493	463.08572	1708.7119	44.89121	1429.647	162.27853	1669.2892	1103.6708	200.0	200.0	1249999	591.22034	355.92184	1010.7412	-2017.2158	591.22095	355.94797	1022.6972	-2112.4597	3.5332875	3.8638234	63.60808	-13.588851	-589.04675	1055.9086	25704.339189291
126	1272.7981	430.22006	1690.9681	18.309225	1522.3025	117.66798	1660.0752	1312.1019	200.0	200.0	1259999	597.66223	352.68527	961.04205	-1846.1942	597.65967	352.7255	920.9319	-1827.0886	3.4602053	3.8658566	67.002144	-14.623861	-595.45605	1015.7008	26191.46913957596
127	1375.6171	336.46677	1712.4197	97.030304	983.94055	588.0041	1718.7319	90.99107	200.0	200.0	1269999	603.8118	351.00912	934.005	-1868.4896	603.81036	351.02667	922.39716	-1886.9318	3.5772822	3.8369188	70.26893	-13.0260105	-601.7513	994.6246	26668.0194272995
128	1226.1505	456.00302	1742.5966	31.824043	1189.2446	683.68536	1714.5126	151.32368	200.0	200.0	1279999	610.59576	342.17108	983.18097	-1915.8077	610.59753	342.19766	960.518	-1905.6157	3.5881555	3.9193697	49.567825	-12.142236	-608.4449	958.0009	27150.51660656929
129	1241.6119	416.1055	1695.8939	24.061707	1536.5157	170.43806	1713.3668	1222.7987	200.0	200.0	1289999	614.94904	335.7666	974.0555	-1746.2238	614.94507	335.79416	986.05707	-1734.0533	3.633522	3.8507528	64.5613	-12.343225	-612.65344	954.9924	27633.419480085373
130	1239.6288	475.55658	1721.3387	19.75434	1069.5837	558.46234	1558.8552	84.759865	200.0	200.0	1299999	615.97876	333.3615	990.5827	-1759.1638	615.9834	333.39172	985.88403	-1782.1661	3.6282635	3.913595	63.83666	-12.503401	-613.7028	971.7068	28115.71615767479
131	1344.4225	406.94797	1723.5148	93.0619	1606.7291	107.956116	1720.7015	1397.1665	200.0	200.0	1309999	618.0829	331.66153	1078.3784	-1792.0483	618.08136	331.69547	1092.2461	-1762.6793	3.5086558	3.9142404	48.89702	-13.814262	-615.8789	975.7402	28576.569951295853
132	1363.2728	347.36053	1685.5751	23.86187	1422.6995	333.94052	1675.2253	914.5927	200.0	200.0	1319999	623.6677	328.47592	1112.0012	-1860.7694	623.6653	328.51965	1158.3489	-1857.2284	3.387089	3.8858125	66.05285	-11.800541	-621.3879	954.7452	29056.557284593582
133	1328.2439	427.44098	1693.2573	30.945272	1476.821	246.4007	1718.8662	993.89923	200.0	200.0	1329999	624.9957	330.68674	1220.5851	-1809.2833	624.9907	330.728	1195.1556	-1834.5027	3.36806	3.7929442	63.53887	-15.523265	-622.7529	970.7837	29524.621425390244
134	1382.9481	275.9933	1677.9984	352.86688	1255.3112	446.34827	1632.6123	137.37196	200.0	200.0	1339999	631.76544	329.57202	1149.303	-1786.4792	631.7665	329.59576	1173.8837	-1802.2592	3.383086	3.8251526	55.960884	-13.158105	-629.5104	942.6652	30002.451815843582
135	1362.6294	328.75214	1719.6133	145.94214	1246.3772	311.7049	1705.6927	918.31433	200.0	200.0	1349999	634.5566	328.98917	1221.6514	-1967.3503	634.5591	329.01083	1203.4102	-1991.6515	3.471151	3.858885	67.731	-13.999083	-632.34015	932.4568	30481.562509059906
136	1217.9008	469.88675	1746.2537	28.696169	1276.7085	317.20865	1647.0931	626.07715	200.0	200.0	1359999	636.178	329.29514	1284.9489	-1915.1608	636.17444	329.32202	1248.6268	-1877.4141	3.4689128	3.9256215	64.369995	-13.284184	-633.8177	942.8757	30782.0174536705
137	1317.9103	352.76843	1700.5245	39.385372	1251.5396	537.9027	1677.7446	18.317217	200.0	200.0	1369999	635.1669	327.1428	1159.6622	-1995.1023	635.1641	327.17444	1189.4252	-1980.053	3.4180045	3.924311	59.123	-14.400829	-632.882	950.0542	31122.609996557236
138	1242.1752	423.37704	1694.1735	7.23794	1377.1066	178.65483	1630.1942	1143.0284	200.0	200.0	1379999	635.58154	322.34674	1190.2646	-2400.3408	635.57806	322.37634	1178.0365	-2557.3267	3.3274708	3.8677418	60.349213	-12.943848	-633.1585	951.2429	31518.654203891754
139	1364.3862	288.16785	1701.6138	73.59939	1496.5338	168.37651	1686.8553	1298.4375	200.0	200.0	1389999	636.394	322.18365	1143.5913	-2414.372	636.39185	322.21353	1165.9796	-2404.729	3.3146946	3.8719735	69.68834	-14.6307535	-634.097	932.7274	31897.838369369507
140	1312.5244	310.31897	1715.3586	179.05829	1418.3279	219.71971	1647.2246	958.8901	200.0	200.0	1399999	638.03436	320.28934	1118.2996	-2041.3746	638.03	320.31418	1104.437	-2068.789	3.2931724	3.8633866	89.59337	-13.600557	-635.6877	907.2287	32281.05326771736
141	1350.021	333.63922	1698.2151	80.42697	1404.0713	192.05081	1652.4115	1110.0137	200.0	200.0	1409999	642.73114	318.7135	1243.7915	-1946.691	642.73004	318.74744	1254.1904	-1997.7517	3.4358237	3.8510282	67.58251	-13.066599	-640.5399	928.802	32665.120540380478
142	1396.1238	265.95984	1696.568	668.6395	1357.9167	465.79828	1680.3782	65.12	200.0	200.0	1419999	646.78546	316.26605	1143.1809	-2020.3167	646.78625	316.28046	1139.2837	-1973.8383	3.3330266	3.8190088	63.211388	-12.997353	-644.6532	899.5976	33031.93579244614
143	1271.1804	417.4845	1715.3077	205.42056	1435.657	231.64539	1668.2734	847.87805	200.0	200.0	1429999	650.92126	308.48022	1033.4785	-1984.5927	650.91705	308.4969	1038.4005	-2071.4192	3.2467306	3.8003573	87.78166	-12.390423	-648.62	844.3482	33414.36141014099
144	1247.431	442.32883	1698.2688	92.55707	1487.3096	173.37505	1682.511	1237.3302	200.0	200.0	1439999	645.7471	311.45535	1002.5931	-2031.9187	645.747	311.47278	1010.29517	-2060.7969	3.2868345	3.8384287	75.60828	-11.834	-643.461	864.0072	33799.10382390022
145	1402.462	260.20062	1707.516	518.33826	1613.6952	89.576645	1703.7039	1450.1016	200.0	200.0	1449999	645.1235	311.1968	1082.5883	-2016.0499	645.1215	311.20813	1205.3213	-2043.6085	3.2733445	3.8016598	77.77409	-13.321964	-642.8638	860.2305	34174.05128741264
146	1335.2251	420.71494	1725.3273	14.175065	1320.0753	235.57173	1644.0012	996.3257	200.0	200.0	1459999	647.94824	308.9019	1033.2372	-2056.2502	647.94214	308.93356	1101.3655	-2114.991	3.3233473	3.826066	62.068188	-13.876033	-645.68677	871.3293	34564.00161552429
147	1291.2688	420.69537	1703.0133	3.5976748	1607.258	80.715515	1716.7201	1476.2632	200.0	200.0	1469999	649.2533	309.79926	1049.6304	-2058.928	649.2512	309.81702	1073.3754	-2072.9746	3.3269596	3.7283235	65.43403	-15.341926	-646.9399	866.7154	34962.37955522537
148	1369.0355	461.45523	1712.9586	7.8465967	1432.0659	257.6768	1695.1295	870.7969	200.0	200.0	1479999	648.625	308.8435	953.82214	-2093.9084	648.6222	308.86554	964.899	-2056.5654	3.196645	3.7115457	75.37087	-12.041829	-646.2347	821.7466	35354.66968345642
149	1384.2358	365.4649	1739.0161	15.551579	1504.6437	142.02042	1692.477	1330.5897	200.0	200.0	1489999	650.2469	312.00552	1057.7158	-2042.6312	650.2453	312.01355	1059.9326	-2026.4678	3.2528484	3.7230148	58.335022	-14.820721	-647.7973	875.1696	35741.10608100891
150	1382.5776	295.22174	1714.9083	156.3126	1527.1047	209.87082	1712.4747	1122.7667	200.0	200.0	1499999	653.6774	310.72372	1242.0958	-2053.6853	653.6774	310.7447	1277.189	-2006.4796	3.2689898	3.713563	76.03607	-13.7746935	-651.2941	862.005	36118.66359090805
151	1398.3353	311.82956	1689.5829	72.1939	1307.8379	477.89926	1732.7875	18.099852	200.0	200.0	1509999	658.4475	307.37073	1378.7678	-1982.716	658.4467	307.37897	1301.9503	-2030.2019	3.2012796	3.7004948	74.695145	-13.446489	-656.0626	851.5813	36503.27716469765
152	1366.1768	288.76025	1671.9584	267.65518	1234.7805	630.1861	1729.1965	279.1752	200.0	200.0	1519999	663.3635	305.3182	1136.099	-1965.8806	663.36414	305.33737	1146.9965	-2002.9369	3.297649	3.7421365	56.193584	-13.566004	-661.05896	827.9626	36881.935889959335
153	1408.3442	274.96823	1710.1094	139.33202	1364.781	95.991066	1527.6576	1275.6746	200.0	200.0	1529999	669.67236	296.46448	1141.2085	-2061.5244	669.67395	296.49387	1067.9005	-2026.2008	3.2470756	3.7265344	65.68213	-15.933096	-667.29517	808.0723	37246.611461400986
154	1412.2195	290.1137	1707.8121	365.8907	1321.2776	315.43802	1694.1625	617.18805	200.0	200.0	1539999	673.63055	291.0473	1405.7709	-2080.8196	673.6282	291.07263	1329.7233	-2056.5303	3.2094963	3.6678154	56.5372	-13.7012825	-671.2547	776.0109	37629.23294091225
155	1344.2535	385.02393	1708.3556	48.161694	1227.6172	292.74347	1614.5444	877.0126	200.0	200.0	1549999	675.32367	290.23206	1693.2457	-1966.5405	675.3209	290.2671	1681.9934	-1962.7195	3.2024078	3.6426075	54.232857	-15.815428	-672.9088	791.7708	38011.099913835526
156	1376.5266	318.679	1733.7014	414.04916	1558.0118	54.96211	1618.9027	1421.18	200.0	200.0	1559999	677.45245	290.85248	1663.9143	-1993.7561	677.4511	290.9005	1695.249	-1987.3585	3.1908762	3.7258546	62.66385	-13.693032	-675.109	812.6927	38377.0917840004
157	1374.5914	420.58572	1689.3665	7.242624	1483.8992	200.68121	1682.027	1240.536	200.0	200.0	1569999	680.7318	287.90735	1809.8484	-1849.829	680.7365	287.92126	1796.4088	-1810.5092	3.1500015	3.6994224	72.87052	-14.722833	-678.3798	820.0036	38721.64781522751
158	1491.0071	163.77614	1692.7426	902.967	1592.6868	124.19292	1709.8704	1247.7675	200.0	200.0	1579999	683.82184	287.2332	1619.6364	-1710.7363	683.8189	287.27667	1658.0323	-1717.2954	3.149564	3.639777	76.22296	-13.079151	-681.5488	806.08997	39083.02449154854
159	1486.4916	210.31747	1721.0272	581.04333	1435.4093	344.03494	1649.5223	536.1338	200.0	200.0	1589999	689.21783	283.97632	1420.3748	-1612.5394	689.2175	283.99533	1452.7904	-1634.4915	3.2892413	3.7110145	62.70755	-13.237281	-686.97784	775.7528	39443.66949415207
160	1502.8712	175.94011	1730.2905	936.41565	1439.2404	161.05849	1630.1013	1120.0587	200.0	200.0	1599999	693.60175	279.80945	1289.9242	-1783.8221	693.60095	279.84625	1254.9954	-1770.4172	3.1016805	3.745865	79.088196	-14.124554	-691.3052	759.8779	39807.08365392685
161	1449.0016	346.47397	1733.7577	140.1276	1510.598	174.30943	1665.4681	1209.7881	200.0	200.0	1609999	696.8025	275.5411	1340.7229	-1984.6179	696.8032	275.56628	1349.4032	-1960.95	3.135448	3.6715405	62.180912	-13.382362	-694.58124	757.9277	40145.42474293709
162	1457.3972	263.43582	1708.4208	164.45514	1390.7042	292.16486	1699.4966	686.192	200.0	200.0	1619999	701.8179	268.72208	1385.3871	-1915.4551	701.82056	268.72815	1408.235	-1910.3097	3.1232514	3.5295477	58.97355	-12.21122	-699.5457	759.0825	40467.67345261574
163	1435.471	325.94556	1710.5234	96.1702	1419.7184	225.24771	1716.564	915.084	200.0	200.0	1629999	706.50836	268.1704	1709.0615	-1953.8628	706.5049	268.2171	1744.9962	-1974.7819	3.195172	3.6897037	74.484505	-17.315302	-704.3688	736.75726	40781.84923362732
164	1422.443	263.1392	1732.6158	112.00746	1578.0254	116.642044	1694.9541	1302.2533	200.0	200.0	1639999	712.44977	262.02948	1962.4666	-1868.6399	712.45197	262.05475	1913.7255	-1926.4277	3.1247368	3.6441483	64.30218	-14.0921545	-710.2656	707.1339	41100.171045064926
165	1456.787	232.54884	1722.7053	794.2046	1439.1251	232.08676	1693.2283	1103.2021	200.0	200.0	1649999	712.897	260.96936	1971.2572	-1964.3087	712.89575	260.9914	1973.6934	-2000.1632	3.1081176	3.5890317	63.7099	-13.160556	-710.7644	687.8661	41406.90972685814
166	1456.5759	261.13342	1713.4834	349.7496	1586.157	118.3935	1713.8512	1348.1666	200.0	200.0	1659999	718.0106	258.1085	2415.8274	-1920.1007	718.0117	258.14334	2382.5852	-1904.3604	3.005329	3.6978676	94.3007	-14.066216	-715.971	682.57306	41727.68402194977
167	1434.6552	274.74374	1730.185	134.57155	1507.2175	204.86261	1722.431	1072.3798	200.0	200.0	1669999	717.53357	255.48549	2664.5994	-1825.9581	717.5301	255.51154	2682.7622	-1945.71	2.8475325	3.577926	58.757072	-14.760175	-715.3509	668.4254	42040.27626037598
168	1397.0448	337.98447	1737.6001	93.10829	1576.9202	85.71146	1709.8707	1429.6818	200.0	200.0	1679999	715.8123	252.99037	2853.3137	-2183.822	715.81213	253.0315	2868.089	-2236.6077	3.0225053	3.6338642	66.28717	-13.742376	-713.6865	646.6846	42350.02234554291
169	1430.3494	245.11635	1746.0558	516.671	1357.3594	299.4753	1726.232	971.5058	200.0	200.0	1689999	717.47986	251.73653	2959.3357	-2145.9185	717.47864	251.75357	2960.4275	-2148.0042	2.9412532	3.6267776	60.397083	-12.213178	-715.4243	644.983	42646.65683579445
170	1417.9703	305.50256	1716.2676	25.924583	1448.488	190.932	1681.405	1218.6587	200.0	200.0	1699999	719.89276	248.8662	3127.7898	-2172.4636	719.8937	248.88103	3126.6438	-2190.8623	2.990036	3.663038	62.74124	-12.383066	-717.822	645.57806	42947.17562007904
171	1357.0864	326.85272	1725.1844	240.63007	1015.38544	586.13995	1673.9623	11.731392	200.0	200.0	1709999	719.3127	248.89294	3186.0208	-2074.5605	719.3088	248.92752	3160.297	-2063.5552	2.7928624	3.6301198	64.32172	-15.9565935	-717.15704	656.96576	43270.61476683617
172	1390.4055	295.15738	1706.9873	162.33255	1241.9939	560.997	1674.4615	149.93924	200.0	200.0	1719999	717.5383	248.12251	2949.1223	-2043.3016	717.537	248.1402	2854.6895	-2018.789	2.7547152	3.6315842	52.320633	-12.640651	-715.3938	657.5392	43552.40421676636
173	1459.5361	373.59912	1727.7877	77.15286	1261.4396	367.5117	1682.5773	583.9605	200.0	200.0	1729999	718.8106	245.92169	2857.6821	-1707.3873	718.8073	245.94795	2805.2185	-1614.4203	2.9476538	3.6693735	54.01775	-13.727076	-716.70557	654.2604	43826.3883368969
174	1455.8342	264.23483	1712.1718	75.41049	1511.4856	209.80733	1728.371	1108.0599	200.0	200.0	1739999	716.07184	248.65683	2417.9233	-1721.0067	716.0709	248.68579	2384.1938	-1710.6149	2.9881096	3.6384208	62.10991	-12.143271	-713.8378	663.3106	44067.8793759346
175	1425.4192	299.44037	1714.841	422.0845	1491.8044	317.49377	1713.5585	560.75024	200.0	200.0	1749999	715.86005	252.3714	2467.7693	-1693.3568	715.85614	252.40808	2444.694	-1613.5481	2.983219	3.7772946	51.78368	-12.932227	-713.7205	683.47217	44304.46506857872
176	1476.158	154.00592	1723.3011	1080.7521	1262.0162	240.95743	1721.5804	1044.1743	200.0	200.0	1759999	719.9818	247.96434	2482.7476	-1451.5249	719.9787	247.99336	2524.8987	-1461.4124	2.8712003	3.709737	59.55159	-13.982688	-717.88794	684.16174	44551.334460258484
177	1393.5258	304.85922	1737.7478	173.09833	1545.4747	139.22299	1656.2837	1241.4592	200.0	200.0	1769999	723.8485	242.65784	2256.5156	-1586.2671	723.8454	242.70743	2257.6702	-1600.4862	2.9842765	3.7542384	47.31978	-12.359675	-721.9294	658.9269	44794.29353451729
178	1456.4702	217.23053	1725.5554	897.66425	1510.2953	194.4455	1689.4385	1171.963	200.0	200.0	1779999	726.3583	241.27982	2236.3047	-1605.0577	726.3601	241.29922	2281.7278	-1461.5073	3.0042417	3.7076037	58.199425	-13.454123	-724.4072	629.6075	45021.439853191376
179	1506.6667	219.59485	1701.6145	351.59683	1578.6002	159.6382	1709.1597	1141.557	200.0	200.0	1789999	728.1282	242.51826	2395.9272	-1471.6854	728.1225	242.56778	2342.4858	-1462.121	3.0065145	3.7205126	96.14437	-12.754587	-726.2034	646.553	45236.815990924835
180	1470.395	175.01459	1731.2328	1051.2771	1447.0881	115.32415	1552.8491	1140.107	200.0	200.0	1799999	731.94934	242.6751	2302.3833	-1627.3206	731.94824	242.70668	2303.286	-1570.9371	2.9871492	3.7451985	56.647736	-12.901887	-729.9805	643.071	45461.61557126045
181	1505.7756	170.23862	1728.1622	1139.716	868.5267	263.02136	1308.3025	609.23114	200.0	200.0	1809999	734.1066	244.65831	2211.012	-1607.801	734.107	244.69539	2184.2346	-1564.4957	2.8322928	3.6698189	65.39114	-13.142085	-732.13074	658.6599	45685.32470822334
182	1474.7817	280.98236	1722.2816	77.10887	1492.3773	186.86284	1674.868	1146.5259	200.0	200.0	1819999	737.4604	243.16522	2561.557	-1870.1707	737.4599	243.18117	2567.1418	-1770.6254	2.9193447	3.7163098	63.314816	-13.494286	-735.5028	663.7996	45906.67345023155
183	1515.3075	166.84314	1738.1766	1147.3881	1493.3674	119.645744	1625.9429	1268.7131	200.0	200.0	1829999	745.79047	239.798	3077.9792	-1674.6049	745.79047	239.82048	3236.53	-1738.2286	3.029702	3.7882667	59.872776	-13.637011	-743.9946	645.20746	46071.452936172485
184	1465.5715	256.85306	1727.6599	292.38065	1523.8391	163.35791	1685.9708	1123.279	200.0	200.0	1839999	751.07007	239.29027	3615.1738	-1667.7701	751.06744	239.3069	3343.5508	-1622.8384	2.9611044	3.8137481	66.79551	-12.271263	-749.1957	651.5412	46212.506209373474
185	1407.8119	319.85773	1729.0248	227.11023	1436.636	149.39658	1626.1885	1062.9952	200.0	200.0	1849999	755.88324	238.96646	3373.0557	-1678.4685	755.88043	239.02777	3449.2156	-1726.7739	3.1780167	3.885915	69.71341	-12.318207	-754.0042	674.59424	46351.51648426056
186	1463.2292	252.07216	1709.3522	199.0748	1256.391	550.6578	1659.4392	217.21796	200.0	200.0	1859999	757.47797	240.03818	2329.2495	-1653.0853	757.4792	240.08179	2373.0603	-1643.7802	2.8864198	3.8361099	62.351448	-13.522591	-755.5064	685.9924	46490.192784786224
187	1445.5043	169.56079	1731.3004	1136.0248	1200.9519	449.9892	1531.4493	2.2082574	200.0	200.0	1869999	755.5074	239.98337	1521.4386	-1837.6906	755.51025	239.99226	1551.3419	-1761.6008	2.9288292	3.7280939	65.23111	-12.383038	-753.53235	639.3891	46629.677251815796
188	1441.0869	335.70312	1706.9906	139.57172	1513.9573	160.77814	1693.4014	1108.326	200.0	200.0	1879999	752.63007	239.49806	1844.836	-1932.5198	752.63104	239.50627	1743.606	-1969.0798	2.8523562	3.689183	80.88921	-13.556152	-750.5277	628.3705	46767.629539489746
189	1534.0607	177.88736	1702.2327	703.71875	1472.3048	159.17422	1622.9425	1141.0093	200.0	200.0	1889999	751.91956	241.89157	1905.5321	-2326.8506	751.92	241.90422	1888.1061	-2417.2803	2.6745288	3.6032915	68.62923	-14.040573	-749.8572	643.8661	46908.18694472313
190	1448.0121	298.3085	1690.0725	228.43259	399.58078	397.76025	1184.6016	142.0594	200.0	200.0	1899999	753.1705	239.17639	2088.125	-2818.4226	753.16974	239.18248	1893.6531	-2843.5125	2.633929	3.6485999	88.80557	-12.4556265	-751.1454	620.483	47044.58040571213
191	1426.654	293.27917	1745.1671	336.24612	1412.3347	164.13812	1630.29	1175.4368	200.0	200.0	1909999	752.25555	237.37701	2245.2595	-2898.168	752.2525	237.4166	2160.969	-3053.4973	2.6108127	3.6041498	63.729164	-12.74915	-750.1395	584.995	47190.95862030983
192	1462.6595	233.6214	1718.394	420.72217	1224.9636	221.6736	1525.4656	834.5969	200.0	200.0	1919999	752.26227	234.4824	2287.4385	-3181.3677	752.2603	234.49725	2308.9895	-3266.6833	2.582395	3.6288013	77.466995	-15.0928955	-750.2334	583.1323	47335.20583343506
193	1475.6954	258.3339	1725.1735	53.372112	1501.9812	109.10429	1598.3647	1359.4546	200.0	200.0	1929999	754.9773	231.93571	2235.053	-3136.0215	754.9758	231.95508	2185.3103	-3196.826	2.5760467	3.5284288	67.642365	-14.997362	-752.98175	601.5388	47471.41493630409
194	1339.7303	454.08652	1715.8583	57.074757	1498.9309	172.38983	1698.4222	1236.2576	200.0	200.0	1939999	757.457	228.00287	2283.8916	-2937.5579	757.45355	228.04425	2180.939	-2997.764	2.5862916	3.5521917	66.46237	-13.29385	-755.3863	580.9744	47613.34341979027
195	1395.0925	316.86786	1708.4124	120.12236	1525.9459	268.13773	1689.5216	744.28253	200.0	200.0	1949999	760.3231	231.1153	1815.2518	-2661.516	760.32104	231.15944	1868.637	-2789.6375	2.6983304	3.5958252	109.04944	-17.37133	-758.4389	562.127	47751.671031713486
196	1428.348	313.6551	1715.3124	90.867455	1425.4824	207.80821	1685.0992	1076.681	200.0	200.0	1959999	764.33844	233.84074	2127.0945	-2210.863	764.33887	233.84038	1957.0043	-2169.9463	2.5223055	3.54633	56.829742	-12.834773	-762.4525	569.5179	47890.36415719986
197	1495.2407	197.2735	1738.236	1071.7198	1218.6862	142.47336	1371.6075	983.02356	200.0	200.0	1969999	763.7809	238.54834	2048.297	-2003.7506	763.77985	238.55446	2006.9257	-1983.5691	2.5630028	3.3329003	63.321556	-12.237806	-761.8238	578.1757	48032.83543205261
198	1417.1558	319.65305	1732.0367	52.61002	1526.2137	169.76945	1685.2665	1261.3116	200.0	200.0	1979999	764.6583	238.8474	1485.2406	-1996.0454	764.65594	238.8898	1515.7009	-2021.5807	2.627462	3.3973434	58.863926	-12.983235	-762.6899	571.3962	48169.79970264435
199	1463.5513	227.73769	1733.6008	872.5436	1573.4402	139.13824	1686.5361	1285.0774	200.0	200.0	1989999	766.51025	234.42096	1580.7919	-1930.8376	766.5096	234.40877	1613.0632	-1924.4958	2.731585	3.3524368	76.41465	-16.9048	-764.5358	565.5618	48315.285601615906
200	1476.6156	276.59866	1717.7013	42.89688	1592.0453	80.4427	1723.9968	1493.1919	200.0	200.0	1999999	769.22253	230.0989	1519.3236	-1839.9584	769.2226	230.11618	1442.3041	-1808.4446	2.7757292	3.5355496	62.106937	-15.724426	-767.3076	559.0429	48449.847022295
201	1477.2308	197.32188	1708.8108	704.31714	1558.1423	129.51404	1716.0438	1251.9711	200.0	200.0	2009999	771.039	226.04126	1351.333	-1781.6692	771.0456	226.02785	1342.4037	-1805.1401	2.7120428	3.4595287	65.511314	-12.772003	-769.13605	534.1612	48588.71733164787
202	1463.9678	329.58282	1741.7816	116.09978	1576.8586	149.32034	1703.1371	1157.3616	200.0	200.0	2019999	771.6704	222.10356	1427.5786	-1691.6312	771.673	222.11057	1190.4219	-1633.7081	2.6270757	3.4805856	60.64025	-11.642269	-769.7391	518.68365	48730.59525227547
203	1397.7578	382.71082	1727.1785	33.884903	1541.265	120.00136	1707.9609	1250.5598	200.0	200.0	2029999	773.17334	222.82704	1278.1426	-1758.96	773.1746	222.84897	1324.2877	-1821.4274	2.7481463	3.5242548	57.99725	-15.016067	-771.3291	530.8459	48868.36320257187
204	1484.578	212.83835	1737.6342	774.57965	1443.4648	207.66379	1673.946	1092.6326	200.0	200.0	2039999	776.7347	224.32272	1576.337	-1732.9578	776.7338	224.33086	1609.9988	-1754.1166	2.692068	3.4869835	57.919136	-15.758631	-774.8029	530.3663	49009.30264425278
205	1377.1223	375.334	1672.7074	80.415695	1471.8691	205.29965	1709.9987	1071.4875	200.0	200.0	2049999	778.0513	222.93523	1855.8384	-1771.6146	778.05	222.95325	1847.6259	-1755.5625	2.614991	3.5087595	66.39506	-13.183175	-776.0637	551.8274	49146.520622968674
206	1369.0167	459.79196	1733.124	3.874786	1622.8268	63.235424	1705.5563	1462.1776	200.0	200.0	2059999	779.4374	223.02896	2545.4016	-1893.103	779.4358	223.0613	2597.234	-2004.3372	2.8233395	3.5882082	61.574295	-13.422422	-777.57306	567.061	49288.06304812431
207	1422.3063	338.0547	1718.403	50.7641	1437.5061	484.24713	1719.9604	3.4548457	200.0	200.0	2069999	783.7356	225.98413	2687.0906	-2602.4482	783.7358	225.9932	2821.4214	-2656.2568	2.7161593	3.6074944	66.03388	-13.347003	-781.9071	594.5514	49431.12619423866
208	1502.4209	236.79741	1720.6165	707.4903	1508.8484	217.43971	1701.6389	1109.7015	200.0	200.0	2079999	785.1457	227.89369	3095.293	-2683.2761	785.14154	227.93823	3048.864	-2644.423	2.7555192	3.503552	68.08835	-12.160846	-783.1857	598.5732	49575.07276916504
209	1542.9133	138.6031	1705.1083	1213.2024	1542.8254	62.707844	1635.653	1447.4083	200.0	200.0	2089999	788.88495	225.64314	3810.1409	-2403.797	788.88556	225.65271	3796.3752	-2386.042	2.71316	3.514822	72.369545	-13.177818	-787.0871	600.51605	49724.55898499489
210	523.4148	722.5954	1739.2435	2.3596625	7.8092146	4.9637756	14.783769	2.753135	200.0	200.0	2099999	800.6671	237.15454	4706.1865	-2328.325	800.6761	237.13594	4457.527	-2236.4446	2.863621	3.83645	74.22466	-12.125106	-799.32806	647.049	49872.93525791168
211	4.698441	2.413342	12.576305	2.0635123	3.1484303	1.0260187	5.185	2.4051254	200.0	200.0	2109999	835.944	264.35733	3200.862	-2297.1233	835.95496	264.4425	3225.0083	-2197.185	3.115636	4.213336	73.233315	-14.687056	-837.3449	850.1382	50020.23303318024
212	8.849666	15.305232	111.75659	1.8810263	263.30957	504.46173	1272.1803	5.5869036	200.0	200.0	2119999	807.61176	244.1165	2310.4238	-2202.9153	807.6124	244.13698	2337.3132	-2169.6362	3.212287	4.1673937	106.531395	-12.887967	-807.3688	805.0448	50162.57343006134
213	60.4651	203.64458	1247.3497	2.5499616	518.3978	765.5501	1687.7762	14.44958	200.0	200.0	2129999	780.3019	254.6056	1732.6812	-2376.0876	780.307	254.65	1736.47	-2482.0564	2.928617	4.1402225	70.61944	-13.959129	-779.5226	797.30774	50313.111292123795
214	318.03247	502.89365	1549.8761	6.925635	648.0817	540.71765	1590.4037	19.837757	200.0	200.0	2139999	772.4409	268.85397	1693.1011	-2412.966	772.44556	268.83664	1633.538	-2448.693	2.852943	4.087651	93.228584	-15.692148	-771.8113	768.3874	50460.198338508606
215	503.87872	638.9716	1670.5437	4.135592	1255.7197	231.4133	1485.5078	801.2758	200.0	200.0	2149999	757.1335	269.83707	1329.8708	-2332.6948	757.1395	269.83862	1295.956	-2347.9917	2.812004	3.9361184	83.623604	-14.114117	-755.8864	715.6054	50608.216645240784
216	1142.9435	552.00586	1711.5433	12.235877	1511.6077	182.13994	1743.0863	1296.5841	200.0	200.0	2159999	748.74475	276.5791	1258.8154	-2510.1763	748.7405	276.64218	1237.9055	-2481.5369	2.7330582	3.8230953	76.801834	-14.452265	-747.01733	687.17426	50759.130380392075
217	1383.7699	343.94876	1746.9227	65.50179	1505.777	94.10809	1655.7131	1340.4635	200.0	200.0	2169999	746.9626	272.77377	1114.3098	-2540.1467	746.95917	272.81824	1048.1852	-2527.669	2.7669022	3.5842774	65.95267	-11.560513	-745.11993	632.63806	50911.57138085365
218	1443.2585	280.2427	1706.61	32.75958	1436.3289	282.37552	1651.9957	771.8622	200.0	200.0	2179999	752.59125	269.01703	1100.0115	-2264.155	752.5877	269.03693	1085.7611	-2253.0059	2.8299875	3.6267536	76.06727	-12.5486	-750.9266	567.82355	51063.40290570259
219	1445.9805	276.61618	1713.3553	137.00716	1486.7212	473.1855	1709.9281	81.44778	200.0	200.0	2189999	757.3489	265.66306	1080.7004	-2248.3958	757.34894	265.7039	1097.9567	-2211.963	2.8715837	3.622989	68.2686	-11.587063	-755.72614	586.61523	51212.02163910866
220	1508.5553	192.72906	1719.9441	662.2801	1481.0494	242.3574	1742.4658	1072.2335	200.0	200.0	2199999	761.906	255.27432	1264.2382	-2359.44	761.9076	255.28282	1233.5262	-2325.567	2.7524872	3.5400357	70.07127	-12.023342	-760.33026	535.314	51360.06158947945
221	1390.2672	263.47458	1731.9683	559.30743	1267.3027	361.18097	1464.2457	196.13336	200.0	200.0	2209999	761.3495	249.40205	1354.4448	-2261.5857	761.34894	249.4284	1334.2518	-2333.1665	2.6185381	3.5194867	76.50292	-11.681255	-759.7469	519.1428	51510.46095395088
222	1432.6631	301.49725	1735.8027	356.18463	1203.9548	205.50009	1693.1996	1033.2944	200.0	200.0	2219999	760.8431	249.93382	1314.6335	-2087.0298	760.84314	249.97008	1294.3403	-2065.1865	2.626839	3.445098	76.83636	-13.743109	-759.2991	499.9069	51659.18771505356
223	1523.4094	199.02417	1719.5216	720.7258	1477.3317	131.42038	1666.5815	1155.3353	200.0	200.0	2229999	762.9693	249.863	1341.916	-2206.5562	762.96967	249.90414	1341.5403	-2178.9255	2.564445	3.4677093	77.5073	-12.639749	-761.3566	500.7967	51809.705067157745
224	1442.9946	197.54497	1743.4133	792.8163	1373.4812	266.67667	1574.08	615.3742	200.0	200.0	2239999	765.1899	245.65985	1391.1726	-2193.7297	765.1933	245.64497	1377.5088	-2269.2156	2.5574627	3.5486748	76.37734	-13.855284	-763.6182	487.3693	51956.730662584305
225	1401.0531	340.7739	1735.6332	33.585228	1588.6941	108.103325	1719.8436	1435.5277	200.0	200.0	2249999	765.6229	242.53558	1417.937	-2149.9092	765.62366	242.5446	1395.9886	-2266.329	2.5101337	3.5509613	60.164547	-12.429049	-764.0007	513.4298	52101.64103269577
226	1451.9492	243.1762	1720.9014	246.98798	1547.1864	163.02246	1704.9825	1242.5504	200.0	200.0	2259999	767.6501	237.1884	1318.9639	-2261.8865	767.6501	237.19048	1278.758	-2275.8313	2.616907	3.4820845	82.09356	-13.430823	-766.1335	483.1643	52249.61772155762
227	1562.6344	134.01108	1735.6249	1254.4838	1370.9496	436.2093	1689.1937	174.25908	200.0	200.0	2269999	773.71594	233.15668	1314.4443	-2301.5134	773.7203	233.14017	1292.7612	-2208.4	2.651913	3.5224538	76.00166	-13.749002	-772.288	459.4632	52391.5782763958
228	1552.1016	139.03242	1735.3608	1159.5275	1451.2117	187.59523	1643.4924	1157.7355	200.0	200.0	2279999	775.24304	227.6258	1380.8402	-2036.0264	775.24457	227.6293	1365.7107	-2026.3512	2.5671701	3.4564042	69.99702	-12.963977	-773.684	446.1516	52544.779371500015
229	1544.677	111.19341	1701.968	1280.336	1585.7233	102.99167	1724.1116	1451.5637	200.0	200.0	2289999	777.50977	225.6286	1724.0624	-2032.6312	777.51373	225.63866	1736.6174	-2035.3379	2.6010826	3.4339533	68.589615	-14.38161	-776.0606	451.8571	52690.991752147675
230	1448.2172	301.8435	1723.1255	62.073524	1662.3186	83.38643	1725.2711	1503.7975	200.0	200.0	2299999	784.11194	217.25006	1634.3497	-2166.1765	784.11444	217.26501	1676.2611	-2163.785	2.5629814	3.5255456	67.70166	-12.844481	-782.7001	436.3431	52838.08667778969
231	1558.471	137.81995	1733.8345	1191.3231	1502.6868	136.79022	1664.2555	1279.0773	200.0	200.0	2309999	788.1935	220.83653	1702.4167	-2196.1934	788.1954	220.85463	1677.7377	-2213.761	2.5396693	3.4852855	79.01787	-13.801868	-786.8526	441.4372	52986.67513298988
232	1457.3076	351.8313	1731.1543	28.230017	1536.6741	144.11865	1725.4631	1213.7401	200.0	200.0	2319999	791.3575	228.64175	1276.2316	-2326.1736	791.36053	228.65385	1227.8473	-2418.2495	2.584749	3.3917866	83.775665	-12.922466	-790.0196	435.04794	53133.749799489975
233	1504.8157	294.50085	1729.836	50.722813	1628.9164	100.94746	1705.9171	1409.5688	200.0	200.0	2329999	793.38855	231.81494	1231.3413	-2326.7493	793.3894	231.83936	1216.676	-2295.4116	2.549792	3.383368	63.615345	-12.465851	-792.0657	412.477	53281.63744711876
234	1405.6802	336.2907	1737.3586	175.86874	1630.6106	108.52039	1685.283	1322.8607	200.0	200.0	2339999	792.8842	237.49028	1307.9658	-2268.6067	792.8876	237.49654	1304.8977	-2377.5073	2.3898928	3.3805752	78.50835	-13.102519	-791.4296	420.003	53432.08575081825
235	1472.9985	293.74228	1730.3531	244.8685	1474.6943	175.81998	1629.2661	1134.4106	200.0	200.0	2349999	791.5694	244.30464	1177.7828	-2294.6052	791.56464	244.343	1200.6302	-2365.6655	2.470172	3.4507792	70.11214	-13.602592	-790.2497	419.11282	53581.70332288742
236	1424.0177	289.84644	1728.9161	227.76122	1504.7847	128.22818	1697.7515	1339.2179	200.0	200.0	2359999	794.3743	245.13849	1156.425	-2697.727	794.37286	245.1787	1195.502	-3124.593	2.4856012	3.577894	77.419716	-12.457139	-793.04816	427.1297	53728.123156785965
237	1580.9001	148.9219	1717.3153	905.6366	1609.3839	107.77722	1718.473	1420.8287	200.0	200.0	2369999	793.7524	243.77016	1062.8285	-3380.861	793.7541	243.78181	1040.8369	-3371.3535	2.4753895	3.5009532	72.01698	-16.458931	-792.3877	413.4579	53876.56016755104
238	1492.4066	227.34549	1704.2241	530.7762	1548.66	126.097755	1703.9442	1400.7823	200.0	200.0	2379999	795.74255	242.26587	987.07916	-3685.0234	795.7433	242.28935	966.51825	-3818.472	2.45553	3.4443226	78.79563	-13.957379	-794.33545	426.20416	54029.48178052902
239	1537.1267	196.7916	1719.6687	457.0185	1542.1106	145.08865	1689.2795	1197.3965	200.0	200.0	2389999	798.65857	241.54372	987.83105	-3421.1326	798.6604	241.53941	971.48425	-3701.906	2.5682733	3.4998534	67.53398	-12.900903	-797.3201	439.419	54176.02722930908
240	1482.0835	298.60287	1741.3658	173.13841	1646.7311	104.96441	1737.3408	1358.729	200.0	200.0	2399999	801.7749	235.61308	948.6261	-3329.2239	801.7717	235.64487	948.0486	-3252.6448	2.6452153	3.5955975	74.47739	-12.206907	-800.3871	445.00336	54322.6205599308
241	1516.376	230.28232	1734.8167	430.92816	1612.1758	124.36962	1726.706	1382.9668	200.0	200.0	2409999	799.2419	231.82912	971.5806	-2622.55	799.2436	231.82935	981.07294	-2744.3425	2.3587904	3.6289508	72.68587	-13.833055	-797.8384	424.6575	54474.67451834679
242	1419.9805	308.9153	1749.1036	265.0223	1522.3463	218.39165	1711.446	1172.2607	200.0	200.0	2419999	797.8635	230.70868	1072.8186	-2855.1938	797.8653	230.7188	1011.02747	-3080.1995	2.3935103	3.5243332	62.885414	-12.793173	-796.4687	432.5581	54622.38646864891
243	1489.899	274.31796	1732.1978	85.29013	1637.5236	54.307343	1695.4021	1521.2491	200.0	200.0	2429999	798.55273	227.27225	1022.2329	-2642.1584	798.5531	227.28844	1033.13	-2628.2441	2.4803562	3.5477543	66.515335	-13.090996	-797.264	414.4107	54773.24951839447
244	1573.6602	132.09172	1739.2008	1221.4952	1212.9321	530.2478	1696.9199	443.06564	200.0	200.0	2439999	800.60614	225.77533	1112.2303	-2311.069	800.6053	225.7838	1079.8234	-2389.2886	2.3655095	3.5572765	91.45095	-12.811452	-799.31604	385.8447	54918.35313940048
245	1464.792	270.3473	1742.124	237.74504	1065.0802	175.67505	1379.085	676.80005	200.0	200.0	2449999	801.13416	232.69318	1134.1372	-2438.1191	801.1336	232.71223	1088.9711	-2381.848	2.3331182	3.5309637	81.12515	-15.247738	-799.8102	395.16104	55067.07928967476
246	1437.7316	218.29019	1719.9209	798.8992	1525.086	306.37543	1728.9857	659.5883	200.0	200.0	2459999	806.4205	230.53416	1415.278	-2290.939	806.42194	230.55327	1438.3334	-2353.2712	2.5210733	3.7030852	104.416756	-12.620426	-805.2955	403.72058	55219.24049305916
247	1271.6562	468.57077	1753.834	5.772359	1430.5187	406.2645	1737.0066	634.7149	200.0	200.0	2469999	811.7813	229.97752	1683.5862	-2927.0007	811.77954	230.02498	1690.7617	-3187.9778	2.5441606	3.7070732	69.32118	-13.557227	-810.5971	434.574	55369.05182647705
248	1475.5732	254.1962	1744.1522	439.91003	1505.8364	163.79948	1707.9434	1093.4056	200.0	200.0	2479999	808.25006	226.93405	1250.8528	-2634.5083	808.25006	226.9369	1170.6107	-2779.0974	2.499673	3.7408388	85.00097	-15.047151	-806.9347	411.79367	55516.713631629944
249	1488.4861	323.44806	1733.3392	55.88805	1522.3645	130.83607	1717.578	1276.9336	200.0	200.0	2489999	803.6811	228.91231	1032.4801	-2730.464	803.68115	228.93188	1066.5828	-2820.9253	2.307878	3.7119966	71.75061	-13.637892	-802.2833	438.09406	55665.59036231041
250	1512.0908	212.38309	1733.1411	471.88736	1364.2191	257.28094	1685.7487	862.74365	200.0	200.0	2499999	806.4467	225.7008	951.913	-2653.693	806.44904	225.70842	951.01245	-2608.5945	2.6334476	3.722666	72.21327	-13.137112	-805.1865	433.7275	55815.89940023422
251	1441.8793	379.21875	1719.2976	9.797095	1536.8196	126.82953	1724.5292	1406.0159	200.0	200.0	2509999	808.1505	225.8599	965.61584	-2491.6636	808.1521	225.85442	971.1515	-2634.0708	2.7189255	3.9584467	79.79579	-13.50606	-806.8304	403.50916	55960.16695642471
252	1485.0225	207.06683	1719.9813	872.58234	1355.7976	385.83237	1686.0251	253.85309	200.0	200.0	2519999	810.99524	225.04784	989.2663	-2495.7422	810.9957	225.06464	988.3884	-2610.472	2.6031594	3.7664814	67.59393	-14.563922	-809.62396	399.7924	56101.951874017715
253	1578.5331	119.72656	1746.7606	1289.6122	1496.7529	152.3222	1665.2838	1214.2316	200.0	200.0	2529999	810.4355	215.5721	1121.6425	-2871.468	810.436	215.59654	1079.217	-3131.709	2.4826853	3.7028153	69.25253	-13.166882	-809.098	390.7786	56252.6065762043
254	1533.0043	244.5248	1731.0426	166.62096	1623.1628	85.578766	1726.5475	1533.5726	200.0	200.0	2539999	811.232	213.394	1164.3591	-3119.5767	811.23334	213.40799	1173.9031	-3118.7197	2.2901232	3.460811	65.549385	-12.648531	-809.9761	375.99426	56399.293105602264
255	1558.0138	126.37171	1714.3062	1239.019	1594.8727	130.61317	1705.1123	1274.7854	200.0	200.0	2549999	811.27924	209.25684	1199.6702	-2853.1797	811.27527	209.30646	1201.7133	-2804.3486	2.213781	3.4890368	77.80388	-12.831459	-809.93274	364.77237	56544.06498837471
256	1544.5504	156.50137	1741.0204	992.18744	1352.7601	198.20006	1704.6876	1190.141	200.0	200.0	2559999	810.7024	204.90416	2326.6968	-2308.627	810.70197	204.94482	2085.8618	-2400.3547	2.5724936	3.5687327	88.89409	-15.225534	-809.4348	374.85098	56693.631956100464
257	1556.4655	134.60367	1747.5082	1252.1116	1596.8588	125.428444	1710.8636	1418.144	200.0	200.0	2569999	812.6141	196.01965	3365.7593	-2235.5986	812.61414	196.05371	3171.2244	-2192.4355	2.3165321	3.6065092	106.214806	-12.844127	-811.2812	386.71262	56834.58146762848
258	1382.7202	370.6875	1748.9379	384.89316	1016.5286	543.45544	1675.8496	84.0138	200.0	200.0	2579999	809.44635	194.69655	3069.2537	-2350.331	809.4457	194.72234	2878.6343	-2599.141	2.4165125	3.6818001	90.24154	-11.5755825	-808.0203	387.2931	56979.69208717346
259	1229.1932	431.1131	1747.9385	295.35126	1299.3517	193.7944	1715.8405	1108.8163	200.0	200.0	2589999	806.45355	202.91411	1822.4946	-2736.888	806.4532	202.93773	1828.7595	-2759.1301	2.2969828	3.4474504	83.648155	-13.442374	-804.9736	407.85535	57122.85501050949
260	1469.4025	342.12912	1736.5007	264.7891	1521.0812	260.70508	1716.081	829.43616	200.0	200.0	2599999	806.6064	206.51785	1749.7736	-2757.0366	806.6084	206.54909	1752.3479	-2811.196	2.8742208	3.6934083	65.12196	-14.937639	-805.3875	373.11667	57268.45474052429
261	1531.8358	210.65556	1753.6526	656.06866	1484.0137	205.28123	1718.4469	937.47375	200.0	200.0	2609999	806.7974	205.61777	2190.3557	-2566.795	806.79755	205.64418	2166.4258	-2452.1416	2.4346986	3.4541361	87.37656	-14.342151	-805.5179	352.67035	57414.39371180534
262	1502.5491	208.62885	1732.7468	657.88184	1577.7883	116.64854	1677.0366	1345.8873	200.0	200.0	2619999	808.50903	204.11331	2702.78	-2601.7236	808.50934	204.15315	2570.8464	-2765.4163	2.3991597	3.6477547	98.9002	-12.4633665	-807.4417	340.1509	57564.98834490776
263	1506.1412	188.80804	1751.1221	1075.3491	1612.7545	101.54054	1706.611	1335.8016	200.0	200.0	2629999	809.75635	202.06987	2604.068	-2536.7642	809.75604	202.07394	2568.712	-2614.5024	2.1696556	3.536442	81.2377	-15.7026615	-808.6522	311.42407	57713.374445438385
264	1487.6847	239.58603	1736.7291	368.4399	1662.376	65.736565	1718.5736	1480.3322	200.0	200.0	2639999	811.0055	202.92003	2478.6697	-2490.0708	811.00555	202.93141	2454.1445	-2481.0684	2.5154786	3.6016293	78.31093	-16.34956	-809.9648	314.82156	57860.22588610649
265	1486.4691	241.58621	1729.8203	467.07892	1492.948	176.94186	1685.3721	1239.372	200.0	200.0	2649999	817.2389	204.91142	2588.5234	-2444.5308	817.2372	204.91972	2532.391	-2415.286	2.446918	3.6010513	62.831318	-13.346277	-816.1493	306.36966	58008.956161260605
266	1472.1044	297.60718	1730.5187	220.3657	1517.1398	122.79259	1692.7831	1389.3773	200.0	200.0	2659999	816.0562	212.07352	2693.075	-2532.3823	816.0572	212.08412	2572.2405	-2677.7065	2.6107092	3.6416185	69.54479	-14.113529	-814.8628	333.50854	58163.32677388191
267	1502.8634	300.3386	1741.5985	169.71407	1372.2875	344.2785	1594.8296	410.62524	200.0	200.0	2669999	812.4482	221.07584	2399.6816	-3088.3513	812.4474	221.10564	2505.777	-3195.0186	2.2115095	3.5179484	72.3701	-14.838258	-811.1572	337.5874	58312.20167827606
268	1503.9259	297.91965	1755.1921	53.960697	1546.9067	149.61412	1726.4376	1234.4436	200.0	200.0	2679999	808.1441	225.1202	3005.007	-3406.7295	808.143	225.14183	2969.3484	-3359.6213	2.2071686	3.6551092	85.06667	-12.704787	-806.8728	351.92993	58459.99635386467
269	1479.7358	272.63507	1760.3623	115.380775	1318.6818	390.173	1678.2618	491.9211	200.0	200.0	2689999	804.5508	225.09639	3242.4648	-3457.7537	804.5492	225.11407	3210.4448	-3562.6445	2.1093676	3.708033	64.353065	-14.192682	-803.2489	361.9418	58606.8373439312
270	1533.9196	135.7617	1739.7278	1168.9307	1594.9658	75.66172	1717.371	1435.0437	200.0	200.0	2699999	805.6369	224.54568	3023.289	-3647.117	805.6378	224.55882	3040.218	-3675.9717	2.1318963	3.587908	72.2155	-15.025446	-804.396	380.46674	58758.479612112045
271	1528.7366	253.2757	1751.9209	204.0783	1564.4645	111.77212	1677.4932	1359.5707	200.0	200.0	2709999	809.8191	221.70729	2751.5837	-3687.887	809.8185	221.72836	2705.5735	-3823.1995	2.1308262	3.5323143	61.356583	-13.20731	-808.6816	352.0498	58905.858644247055
272	1459.2278	225.57162	1709.6218	223.15883	1501.9426	148.44243	1715.5123	1254.6382	200.0	200.0	2719999	811.7888	222.01889	2964.542	-3883.6929	811.7874	222.0358	2927.9258	-4022.726	2.2237844	3.8262212	85.217186	-15.850229	-810.69275	388.7328	59054.301817417145
273	1429.471	370.1449	1753.0519	100.65282	1582.2756	35.69257	1632.2297	1544.5641	200.0	200.0	2729999	818.10944	231.14938	3272.843	-3810.4402	818.1105	231.19034	3225.8638	-3928.5862	2.8420775	3.6938689	72.86524	-14.641006	-816.9693	412.43182	59203.312497377396
274	1523.6083	226.3239	1721.1725	534.7763	1599.8939	154.32022	1726.6854	1301.182	200.0	200.0	2739999	815.69836	240.05492	2757.3904	-3944.2002	815.698	240.10867	2685.8926	-3977.512	2.307527	3.3786905	78.982475	-11.8667	-814.4594	400.205	59349.7413110733
275	1427.3597	329.0419	1717.5266	34.838005	1599.5693	142.1287	1690.5894	1237.7744	200.0	200.0	2749999	812.25574	245.13759	1773.4204	-4055.6992	812.2558	245.176	1848.4917	-3941.3591	2.0950568	3.354741	67.32785	-13.0730295	-811.0159	399.31317	59498.26599216461
276	1535.1808	138.93633	1720.2935	1181.5599	1521.676	142.93828	1707.7026	1339.3282	200.0	200.0	2759999	813.2535	242.82806	1322.828	-4113.3726	813.25275	242.86435	1306.1874	-4144.932	2.1922288	3.5285926	72.56342	-12.011367	-812.0228	406.6019	59649.05333399773
277	1424.4755	347.808	1705.481	115.04209	1493.825	160.41602	1698.8909	1274.7968	200.0	200.0	2769999	811.90796	236.44594	2124.7258	-3988.2554	811.908	236.47905	2094.33	-3926.3047	2.1335895	3.411287	89.04817	-12.921303	-810.6583	406.89243	59797.78341126442
278	1483.6616	177.5966	1752.6938	1010.0774	1378.098	483.97733	1719.2538	62.481007	200.0	200.0	2779999	814.8675	228.86949	2314.9124	-3348.4692	814.86536	228.90063	2250.1274	-3315.7056	2.3154664	3.3604531	80.23921	-12.424764	-813.6756	421.4882	59945.232041835785
279	1517.602	195.12286	1739.9194	802.97986	1591.6487	83.24387	1715.0303	1479.4003	200.0	200.0	2789999	815.317	226.36198	2369.6794	-3086.3804	815.32043	226.38269	2384.927	-3106.3955	2.3670733	3.4695075	73.562454	-13.741652	-814.0899	401.99057	60090.74687600136
280	1435.0796	373.29672	1716.1196	38.820007	1666.3151	63.48705	1711.1367	1537.9581	200.0	200.0	2799999	815.3026	220.83101	2356.4666	-3208.36	815.30365	220.8463	2413.2053	-3282.9421	2.340308	3.3947682	79.36391	-13.558607	-814.098	399.34308	60239.38262748718
281	1459.7488	242.26767	1701.507	626.06506	1632.6025	170.92952	1737.6918	1252.5455	200.0	200.0	2809999	812.348	225.75644	1812.8296	-3030.6045	812.3518	225.77806	1924.9287	-2958.9927	2.2708826	3.4574246	77.22267	-14.379794	-811.1227	404.366	60391.52152919769
282	1403.0072	347.8625	1742.02	83.54589	1597.0486	111.936775	1695.1799	1281.8579	200.0	200.0	2819999	816.02234	220.33069	2193.182	-2875.0325	816.02136	220.34961	2118.815	-2818.4146	2.2228706	3.4314756	75.79572	-11.772686	-814.8852	415.57178	60536.791249513626
283	1475.3158	275.27045	1737.5521	433.62073	1030.7727	666.5573	1684.5577	194.8847	200.0	200.0	2829999	817.5694	222.13112	2372.4512	-2626.6824	817.5701	222.1439	2406.0398	-2791.8694	2.4869165	3.522794	78.86774	-13.639204	-816.4213	412.26398	60677.57576060295
284	1551.6449	207.83505	1739.3115	439.43207	1621.5662	74.28339	1693.8496	1431.9299	200.0	200.0	2839999	818.3303	219.29715	2626.61	-2959.594	818.32654	219.3238	2545.4158	-2910.8743	2.3128924	3.5885909	88.45196	-12.973551	-817.1096	425.96774	60830.69577383995
285	1432.9829	339.75952	1722.2457	10.700182	1480.4896	183.51459	1678.6257	1118.1484	200.0	200.0	2849999	815.3099	226.62776	2434.103	-3070.0205	815.3112	226.64055	2484.688	-3067.3694	2.2962105	3.3918176	73.88957	-13.622187	-814.0663	428.7085	60972.77480173111
286	1394.4481	437.54068	1729.4519	80.75628	1549.5631	112.26778	1717.4451	1341.2551	200.0	200.0	2859999	812.1152	234.91382	2107.9712	-3218.3215	812.1096	234.97488	2124.265	-3227.877	2.1297534	3.4780717	96.0826	-13.779657	-810.86633	424.17236	61129.85884976387
287	1546.126	153.85776	1747.457	1091.9832	1615.7289	104.46528	1734.757	1484.8617	200.0	200.0	2869999	810.1036	239.4995	1797.4143	-3204.9167	810.1037	239.56151	1756.4128	-3144.924	2.2657733	3.41632	71.332245	-14.623235	-808.7872	437.0122	61279.963017463684
288	1429.587	357.92365	1727.835	85.656906	1328.5238	471.52545	1706.729	276.57538	200.0	200.0	2879999	807.7231	237.39871	1719.6895	-3297.1626	807.7205	237.46057	1790.0895	-3192.0808	2.2860858	3.606591	91.2831	-11.596034	-806.4334	452.24774	61425.79237794876
289	1465.6433	312.60928	1753.1761	127.03325	1503.0369	472.5368	1724.059	100.77894	200.0	200.0	2889999	804.93005	242.04967	1882.448	-3423.2932	804.92725	242.0783	1946.1613	-3428.0417	2.4335673	3.5164652	93.99119	-14.2590885	-803.6124	489.26315	61572.90985560417
290	1426.8176	255.42416	1712.2303	232.34969	1616.9132	91.87599	1741.6874	1458.2461	200.0	200.0	2899999	800.78955	244.97574	1803.2869	-3349.8071	800.79065	244.9914	1700.5568	-3494.1973	2.1309543	3.55668	82.55347	-13.819729	-799.4467	475.0677	61724.195748090744
291	1307.0825	510.3465	1752.3008	94.13411	1194.1787	632.22754	1727.8678	238.28821	200.0	200.0	2909999	798.0916	245.87529	1637.9946	-3125.9126	798.0886	245.91156	1663.5798	-3051.968	2.1653352	3.5439386	97.82781	-13.258113	-796.7079	467.3167	61873.69659924507
292	1467.6676	245.72311	1738.8793	202.94168	1404.9385	173.72833	1621.9916	1172.0977	200.0	200.0	2919999	795.2508	255.58527	1394.8258	-2873.2266	795.2492	255.61871	1375.3453	-2760.867	2.1713316	3.4579508	96.28597	-13.601148	-793.78796	486.0754	62023.16261720657
293	1406.3389	307.76498	1728.8214	129.30263	1631.1929	67.12771	1690.5077	1468.8927	200.0	200.0	2929999	793.76056	256.8972	1107.103	-2529.4104	793.7607	256.93176	1099.8522	-2491.1934	2.120296	3.5194478	117.840485	-13.392833	-792.26575	492.67914	62167.412821769714
294	1380.2991	336.56808	1737.8146	115.78481	1291.0876	242.77359	1742.9913	937.52625	200.0	200.0	2939999	792.7417	253.61485	1163.0868	-2483.2302	792.7408	253.67749	1114.5698	-2445.776	2.1823084	3.538805	82.14045	-13.808136	-791.3406	498.3693	62310.02174448967
295	1307.832	408.0469	1728.5234	193.49083	1524.2814	189.32074	1710.9055	1046.7574	200.0	200.0	2949999	792.6659	248.46738	1140.2516	-2358.5862	792.6687	248.47116	1135.6211	-2107.4924	2.1718662	3.481039	79.01914	-13.249842	-791.20233	469.82275	62453.62738585472
296	1392.8444	311.88605	1744.9327	118.319084	1407.5835	137.1313	1546.2172	1064.7814	200.0	200.0	2959999	790.8203	253.1761	1140.7504	-2214.2302	790.8157	253.24452	1151.0328	-2051.3533	2.1944578	3.4892058	89.48074	-13.046688	-789.3419	498.09836	62604.997260808945
297	1427.7965	246.72153	1716.6465	300.45984	1376.0193	141.88683	1689.5328	1228.7019	200.0	200.0	2969999	790.5426	258.6222	1285.5433	-2291.4136	790.53784	258.69205	1230.9583	-2335.6636	2.2245224	3.4450412	102.932076	-12.649206	-789.05835	518.2582	62749.07662343979
298	1387.8773	406.06714	1721.3652	16.151558	1640.1296	82.60043	1698.5114	1492.9017	200.0	200.0	2979999	791.62714	258.4719	1238.2501	-2299.2705	791.6285	258.50287	1201.1411	-2314.5686	2.328122	3.484588	82.3463	-13.070071	-790.1763	524.1762	62892.25523209572
299	1426.3597	359.55618	1748.9119	26.842716	1592.3043	117.81373	1697.2921	1376.1821	200.0	200.0	2989999	791.0827	258.4524	1173.5867	-2722.1108	791.0848	258.48538	1144.2255	-2696.105	2.366656	3.4907653	94.07304	-12.949007	-789.6367	536.21735	63037.20517849922
300	1401.2622	341.60147	1722.1198	62.425713	1499.9065	147.53714	1718.7035	1309.3999	200.0	200.0	2999999	790.65485	262.95706	953.9764	-3080.5603	790.65247	262.9984	949.45386	-3112.3608	2.4689703	3.452129	128.74765	-12.899706	-789.2002	538.31305	63181.3515753746
