Epoch	AverageEpRet	StdEpRet	MaxEpRet	MinEpRet	AverageTestEpRet	StdTestEpRet	MaxTestEpRet	MinTestEpRet	EpLen	TestEpLen	TotalEnvInteracts	AverageQ1Vals	StdQ1Vals	MaxQ1Vals	MinQ1Vals	AverageQ2Vals	StdQ2Vals	MaxQ2Vals	MinQ2Vals	AverageLogPi	StdLogPi	MaxLogPi	MinLogPi	LossPi	LossQ	Time
1	15.258285	22.77769	165.59889	6.1045213	9.915847	0.74374896	10.539809	7.745866	200.0	200.0	9999	11.662219	6.13496	50.21678	0.03797271	11.662193	6.1347756	49.78882	-0.13169664	-2.7282686	0.27314013	6.881011	-8.5857935	-12.194525	0.03357322	116.10811972618103
2	9.69765	4.564618	33.802895	4.89708	11.992762	1.7708352	13.323906	8.014919	200.0	200.0	19999	29.644524	12.899331	517.06604	15.996596	29.64453	12.899199	518.78357	15.849464	-2.7053483	0.4237741	27.687475	-8.747749	-30.128592	0.3678669	254.7666141986847
3	8.450669	9.368118	59.70317	1.9776498	3.0381088	0.1813773	3.1560183	2.5918183	200.0	200.0	29999	56.537052	112.70134	7793.245	1.9755944	56.52842	112.68569	7822.238	3.2266963	2.390531	6.0343738	121.568405	-12.035889	-58.339725	366.3972	387.83280658721924
4	5.3421545	2.2091057	11.711118	2.421401	5.7445464	1.9425254	7.736136	2.6379375	200.0	200.0	39999	211.26106	430.35138	15283.762	-173.83298	211.27036	430.23764	15345.592	-116.811356	7.1718483	5.736148	80.32862	-13.221531	-217.49977	731.40857	526.492237329483
5	2.782912	0.9054063	6.166	2.0122147	3.0348537	0.9327171	5.327366	2.3189597	200.0	200.0	49999	711.7817	687.1319	15410.876	-381.11246	711.77423	686.9868	15569.15	-239.07036	10.065269	5.526056	76.34525	-13.221781	-723.0573	1717.7104	665.0790324211121
6	6.5927577	5.29841	25.95657	1.7250358	1.635582	0.18897448	2.0880961	1.4631736	200.0	200.0	59999	787.34625	755.80164	23479.453	-656.48566	787.3749	755.77124	23877.633	-516.00946	7.1810303	5.2516704	86.59631	-11.093228	-792.054	6232.629	799.5362730026245
7	10.437111	8.436611	40.73948	1.6100769	29.432926	54.407196	192.49245	9.0576515	200.0	200.0	69999	1140.9528	1414.3353	28519.47	-512.87396	1141.0227	1414.5093	28582.736	-410.66824	14.413776	9.547641	133.40141	-10.346952	-1166.2377	93359.945	938.3476369380951
8	9.229893	4.576175	27.012796	5.028047	6.8677583	2.3143508	9.482825	4.3597593	200.0	200.0	79999	2001.8125	1751.4388	27827.674	-93.68334	2002.1049	1751.3003	27974.389	12.191626	15.898706	8.710375	158.00616	-8.677769	-2037.9333	83532.49	1077.6990592479706
9	11.719392	9.928652	53.201035	1.7956936	52.228737	95.97482	336.85706	9.126405	200.0	200.0	89999	2593.0503	1787.1221	23577.752	619.538	2593.1714	1787.0397	23671.547	488.00604	14.873404	8.176702	117.73072	-8.423306	-2623.1365	44738.246	1222.901848077774
10	20.32767	17.932447	123.6537	2.5941215	14.667139	2.3415952	19.3099	10.959407	200.0	200.0	99999	3258.0635	2064.8103	25400.738	645.0055	3258.143	2064.6917	24034.69	567.0088	16.064646	7.990766	118.63595	-8.9177	-3296.6956	48902.92	1362.9207835197449
11	16.53604	7.7014565	42.058697	8.137147	26.749378	17.650917	55.48064	10.642363	200.0	200.0	109999	3704.8718	1735.4851	17646.268	68.21492	3704.8867	1735.6625	17677.23	158.28635	15.600325	7.872482	123.5495	-7.6302233	-3738.63	34843.84	1503.7907574176788
12	15.162314	8.4663925	46.47937	4.7283745	10.163003	0.36349747	10.65774	9.508471	200.0	200.0	119999	3322.8923	1223.6399	14311.909	911.24756	3322.9421	1223.6182	14308.713	953.68756	13.721622	7.5226	97.56369	-10.969827	-3342.5767	16915.455	1642.962961435318
13	14.961627	16.30303	88.938515	6.1184497	20.25834	16.846819	52.938633	5.656022	200.0	200.0	129999	2661.543	803.3765	10061.523	313.30432	2661.579	803.3641	10218.218	385.5462	11.129932	6.1229267	87.30861	-11.375267	-2673.828	6982.534	1783.5513637065887
14	18.997478	13.176071	71.77377	7.4170976	19.269308	9.060441	40.91956	10.416038	200.0	200.0	139999	2076.1433	627.3028	8430.643	-522.1202	2076.1973	627.17834	8310.171	-417.5943	9.864793	5.661562	74.950645	-12.467914	-2084.1501	3832.8943	1920.263231754303
15	14.526584	7.547082	51.189716	3.7202458	11.720061	4.121477	22.61133	6.8268266	200.0	200.0	149999	1608.4501	577.56323	7046.208	-1002.6541	1608.5032	577.4573	7092.0415	-969.1846	8.933089	5.2210226	81.05967	-10.815315	-1614.2552	2559.5957	2055.926724910736
16	21.943394	26.268812	142.34106	4.7607417	21.250874	20.11731	57.001278	3.5847785	200.0	200.0	159999	1167.9978	466.1268	6099.188	-1018.5172	1168.0151	466.06705	6113.33	-1020.12976	6.527776	4.4106693	65.27837	-10.485856	-1170.2676	1373.3802	2188.1898164749146
17	31.725925	78.607864	455.2827	4.5010695	7.8394403	2.6039753	10.571618	4.102692	200.0	200.0	169999	797.13995	366.29535	4608.8867	-1307.1682	797.1474	366.2625	4771.347	-1291.2542	4.905934	3.9208212	60.588264	-15.01418	-798.2133	831.9888	2326.913729906082
18	23.616915	37.58415	209.08368	3.733873	49.605007	117.65613	402.56763	9.857328	200.0	200.0	179999	524.0308	293.91516	3437.4043	-1369.674	524.0317	293.90543	3553.9998	-1371.4222	3.462374	3.5241404	42.671375	-12.923555	-524.3933	466.9209	2467.7164845466614
19	12.738315	8.103971	55.055115	3.4588215	8.33017	1.947626	10.0725355	5.290431	200.0	200.0	189999	323.8532	239.24748	3136.797	-1303.1289	323.85004	239.26137	3100.3323	-1319.6776	2.105268	3.4331138	54.07333	-12.061338	-323.51425	303.63187	2606.7335765361786
20	12.399731	22.17134	165.08502	3.0870209	13.3763075	8.676438	33.62728	2.965863	200.0	200.0	199999	206.86893	207.591	3822.4634	-1257.9181	206.86269	207.59258	3829.7454	-1254.0646	2.044078	3.7442992	57.597324	-14.104811	-206.89243	354.712	2746.51393699646
21	26.945505	67.60567	364.8228	3.1647036	22.50885	20.586983	59.68434	3.2107506	200.0	200.0	209999	151.90508	196.98447	3671.687	-1167.7241	151.90172	196.99535	3603.4675	-1173.4436	2.3770738	3.7974823	55.228474	-12.9387245	-151.9438	507.6616	2883.345401287079
22	32.98395	60.451733	351.60645	2.875169	25.230253	24.51394	68.54901	4.6936693	200.0	200.0	219999	125.66055	190.82225	2959.6685	-1063.2715	125.65249	190.8224	2993.7979	-1033.3564	2.4542623	3.595746	49.817123	-12.501259	-125.85853	477.1795	3018.591719865799
23	30.67068	92.32731	667.5825	3.4562871	14.181677	11.803565	31.964504	4.4173417	200.0	200.0	229999	109.57038	182.15044	1979.9316	-961.5626	109.56424	182.16928	1914.8878	-955.0729	1.9687271	3.3079538	52.68473	-12.857529	-109.65651	337.00873	3154.9137954711914
24	16.936434	14.033931	86.78076	3.4816322	9.2688	5.937968	18.366291	4.4148607	200.0	200.0	239999	77.13355	158.02751	1497.3826	-901.02423	77.129585	158.0599	1483.7673	-902.8405	1.2744749	3.087481	40.62608	-13.195786	-76.88589	247.59012	3290.461339712143
25	12.120669	5.9831834	28.781088	3.541538	9.766385	3.1388922	14.618874	5.1174884	200.0	200.0	249999	45.089916	132.08336	1183.7927	-925.7773	45.08708	132.08514	1205.3534	-917.5537	0.68367285	2.9095905	34.891796	-14.11268	-44.808846	169.33847	3428.5941195487976
26	9.5323925	3.1559613	18.782059	3.8581686	7.576612	0.7941063	9.344632	6.6475916	200.0	200.0	259999	24.18833	113.13018	855.1337	-918.0904	24.18558	113.12353	846.36383	-902.14355	0.21134077	2.7357955	26.549	-13.116314	-23.875504	128.91756	3567.764727830887
27	9.9482565	3.743473	20.644564	4.7412786	8.56156	4.2889624	15.05951	4.276437	200.0	200.0	269999	14.123076	98.32778	891.97815	-879.05707	14.122137	98.337296	876.07623	-865.51465	-0.16911694	2.6524618	28.625538	-13.208839	-13.81972	110.52902	3704.3890924453735
28	11.594665	5.829197	29.409628	3.143688	9.906965	1.8680273	14.940528	8.42498	200.0	200.0	279999	10.317255	84.79522	764.09674	-822.50916	10.318271	84.79846	788.195	-830.4204	-0.46359855	2.4808176	33.17032	-11.554995	-10.03127	85.55491	3843.8415145874023
29	17.209087	20.509428	128.96419	4.0578504	8.681818	2.7667851	15.889495	5.7314324	200.0	200.0	289999	9.530165	70.823944	665.4075	-675.71344	9.531931	70.82214	669.444	-675.647	-0.73817706	2.3368914	33.116734	-11.841412	-9.273584	63.86015	3981.6480729579926
30	24.286978	76.31044	553.1102	4.1642466	7.2493377	3.1473396	11.72443	3.8539038	200.0	200.0	299999	9.253539	65.00733	795.2852	-585.32715	9.256326	65.01007	808.6082	-583.2393	-0.9937392	2.2290905	28.867664	-12.12347	-8.964229	57.75103	4117.451422691345
31	10.959215	8.189562	47.588593	3.1045632	9.5129175	3.2401702	13.809423	5.726896	200.0	200.0	309999	10.097487	60.05488	815.012	-459.63885	10.099253	60.036545	818.95215	-467.23267	-1.0830079	2.1546552	26.47266	-12.655397	-9.8746395	52.446068	4249.56059384346
32	15.010852	20.6304	151.24762	5.207523	9.114252	3.9904659	20.26579	5.918555	200.0	200.0	319999	13.772491	54.36007	765.1133	-379.94226	13.773043	54.340534	820.5674	-406.4936	-1.1765982	2.0894089	25.50539	-11.904783	-13.5645	48.9294	4383.981976032257
33	13.18406	6.9670944	40.097805	7.223597	7.822104	1.4675722	11.938927	6.383326	200.0	200.0	329999	16.174803	49.857437	757.09534	-318.24167	16.17523	49.846687	778.0198	-344.2918	-1.2192918	2.075763	24.200428	-12.525476	-16.009863	42.27296	4518.692989826202
34	13.744812	5.1858034	28.64952	7.5103426	12.172392	4.2355485	19.450735	6.9428425	200.0	200.0	339999	18.01782	48.104706	823.8147	-314.5106	18.018948	48.10004	791.8602	-321.3637	-1.2684848	2.0686316	23.161383	-12.820547	-17.884066	38.213345	4655.4642033576965
35	19.73262	18.302301	104.7044	6.2265787	7.97495	2.5071144	11.1418085	3.9753006	200.0	200.0	349999	20.451168	46.33568	663.76733	-344.82138	20.449482	46.334736	650.2779	-346.01123	-1.2999647	2.0723188	40.067192	-11.583366	-20.358946	35.072315	4793.89617228508
36	16.023008	7.4819674	40.758224	7.125566	14.347189	7.7921953	27.529972	6.782817	200.0	200.0	359999	21.369564	43.270916	583.3317	-366.67957	21.368711	43.272106	544.6224	-365.7066	-1.4834441	2.0133107	37.708282	-13.14781	-21.315653	30.241976	4932.885486364365
37	17.33794	7.7580686	37.88279	8.648139	11.26841	2.4796686	14.442414	7.6314287	200.0	200.0	369999	23.555698	41.18605	620.3644	-351.74994	23.55459	41.188663	615.5429	-341.81033	-1.5268769	2.085111	44.47816	-11.974264	-23.5663	31.658594	5071.7914934158325
38	15.466708	8.1459675	39.95277	7.1792083	9.311432	3.7786016	15.898501	5.416497	200.0	200.0	379999	25.340168	42.925373	689.1245	-350.0668	25.338642	42.94498	675.79126	-334.2646	-1.5284582	2.1481202	33.525257	-12.90613	-25.326157	35.34305	5205.8928101062775
39	14.453281	7.0951905	35.908775	6.736401	11.085785	1.4580805	13.251841	9.425244	200.0	200.0	389999	27.222544	46.044334	740.18915	-345.86182	27.220945	46.056217	721.99786	-348.618	-1.4421468	2.299555	41.405457	-12.092963	-27.221125	40.37765	5344.641732931137
40	16.348583	9.083718	51.584026	6.204047	14.792734	12.205254	51.09921	8.834565	200.0	200.0	399999	28.532673	46.337063	756.9602	-410.5286	28.531694	46.34509	738.9776	-406.64966	-1.349688	2.3915992	40.145905	-11.373725	-28.485952	44.595165	5480.7534720897675
41	21.567598	20.297985	106.3974	7.870521	12.085413	4.6610413	25.29713	9.55304	200.0	200.0	409999	25.181324	37.789783	566.5903	-463.33487	25.182852	37.784046	565.7403	-457.61526	-1.6378855	1.9627194	27.226486	-12.248665	-25.120195	31.550562	5614.771697998047
42	22.703875	46.703865	344.04013	7.5539017	13.094698	4.804028	20.767626	7.312763	200.0	200.0	419999	22.996422	33.66575	581.74426	-482.41367	22.998455	33.659107	579.4188	-488.20938	-1.7811438	1.8084875	32.544308	-11.477607	-22.989954	24.585669	5750.27120423317
43	17.174156	9.12742	51.896942	6.1245227	10.593988	4.0603814	22.513868	8.10173	200.0	200.0	429999	24.264791	33.79009	673.8811	-441.4702	24.26573	33.79178	667.15216	-432.81857	-1.8369257	1.7302262	25.637617	-10.835049	-24.30154	22.119122	5891.378331899643
44	17.828531	11.721974	57.437374	6.0270433	11.392717	5.5680594	25.590294	5.1382604	200.0	200.0	439999	26.200937	38.351406	907.6012	-432.00986	26.199587	38.359077	912.5412	-417.9131	-1.821713	1.738623	30.564411	-10.830698	-26.246632	24.324236	6026.396245241165
45	14.662188	9.133309	39.243168	6.0129066	12.038769	7.181719	31.296307	7.1999803	200.0	200.0	449999	27.346684	42.49097	959.1542	-443.96567	27.34571	42.504906	972.3705	-427.2184	-1.7584524	1.832085	26.985	-12.602652	-27.404137	27.974554	6167.070444107056
46	12.664314	10.029883	57.610764	4.0346828	8.308758	1.4156437	10.135646	5.771204	200.0	200.0	459999	27.953058	48.89005	1140.4801	-467.30502	27.951572	48.902744	1132.1884	-444.2375	-1.6810555	1.9789258	25.38848	-12.608697	-28.019804	35.47826	6304.942910432816
47	14.191131	10.427237	61.87627	4.0887685	13.975039	10.700724	29.306824	4.1516123	200.0	200.0	469999	28.56256	55.310547	1155.4528	-476.19403	28.561136	55.329678	1168.505	-470.37772	-1.4426693	2.185918	34.068317	-13.034377	-28.603325	48.970146	6444.425468206406
48	43.628014	113.27374	698.48663	7.4264016	10.523412	2.0453033	15.05954	8.188721	200.0	200.0	479999	25.80035	56.552357	1107.1498	-562.2722	25.798828	56.552284	1115.6444	-565.9153	-1.4469923	2.193146	33.397633	-11.777424	-25.757746	53.193237	6573.7142498493195
49	47.521206	167.32141	1195.9906	4.3709164	8.799708	3.1953583	18.164005	6.7773795	200.0	200.0	489999	20.27697	57.639038	1282.0336	-672.1679	20.27601	57.652687	1301.7876	-658.5142	-1.4297578	2.0566907	33.1155	-10.882076	-20.164896	51.00995	6705.944897890091
50	32.541424	88.77827	601.4316	4.694144	8.549954	0.60247827	10.132704	7.874383	200.0	200.0	499999	15.434334	59.33007	1124.089	-759.94073	15.435139	59.34423	1082.2943	-795.2851	-1.4166837	2.0324426	34.855434	-11.537568	-15.305943	47.64648	6841.223324298859
51	15.257171	6.724049	30.153713	4.2136827	21.552298	10.156323	33.08805	6.509159	200.0	200.0	509999	14.094391	59.626266	1491.2083	-794.8063	14.095292	59.634884	1450.4744	-806.2447	-1.4376734	2.027316	35.75426	-13.074142	-13.997085	46.5999	6977.377855062485
52	16.756315	20.018663	148.02982	2.2784104	8.112765	1.3837168	12.089717	6.8356915	200.0	200.0	519999	13.990318	60.571945	1507.3878	-807.7795	13.990583	60.581947	1428.8467	-792.5233	-1.3790048	2.0953047	28.724358	-11.608917	-13.886119	49.06225	7118.146170377731
53	19.288122	26.655422	192.8003	7.5956793	11.336229	6.4668446	25.238195	4.588418	200.0	200.0	529999	16.146873	59.941902	1831.4442	-776.08185	16.146227	59.94667	1942.5981	-755.74	-1.313241	2.1115248	33.408974	-12.837465	-16.062006	57.46966	7251.855916500092
54	28.708454	83.17282	596.0534	5.343527	9.528873	1.9535747	12.918791	6.209517	200.0	200.0	539999	16.325987	62.833317	1811.2078	-729.9825	16.325386	62.83197	1796.7197	-897.8929	-1.3055487	2.127188	28.53454	-12.215333	-16.174988	64.38474	7382.286562919617
55	15.871849	14.08964	83.33263	3.2169626	9.70025	1.6844603	11.713213	5.6028237	200.0	200.0	549999	14.316553	65.83058	1092.6681	-770.3343	14.31639	65.835655	1121.8766	-825.76526	-1.2859232	2.2099576	30.46359	-14.331493	-14.165778	67.435074	7522.181066274643
56	34.632362	109.81663	795.1685	4.5794644	8.785537	1.8793705	13.780104	6.1135845	200.0	200.0	559999	12.496187	67.68712	1043.8525	-807.4042	12.497301	67.68094	956.7542	-855.80884	-1.2504134	2.1517818	30.227627	-13.3601265	-12.305031	63.429558	7656.539743185043
57	16.01916	8.609443	44.52775	6.389894	15.324702	16.767117	61.032795	5.912545	200.0	200.0	569999	10.780827	69.509834	706.1671	-911.2187	10.780362	69.521065	700.5525	-945.2485	-1.2916837	2.084699	32.890526	-11.771807	-10.558838	62.855545	7790.008723258972
58	15.072875	6.76122	38.946995	6.7031574	11.552061	3.4260156	17.03977	7.9965196	200.0	200.0	579999	8.360038	69.60637	764.28265	-962.75714	8.360487	69.60801	777.4715	-935.2526	-1.3559114	2.0487287	33.471405	-12.461205	-8.121057	58.048492	7925.451323270798
59	34.348675	126.10328	914.7005	5.9980764	16.176132	9.611007	34.990875	8.786998	200.0	200.0	589999	6.6812453	70.534584	777.7085	-1003.26306	6.682683	70.52799	804.4141	-1052.5267	-1.314757	2.0601883	29.28629	-13.583427	-6.456217	58.30162	8058.437416315079
60	17.237486	7.9308167	38.85414	8.265908	26.22894	11.991598	39.24795	8.552125	200.0	200.0	599999	5.9414263	71.22776	811.2058	-945.97784	5.943042	71.225006	790.8141	-949.6961	-1.3378437	2.020043	28.85598	-12.412244	-5.7318635	54.804924	8191.171003818512
61	15.797408	8.39643	65.52062	8.543308	14.689554	11.23164	47.563156	8.318513	200.0	200.0	609999	6.6407905	71.608284	765.6146	-942.99286	6.641554	71.59959	764.37897	-1003.9646	-1.334526	2.025905	30.648804	-13.103355	-6.45936	52.924873	8329.56425833702
62	21.163147	12.453552	60.20994	7.9940386	11.981879	4.3711877	17.073141	6.83695	200.0	200.0	619999	8.891698	70.72861	741.14813	-869.37946	8.891222	70.71775	727.8851	-897.7968	-1.3132452	2.0132418	32.361275	-13.16567	-8.735445	53.355167	8463.607126235962
63	19.628548	12.70298	87.05819	7.6795816	10.238055	1.6547977	13.918912	8.574859	200.0	200.0	629999	10.973613	70.36017	709.832	-864.73694	10.973848	70.353905	719.6152	-868.5852	-1.3050067	1.9883372	31.61337	-12.4320755	-10.841189	51.007267	8597.18854880333
64	23.426132	20.088976	145.63141	6.992185	23.152958	18.78403	58.81306	9.977012	200.0	200.0	639999	13.360106	68.59358	732.47736	-844.43585	13.361671	68.58648	700.0728	-906.86365	-1.3272557	2.0090342	24.445396	-12.594216	-13.2439785	52.5695	8731.728740215302
65	20.741493	20.403753	150.4337	7.9415083	17.706745	9.624094	35.476025	9.378086	200.0	200.0	649999	15.383738	66.89317	749.01447	-867.3309	15.383584	66.89162	751.4654	-861.71375	-1.3448597	1.966589	26.536364	-13.78475	-15.264275	51.019966	8872.407219648361
66	20.073772	18.631195	131.82031	8.320929	19.249308	9.784851	38.220467	10.352676	200.0	200.0	659999	16.702715	65.98477	726.4386	-866.0266	16.705261	65.97777	745.7401	-876.8402	-1.347036	1.9965763	26.798044	-12.430913	-16.608793	49.789246	9009.856653690338
67	16.649755	7.911004	35.62902	6.929376	15.72012	11.569411	39.783676	8.392522	200.0	200.0	669999	16.647799	66.15256	779.2891	-900.539	16.648163	66.139626	778.56055	-933.5017	-1.3532766	1.9832565	27.286972	-11.171767	-16.542429	50.585476	9144.570722818375
68	17.417505	11.113324	73.05253	5.7599177	13.43059	1.7496704	15.313624	10.505095	200.0	200.0	679999	17.094406	66.56831	777.2301	-873.69794	17.095634	66.557396	773.2471	-894.06305	-1.3597927	1.9724381	23.668657	-11.395552	-16.984797	50.370304	9281.23479604721
69	18.502811	8.084769	42.05511	8.580679	32.656597	22.25464	64.76713	8.699394	200.0	200.0	689999	17.64035	67.79752	799.89777	-848.1174	17.640972	67.78705	770.44617	-857.71844	-1.3559775	1.9724542	28.189333	-15.045113	-17.510859	51.75457	9413.38637137413
70	16.377394	7.207635	41.49227	8.95708	13.84243	9.689326	42.718567	9.071495	200.0	200.0	699999	17.176931	67.9245	757.5329	-844.2818	17.17829	67.9105	748.2896	-902.4814	-1.3726075	1.9278507	21.908676	-12.079538	-17.04096	48.512463	9549.827834129333
71	16.39998	7.6738296	56.708015	8.0669985	15.269338	6.20611	33.525978	10.170635	200.0	200.0	709999	16.581757	67.31107	760.34344	-873.44727	16.582544	67.30732	754.70605	-864.5275	-1.4040171	1.9390162	26.402065	-11.526931	-16.431429	49.776756	9686.881963968277
72	22.038063	46.70756	345.88803	7.7777586	20.691833	13.887795	41.778606	9.305467	200.0	200.0	719999	16.0458	66.79967	852.36993	-853.42114	16.047049	66.79201	859.59143	-872.6816	-1.3890413	1.9612266	24.351727	-13.899672	-15.925897	54.071358	9822.9787068367
73	17.53808	8.450403	48.40051	7.9634376	11.088396	1.7561318	14.072398	8.807246	200.0	200.0	729999	15.264813	66.680954	830.0671	-872.51184	15.264608	66.67177	855.67413	-866.7038	-1.451222	1.9001439	25.826471	-11.952744	-15.112506	51.427914	9955.669463634491
74	14.864231	5.242061	30.347282	8.102849	12.055777	2.6478887	16.470743	7.7902756	200.0	200.0	739999	15.189049	65.764175	788.3634	-871.8764	15.189621	65.74558	807.23	-855.6541	-1.4536157	1.9311235	26.366417	-11.847379	-15.062969	49.750244	10097.954871416092
75	14.80623	6.565833	34.804153	7.4033337	9.351873	2.990094	12.742799	5.6266418	200.0	200.0	749999	15.565891	65.471054	869.5666	-844.9825	15.568507	65.454666	861.2724	-829.16656	-1.4467386	1.929895	26.194641	-11.637499	-15.4524145	51.485718	10233.552693605423
76	14.667193	5.485205	34.172043	7.5825458	12.278049	1.4253731	13.01206	8.060961	200.0	200.0	759999	16.0461	66.735085	1002.8179	-864.75946	16.046692	66.71982	979.5693	-846.2838	-1.4346999	2.0495248	30.335386	-10.41682	-15.9218645	54.91047	10369.78938794136
77	16.209396	5.9829235	32.13513	7.969362	18.81635	10.20355	49.41026	14.995648	200.0	200.0	769999	15.909089	67.145294	938.14844	-852.04016	15.911566	67.14108	931.993	-846.59143	-1.285305	2.25748	27.148897	-13.494457	-15.780272	55.89044	10501.066141605377
78	47.684845	210.65921	1512.1528	6.9802914	10.860441	2.0380821	13.937844	8.278515	200.0	200.0	779999	16.544483	67.481224	815.74066	-854.6242	16.545721	67.47306	854.44037	-864.2506	-1.3606248	2.0898705	29.384027	-12.051068	-16.425365	55.31289	10635.589728832245
79	17.825993	20.650845	156.47783	8.001559	10.160794	0.31360343	10.463224	9.692293	200.0	200.0	789999	18.096537	68.23207	830.2238	-938.8068	18.09672	68.22629	830.5401	-893.40936	-1.3401245	2.0726159	29.345432	-13.414626	-18.032654	55.941807	10770.768295288086
80	16.73783	7.4667993	41.72361	7.0139694	14.298197	3.961995	21.499899	9.35488	200.0	200.0	799999	18.683598	67.815056	882.38495	-892.84106	18.684765	67.80231	902.7945	-913.2975	-1.4096066	1.9714566	25.34617	-11.665657	-18.586166	55.171024	10909.831033945084
81	16.636805	13.439044	102.54295	6.955771	9.865239	2.0550003	12.359625	6.4226894	200.0	200.0	809999	19.02424	67.07826	843.7945	-911.1041	19.024652	67.07094	841.70654	-906.6681	-1.3314078	2.1247911	29.301027	-13.049526	-18.952354	50.82174	11047.636572122574
82	16.849953	7.5374293	48.753033	9.252318	13.658427	2.8811245	18.62158	9.82764	200.0	200.0	819999	19.0766	66.33096	827.3727	-904.72723	19.076574	66.32425	810.0417	-933.7786	-1.3991277	2.0230634	32.134014	-13.151976	-18.993298	47.8042	11186.141671419144
83	16.008312	8.708885	43.987553	5.3710327	17.223003	8.050909	38.019314	10.83825	200.0	200.0	829999	19.221207	66.4827	1159.1415	-921.89026	19.223993	66.46925	1178.6099	-909.07196	-1.4446471	1.9544506	32.99132	-10.990263	-19.151876	53.26878	11321.005671262741
84	15.63085	5.4569116	32.705593	6.6451488	14.201849	2.1724055	17.64709	11.29401	200.0	200.0	839999	19.172447	65.50228	1165.6793	-895.9663	19.17286	65.48694	1148.0791	-898.43866	-1.4582665	1.9511659	27.731163	-11.708934	-19.121895	49.70755	11451.800351142883
85	42.6394	173.3159	1254.9427	8.91476	11.717927	4.0248966	22.27894	8.583458	200.0	200.0	849999	19.118664	63.858162	1074.2806	-893.93866	19.119656	63.8563	1049.3905	-904.7075	-1.4611757	1.9048121	27.889238	-12.729607	-19.072197	49.002495	11587.172458171844
86	17.392115	9.178882	45.927647	6.989383	18.15559	4.3704276	26.157837	14.9661665	200.0	200.0	859999	20.104326	62.561382	1283.7821	-916.44495	20.103151	62.551914	1258.1433	-921.0567	-1.4432815	1.9665936	32.08007	-12.155914	-20.063461	46.01668	11724.367018699646
87	28.16196	64.33384	474.90875	8.992414	20.798346	13.734109	40.105198	8.955004	200.0	200.0	869999	20.284424	61.09172	1178.6293	-917.7732	20.285254	61.079746	1203.0944	-896.4336	-1.4911397	1.9313145	24.055023	-11.556081	-20.235703	44.24252	11864.093859434128
88	18.321095	7.9533563	46.58387	7.691518	22.005741	10.630622	43.250866	13.836217	200.0	200.0	879999	20.108456	60.892944	1048.1442	-908.2773	20.109163	60.885284	1080.2601	-917.58295	-1.536502	1.8516939	26.37394	-11.990303	-20.050726	41.009346	12000.633219718933
89	16.486946	7.3726397	38.058895	6.5743756	15.404714	6.0284805	31.07513	11.419521	200.0	200.0	889999	20.402287	60.63142	755.0335	-951.4969	20.401428	60.620594	752.9339	-954.3478	-1.518457	1.8757746	21.600178	-12.203633	-20.358488	39.400757	12133.447939395905
90	17.37315	6.8892775	34.68203	2.6395915	9.231264	2.1339839	13.239786	7.4417834	200.0	200.0	899999	20.534435	61.801464	617.6567	-933.5418	20.53437	61.79826	621.5954	-981.3538	-1.576358	1.8457072	25.360159	-10.89905	-20.503521	40.556526	12267.955688714981
91	18.717146	8.3894825	54.790745	9.233952	10.971086	3.013588	14.637906	7.2480016	200.0	200.0	909999	21.447098	60.450817	625.44305	-908.78534	21.447083	60.445904	637.3574	-871.8451	-1.5371023	1.8486769	25.392467	-12.492666	-21.42036	40.24348	12408.907586336136
92	16.383675	6.8463755	35.172977	7.3432198	9.625642	1.5440445	12.834502	7.320577	200.0	200.0	919999	21.616524	59.050213	596.2313	-878.6593	21.617199	59.051323	601.81665	-869.5881	-1.5630437	1.8431765	24.947216	-11.147986	-21.588428	37.378674	12544.603454113007
93	14.403614	5.7544646	31.43322	6.289571	9.732001	1.2298634	11.934613	7.652289	200.0	200.0	929999	21.818438	57.70193	561.12506	-875.2776	21.817638	57.70094	582.7962	-858.7596	-1.6039194	1.8035393	24.275713	-12.057222	-21.816658	34.94277	12682.024916172028
94	14.970498	5.3912554	34.77898	6.966648	14.922516	3.4277875	20.667023	9.410966	200.0	200.0	939999	22.85589	57.01831	671.45044	-856.09344	22.856705	57.01624	624.76465	-845.47314	-1.6093409	1.8123853	26.416462	-13.499361	-22.853382	37.56803	12814.551396131516
95	17.130108	6.9674754	40.86622	7.588239	11.472285	1.722332	12.984647	7.410657	200.0	200.0	949999	23.152506	56.217094	729.05066	-852.91693	23.15173	56.21472	722.44775	-839.41	-1.588232	1.878193	28.523941	-10.921167	-23.149858	37.098324	12952.967469453812
96	21.082369	17.308634	99.61407	8.401255	24.965046	15.634693	40.71986	7.3420534	200.0	200.0	959999	22.913239	55.930954	879.13763	-838.7174	22.914022	55.929646	868.708	-822.6654	-1.582987	1.8971725	30.3524	-14.13795	-22.898355	41.673508	13093.905579328537
97	17.248583	7.87043	42.084576	6.9170866	21.677984	7.8703494	28.355331	9.045039	200.0	200.0	969999	22.795296	55.822132	861.84564	-858.92566	22.795216	55.821495	890.50507	-856.76984	-1.597447	1.8761307	28.127783	-12.198145	-22.804203	34.74873	13230.630070447922
98	20.604233	10.033082	50.630157	8.900905	24.756622	17.079985	46.14311	9.269476	200.0	200.0	979999	24.122488	56.090717	721.72845	-864.0849	24.122053	56.08938	765.90424	-850.74774	-1.5758587	1.9554001	29.03063	-11.156923	-24.159538	35.716026	13362.680609464645
99	17.587057	7.6203775	38.266582	9.292151	21.525019	25.416191	72.235016	6.19796	200.0	200.0	989999	25.116903	56.633327	753.4094	-902.02594	25.117342	56.625736	736.2346	-920.9717	-1.4961932	2.1718652	30.498709	-13.921938	-25.135002	36.100567	13500.518959999084
100	18.876423	9.278057	45.161488	8.217785	12.261843	2.7507334	16.020527	9.081827	200.0	200.0	999999	26.673262	57.183952	766.9871	-911.6224	26.673084	57.188892	825.95667	-870.67535	-1.4738345	1.993284	33.996864	-12.078642	-26.676378	38.690952	13638.99720954895
101	18.495417	8.763899	42.75732	8.232946	14.807071	12.04404	49.49778	6.771373	200.0	200.0	1009999	27.003963	56.28351	753.33264	-868.2971	27.00415	56.281193	776.37085	-836.4495	-1.5307243	1.9105294	24.797085	-11.721468	-27.00045	37.278084	13776.463479995728
102	18.868639	10.129487	56.55655	8.0766945	13.705994	2.9710507	20.14853	11.027103	200.0	200.0	1019999	26.310736	55.502377	611.718	-854.3305	26.312162	55.489105	630.56885	-830.73364	-1.6200058	1.7904041	29.790228	-12.658392	-26.32481	34.591896	13913.265705108643
103	20.485912	10.45211	53.325424	7.194291	22.481657	14.145664	45.641594	9.36886	200.0	200.0	1029999	26.821379	54.208027	671.3568	-882.0201	26.821756	54.200256	673.2279	-856.0387	-1.6367776	1.7626575	26.989275	-11.867323	-26.83936	32.68381	14051.754477500916
104	19.307718	10.2387295	47.16374	8.154033	21.516981	15.085253	54.39592	8.551564	200.0	200.0	1039999	26.741653	52.938496	452.0776	-875.7136	26.741766	52.93509	440.05014	-866.6138	-1.6836114	1.7274506	25.669704	-12.173102	-26.758482	29.742123	14187.948580265045
105	23.8338	9.498341	48.15761	8.553927	20.174177	12.223376	35.894688	9.265226	200.0	200.0	1049999	26.726622	52.969036	669.534	-899.17554	26.727377	52.955627	649.63446	-881.08606	-1.6985877	1.7223483	30.563938	-13.398476	-26.768991	29.668188	14322.38182258606
106	18.273308	8.272599	36.890156	6.6220055	14.91409	4.5964994	20.295507	7.646039	200.0	200.0	1059999	27.184008	53.531628	691.9656	-924.5539	27.185263	53.51875	690.2959	-928.5006	-1.7188603	1.719128	26.493345	-11.990051	-27.225313	30.09678	14459.798551559448
107	19.483501	8.629753	48.365765	8.1608515	24.718956	15.04675	44.668285	8.811614	200.0	200.0	1069999	27.109678	53.42227	670.0282	-881.5091	27.10981	53.419823	642.711	-896.3229	-1.7318189	1.7380139	24.72726	-11.518802	-27.138863	28.843143	14594.017539024353
108	19.711449	9.77225	46.080402	7.895801	26.061798	11.288671	36.97514	10.542554	200.0	200.0	1079999	27.519836	53.228886	631.8351	-858.9412	27.521051	53.218353	580.986	-878.62286	-1.7543762	1.7233287	22.35444	-11.620436	-27.56675	28.601362	14736.725870609283
109	32.516735	104.63523	762.851	7.579546	28.445934	13.761323	40.154343	7.790146	200.0	200.0	1089999	28.288319	52.663784	633.6692	-849.4967	28.288822	52.657776	610.6772	-833.9295	-1.7028776	1.8118571	41.978302	-12.359829	-28.357515	31.502193	14871.808406591415
110	38.612766	100.84908	619.08386	5.9569716	23.925968	14.585049	45.270798	8.8098545	200.0	200.0	1099999	29.36119	50.35065	631.45953	-880.2626	29.360552	50.347706	579.1495	-881.0267	-1.7445581	1.7353433	23.173018	-12.582492	-29.405113	29.931974	15004.875357866287
111	19.23582	9.184205	44.815376	3.5801919	10.956977	1.6147506	13.9531145	9.370818	200.0	200.0	1109999	29.606886	45.1878	504.58502	-904.605	29.607635	45.178806	485.5347	-862.4706	-1.7818258	1.7028832	22.50383	-10.031229	-29.664478	25.428032	15138.122900009155
112	17.348696	9.806617	69.934875	7.319959	27.544836	17.152197	45.34956	6.678688	200.0	200.0	1119999	29.694593	42.7519	504.5345	-934.3503	29.694494	42.74788	520.29224	-958.08203	-1.8528965	1.6236771	22.306543	-12.402082	-29.745722	24.717726	15276.609892606735
113	15.862119	7.4769154	49.20363	8.415798	11.546405	13.59615	51.04235	3.4450507	200.0	200.0	1129999	29.81695	41.36753	552.2088	-981.4232	29.816578	41.37057	547.7298	-951.9605	-1.8697159	1.6060404	25.424513	-12.729343	-29.882973	23.040096	15414.856432676315
114	16.602942	7.6116652	38.5485	8.482328	12.993451	6.564907	30.87585	5.784096	200.0	200.0	1139999	29.840008	39.89493	534.6535	-1101.9362	29.839302	39.892784	519.7782	-1065.1113	-1.9099851	1.5805439	31.356306	-12.894888	-29.914206	22.303871	15547.44292974472
115	18.16787	13.081696	74.750694	4.0234027	9.076918	2.4436285	15.099299	6.8341618	200.0	200.0	1149999	29.985985	37.81231	636.8219	-1110.3195	29.98601	37.808426	626.8784	-1095.0264	-1.9275244	1.5691948	29.950274	-14.717857	-30.05827	20.830421	15689.097656965256
116	20.744898	34.824203	260.54337	7.6123395	10.881899	5.944021	17.965214	3.5217233	200.0	200.0	1159999	30.208536	36.656254	724.92816	-1111.6736	30.209139	36.64663	711.64655	-1068.5363	-1.9751287	1.5132691	36.389874	-13.836706	-30.274216	19.101057	15827.40919995308
117	15.784693	7.1302724	37.855564	8.075398	24.390324	16.523613	54.9057	9.28244	200.0	200.0	1169999	30.725473	36.104855	727.6432	-1183.7588	30.725674	36.105152	717.6209	-1204.5153	-1.9924163	1.4813069	29.849781	-11.343171	-30.822218	17.945705	15963.458601474762
118	17.348463	7.3254886	33.605045	4.00037	10.232053	3.5377305	13.917896	6.008213	200.0	200.0	1179999	31.626509	35.426075	707.9882	-1245.2118	31.625969	35.425907	717.5994	-1259.9923	-2.037597	1.468806	22.628952	-10.878125	-31.72813	16.622389	16096.700539588928
119	18.219427	8.283502	38.08633	4.7572637	9.482119	3.7345269	13.81173	4.2116857	200.0	200.0	1189999	32.57078	34.365032	712.36414	-1321.1428	32.570164	34.360397	723.8299	-1333.798	-2.0114424	1.5287076	37.751076	-11.251646	-32.68825	15.522519	16229.252526283264
120	20.574326	9.973151	43.553143	4.375861	11.700564	10.976803	40.68968	3.3137653	200.0	200.0	1199999	33.387184	34.30524	651.1667	-1381.806	33.387955	34.298126	657.5473	-1361.938	-2.0405724	1.4194419	28.460083	-13.649422	-33.506374	14.623719	16368.392341852188
121	19.814953	9.192686	51.641438	4.9443913	8.081179	4.0059233	13.964416	4.844493	200.0	200.0	1209999	34.20854	35.184525	670.3645	-1438.4003	34.20844	35.176037	674.63696	-1410.8876	-1.9975451	1.4902644	23.233587	-11.628723	-34.33802	15.407217	16504.05746126175
122	20.04288	13.729856	85.097305	3.905488	13.521837	9.534025	33.73107	4.6694303	200.0	200.0	1219999	35.542027	34.744503	714.2768	-1483.263	35.54168	34.740524	700.5704	-1463.5754	-1.9941325	1.4642897	24.91901	-10.831236	-35.671387	15.3242235	16638.068717479706
123	28.28549	73.16405	535.1861	3.4707987	15.360327	10.617903	34.785122	5.7406583	200.0	200.0	1229999	36.35962	32.593124	856.1796	-1351.0311	36.35945	32.58627	864.09076	-1352.1091	-2.055248	1.3942515	24.692554	-12.011697	-36.48288	14.567951	16778.629967212677
124	42.49142	146.11331	1057.6156	8.058717	24.49435	9.659324	32.61314	9.878965	200.0	200.0	1239999	36.67513	33.427742	967.45557	-1317.9972	36.67521	33.420666	924.8257	-1285.9404	-2.0358791	1.4353536	26.205374	-9.820815	-36.789482	15.42895	16914.657534360886
125	18.001524	9.420296	44.090267	7.6014266	27.947641	14.687565	40.14132	9.771223	200.0	200.0	1249999	36.910885	34.52961	1012.05493	-1281.7788	36.910965	34.53925	1006.82477	-1274.2902	-2.010408	1.462229	34.923424	-12.763296	-37.033688	16.037367	17053.698801279068
126	25.743208	36.14745	271.1407	9.923271	20.99302	10.628436	39.797867	9.479296	200.0	200.0	1259999	37.021027	35.996414	1051.4431	-1330.8624	37.02085	36.005978	1066.569	-1284.0273	-2.0172646	1.4340801	33.283485	-12.191754	-37.132156	16.248388	17194.41518521309
127	35.330975	78.83021	518.4175	5.6288085	22.765741	12.183687	42.385406	10.874446	200.0	200.0	1269999	36.43267	35.213394	939.6821	-1420.1243	36.43235	35.20632	949.87195	-1408.5355	-2.046677	1.3922172	30.168282	-11.156207	-36.548836	15.792293	17333.575746297836
128	40.67602	136.14061	984.5296	5.143316	17.59072	9.431819	31.710838	9.304285	200.0	200.0	1279999	35.803787	33.891598	946.26843	-1404.6359	35.803272	33.892933	957.4791	-1407.6272	-2.0824049	1.3662951	23.47726	-11.362627	-35.907303	14.562297	17473.813707590103
129	28.98789	59.003765	436.874	6.0548835	16.095383	7.3041434	30.216848	7.67536	200.0	200.0	1289999	35.11504	32.699234	800.17377	-1440.0062	35.114635	32.69534	800.9153	-1416.2347	-2.1163604	1.3282214	28.715857	-12.586894	-35.22387	13.518285	17610.771616220474
130	34.82058	90.00926	659.9107	7.748463	15.04764	9.389403	30.696903	6.9190474	200.0	200.0	1299999	35.793415	33.15514	807.5875	-1420.4532	35.794254	33.1485	825.15106	-1422.9498	-2.075799	1.3902674	29.908096	-13.753912	-35.92431	13.857632	17747.620386600494
131	51.384014	153.9091	966.3752	8.927173	19.795181	10.998398	34.795414	9.426767	200.0	200.0	1309999	36.86616	32.99554	872.89996	-1260.7189	36.86663	32.992615	937.2205	-1303.3024	-2.0744722	1.4088639	24.143988	-10.939205	-37.000904	14.62865	17884.287439107895
132	57.498253	143.67894	802.0193	7.7726064	13.288382	5.945428	30.887344	10.645143	200.0	200.0	1319999	37.403885	31.34718	927.0865	-1219.8931	37.403263	31.353086	931.8273	-1216.8955	-2.084802	1.3637484	25.91353	-11.069874	-37.530888	14.616788	18024.51545357704
133	31.148117	80.252686	590.18	9.420996	20.997066	12.393068	37.152134	7.4967637	200.0	200.0	1329999	37.638046	30.517994	890.11835	-1182.1786	37.63706	30.513891	883.1224	-1171.7069	-2.1183376	1.3262506	33.582794	-13.247528	-37.77694	13.364867	18155.40313100815
134	50.3384	144.70554	976.2031	9.522458	17.103064	9.41806	36.641163	10.652974	200.0	200.0	1339999	37.76113	30.322826	818.8931	-1174.561	37.761326	30.324121	830.452	-1172.541	-2.110632	1.3459184	26.29116	-11.273366	-37.90808	12.854985	18292.838832855225
135	108.60232	296.01178	1238.1375	7.6415067	34.338936	8.575357	38.578663	9.019282	200.0	200.0	1349999	38.61961	30.889109	668.35065	-1047.5475	38.62022	30.885439	693.7979	-1033.984	-2.0939367	1.3848761	33.13346	-11.468933	-38.763508	14.421145	18428.787228107452
136	21.487085	9.236997	41.809685	3.7290711	12.729213	0.72844696	13.727915	11.963683	200.0	200.0	1359999	39.76173	31.250278	711.901	-1028.2684	39.761715	31.250002	706.07983	-1038.5629	-2.0664957	1.4413583	25.161247	-15.439269	-39.91077	15.09	18564.736907958984
137	22.349052	11.114637	44.504524	7.269895	18.378986	9.379486	44.945114	11.559951	200.0	200.0	1369999	40.225742	31.734097	776.58673	-877.6427	40.225056	31.749136	763.8381	-915.5814	-2.0466504	1.4562052	27.844028	-11.386444	-40.36483	17.445261	18700.022356510162
138	21.614563	17.226864	113.638626	6.4626994	23.204758	11.626828	35.179783	9.4083805	200.0	200.0	1379999	40.979122	33.072777	797.7598	-795.99603	40.979507	33.066204	790.96985	-850.803	-2.012521	1.492001	28.178343	-10.669254	-41.127644	17.339952	18835.596829891205
139	27.496956	51.04424	374.56506	7.8177724	26.628992	16.233677	47.753403	12.436433	200.0	200.0	1389999	40.95485	33.52146	798.6852	-837.0826	40.95434	33.518345	802.9273	-842.8129	-2.0384107	1.4698243	29.934362	-12.773701	-41.099762	16.840847	18974.70266342163
140	55.818104	160.65605	1085.4987	8.185912	22.465551	14.777646	46.578506	9.00066	200.0	200.0	1399999	40.657337	33.565372	814.9646	-884.01385	40.656548	33.57207	817.8961	-925.27386	-2.0353847	1.4773631	28.664234	-11.370245	-40.7911	17.633085	19111.028026103973
141	23.108292	9.561156	44.522614	8.445087	20.225262	15.453067	39.88295	5.8854604	200.0	200.0	1409999	40.7042	34.37919	884.31586	-866.0741	40.704666	34.37544	862.4237	-885.82434	-2.009836	1.5030283	28.935268	-11.568949	-40.842743	17.181744	19253.093823432922
142	65.62839	222.29485	1184.651	8.481084	21.45274	10.397295	31.593882	7.712689	200.0	200.0	1419999	41.135998	33.81792	923.2084	-834.86	41.136284	33.80844	970.527	-827.92017	-2.0081053	1.4860353	25.128136	-10.885844	-41.27762	16.299326	19385.49299287796
143	39.564533	90.81407	490.40735	4.4507995	26.335766	11.070438	39.19779	9.960529	200.0	200.0	1429999	41.048832	33.707397	969.4417	-730.5596	41.049793	33.703487	999.68646	-763.00616	-2.014972	1.4621898	23.018938	-13.56381	-41.18233	17.548641	19519.55866408348
144	56.958675	184.40202	1230.7328	8.02024	16.377998	7.602787	27.753614	7.4930487	200.0	200.0	1439999	41.577557	35.62747	926.01385	-725.2184	41.578712	35.619614	940.6685	-771.75757	-1.9760432	1.5400862	27.58625	-11.139608	-41.722736	19.493324	19656.33517098427
145	56.050045	192.5812	1362.2874	6.8221774	21.180769	8.2156105	30.996525	9.382212	200.0	200.0	1449999	42.488415	36.14777	929.41644	-819.72766	42.4875	36.149338	925.6289	-821.68274	-1.9792098	1.5537031	23.541494	-11.170219	-42.637398	19.14812	19790.236350774765
146	72.59749	170.32744	988.28754	8.581392	13.818646	4.7510366	24.450474	10.186397	200.0	200.0	1459999	42.561314	36.57889	882.81537	-971.2808	42.5609	36.57832	889.85004	-941.21155	-1.9928637	1.5479527	24.609684	-11.31185	-42.683655	19.600397	19927.699877023697
147	39.65548	116.259544	849.59174	8.525431	19.459982	11.914459	37.387897	9.826533	200.0	200.0	1469999	42.2966	35.532288	792.68524	-976.6077	42.296406	35.532913	804.4696	-975.5738	-1.9377823	1.5565948	29.558613	-12.664038	-42.434017	20.151234	20062.307738542557
148	31.047932	61.55948	439.24554	9.791773	12.945513	2.7946956	17.209185	8.950072	200.0	200.0	1479999	42.63714	35.244305	914.2333	-919.3921	42.637466	35.24533	920.73193	-910.4471	-1.9456465	1.5929028	28.501793	-10.462572	-42.78317	18.720829	20197.363264799118
149	46.270706	106.517914	646.10333	7.595916	28.344019	16.519228	49.778084	9.562487	200.0	200.0	1489999	43.22939	36.77743	876.41614	-990.87476	43.22949	36.769802	849.0177	-988.07	-1.9563485	1.595241	30.388672	-12.3747225	-43.371925	18.440075	20335.806731939316
150	45.60545	140.6847	1021.23	8.727393	32.723156	14.79931	48.502213	9.930561	200.0	200.0	1499999	43.79846	36.647602	761.0457	-1101.7026	43.79834	36.64356	764.7963	-1069.3466	-1.9290388	1.570667	23.953182	-12.229275	-43.946194	18.86667	20471.629809379578
151	35.685047	66.1679	492.55588	8.251748	16.8919	9.736586	32.794525	10.280983	200.0	200.0	1509999	44.046658	35.995705	697.9674	-1064.9344	44.04822	35.98808	696.7015	-1085.7146	-1.9513812	1.5555464	25.119358	-11.284858	-44.19765	18.112486	20610.08272600174
152	61.16959	201.68054	1411.8588	8.387411	34.04555	9.804817	42.981445	11.267289	200.0	200.0	1519999	44.42392	38.67017	647.7497	-1085.018	44.423763	38.65999	649.86224	-1093.0165	-1.9275867	1.6240509	30.932728	-10.332388	-44.57746	20.098253	20748.454146385193
153	48.33287	146.01952	1059.7449	9.238511	26.678173	20.70561	53.56527	8.953448	200.0	200.0	1529999	44.68825	39.551582	586.96686	-1031.3766	44.689754	39.545723	606.9694	-1067.8203	-1.9254729	1.5876448	26.448524	-10.27956	-44.81716	21.06915	20884.112256526947
154	47.592945	178.89114	1298.3948	5.5264454	24.943491	25.770922	76.406334	8.887712	200.0	200.0	1539999	44.5303	39.01541	582.40234	-679.8231	44.53117	39.001804	596.92865	-660.9181	-1.8985659	1.5950289	24.356552	-11.869402	-44.65974	22.329802	21024.103571414948
155	44.21887	150.14264	1084.2148	8.899961	9.421044	0.86868113	10.390554	8.324634	200.0	200.0	1549999	43.994453	36.778805	604.3115	-703.09503	43.994595	36.782486	592.7264	-686.38745	-1.9486524	1.5697691	27.46002	-15.582638	-44.12024	20.749702	21168.112164735794
156	105.90741	301.39108	1509.866	7.8058925	19.997194	18.184052	56.330784	10.162913	200.0	200.0	1559999	44.02196	36.236305	626.4649	-727.4368	44.02186	36.22817	624.6774	-714.11584	-1.964458	1.5811297	24.52744	-11.682846	-44.153587	21.305372	21313.021867275238
157	25.272034	17.118742	101.73439	8.484341	41.441265	13.32929	50.04796	14.84903	200.0	200.0	1569999	45.204193	36.68845	636.449	-496.03897	45.20477	36.685326	630.4234	-485.94122	-1.9513087	1.5984243	27.90649	-11.942003	-45.359974	21.103806	21447.00532722473
158	25.691866	27.56664	202.50174	7.7687078	29.071527	18.976196	52.057148	9.876429	200.0	200.0	1579999	46.3738	38.251457	680.5678	-490.6127	46.373608	38.246716	670.4545	-489.52994	-1.9532424	1.5947865	25.032608	-10.580272	-46.532574	21.876284	21585.956729650497
159	71.91091	243.71767	1378.5914	7.2271442	29.892935	17.522087	50.74001	11.450139	200.0	200.0	1589999	46.88347	39.74662	723.09595	-493.5872	46.882755	39.742325	709.21545	-470.33374	-1.9469371	1.6196179	25.547087	-12.08849	-47.040783	22.38615	21719.92069554329
160	73.58101	226.61949	1178.4941	4.929358	37.503735	20.23062	63.460686	15.814892	200.0	200.0	1599999	47.86241	43.156063	710.1257	-588.9397	47.861984	43.151653	708.2024	-568.1332	-1.9274155	1.6832211	22.330433	-12.449166	-48.021557	24.03911	21853.61216402054
161	56.11225	148.41426	1018.87213	8.169425	11.422464	2.05218	15.954048	9.409382	200.0	200.0	1609999	49.115196	47.060307	749.471	-570.47266	49.11584	47.063534	753.7943	-575.45935	-1.9131635	1.6958346	26.043081	-14.403406	-49.263023	25.88481	21989.661019563675
162	28.091904	44.5136	283.65237	8.195972	23.14863	17.249378	56.87874	7.8123903	200.0	200.0	1619999	49.37455	50.223095	758.6119	-588.8666	49.37425	50.224117	751.8937	-594.4278	-1.8943708	1.717514	27.673573	-11.480074	-49.508755	28.516373	22126.042130470276
163	95.319824	242.26431	1312.2046	7.681918	17.66959	7.5967507	28.528746	10.361328	200.0	200.0	1629999	50.267235	53.65398	718.038	-602.76666	50.26785	53.654568	762.7113	-610.1358	-1.815214	1.8043504	28.45111	-13.373121	-50.420444	32.251675	22265.540097236633
164	49.943707	190.46742	1377.3616	6.246054	17.590021	7.586775	25.805952	9.318535	200.0	200.0	1639999	50.738213	53.99276	731.2723	-619.03955	50.73904	53.99599	740.016	-590.54126	-1.7922584	1.8159136	21.663864	-10.490253	-50.890205	32.728092	22403.573274374008
165	40.005695	63.829933	332.16534	9.017997	24.442871	14.930718	43.219517	9.783689	200.0	200.0	1649999	51.234486	54.724915	701.61835	-641.54376	51.235928	54.727444	683.3166	-641.24927	-1.8268054	1.7896127	23.709436	-15.20627	-51.358917	33.70998	22541.201416015625
166	45.140182	109.74932	727.0198	6.524036	22.46892	11.711435	34.960472	9.1094885	200.0	200.0	1659999	49.960922	54.310066	743.59503	-729.8581	49.962093	54.31184	723.74255	-732.853	-1.8498896	1.7610692	27.526474	-11.094054	-50.062	33.49239	22677.89120578766
167	49.71486	156.45938	1115.928	8.184056	25.532124	13.88042	46.74575	11.933152	200.0	200.0	1669999	49.4817	56.10388	696.9479	-988.882	49.4819	56.098392	704.0236	-1002.05664	-1.7887474	1.8114054	36.288948	-13.318098	-49.571583	37.025143	22810.849866867065
168	42.243202	132.75998	959.32275	7.069018	29.192347	6.9983997	38.21408	15.671292	200.0	200.0	1679999	49.290325	58.27826	715.4458	-1103.0718	49.2912	58.277657	712.4154	-1069.3265	-1.7636093	1.7955024	24.273909	-11.689607	-49.37403	38.15899	22949.1246509552
169	26.222816	50.39013	371.2939	6.69752	52.564068	59.810917	143.86133	6.8723955	200.0	200.0	1689999	48.625893	58.437496	699.14575	-1216.9935	48.626274	58.436417	696.93036	-1166.2435	-1.7904233	1.7918584	24.421303	-13.091683	-48.708874	37.997112	23087.306420087814
170	29.3041	51.12686	339.36395	6.224356	13.11113	5.7690306	29.973871	8.778238	200.0	200.0	1699999	47.944996	56.622894	655.9194	-1034.8691	47.947063	56.61466	717.16797	-1043.9973	-1.8202015	1.7924309	39.604824	-13.856598	-48.01725	36.30349	23221.704179763794
171	18.676363	7.6022844	39.071514	2.7136183	7.434198	3.0032861	13.626471	5.064812	200.0	200.0	1709999	47.077995	55.212727	726.3626	-936.735	47.079357	55.218384	736.394	-963.6708	-1.8242393	1.7760564	51.631252	-11.852678	-47.150227	35.851906	23359.511630773544
172	46.37332	181.50891	1314.109	4.452006	19.10673	10.738846	41.708355	12.332631	200.0	200.0	1719999	46.082283	54.335808	640.9354	-933.5253	46.082767	54.33145	627.74133	-943.9318	-1.8454493	1.7583458	32.135838	-11.298744	-46.145493	36.39082	23495.467559576035
173	56.64783	140.43109	972.3979	9.402699	22.504505	22.414183	86.07507	11.048647	200.0	200.0	1729999	45.513435	52.722588	608.22986	-971.013	45.513084	52.72279	619.4184	-1040.3972	-1.8178953	1.7806224	28.961056	-14.756052	-45.606506	35.33673	23628.81650209427
174	33.68802	34.890465	197.7074	7.5089054	13.878389	7.331752	35.75359	9.824937	200.0	200.0	1739999	46.961903	55.36034	614.0672	-1017.2481	46.96452	55.34947	610.1252	-1060.2936	-1.8361875	1.7974703	33.188587	-11.7025	-47.053814	35.408607	23763.996324539185
175	25.087534	19.379612	132.26207	9.059225	14.10578	8.936232	39.854225	7.2057505	200.0	200.0	1749999	47.50425	55.43572	609.4361	-1079.5426	47.504333	55.437275	615.17395	-1115.9089	-1.7923669	1.8252134	31.170006	-14.464138	-47.596	38.76903	23901.094416856766
176	27.166044	51.069954	378.03268	7.359187	24.39421	17.269564	41.66174	6.4916935	200.0	200.0	1759999	47.456	56.53048	629.13324	-1163.5961	47.458965	56.521328	608.48126	-1180.1392	-1.8410006	1.7990798	32.78283	-13.548266	-47.512333	40.753033	24039.96477174759
177	57.8705	160.93918	1043.2982	7.974888	23.888283	11.567885	37.651432	10.506683	200.0	200.0	1769999	47.055977	56.6218	667.07916	-1203.0256	47.055763	56.626408	659.4622	-1231.9224	-1.7706095	1.8246318	39.271465	-12.671755	-47.126175	40.613743	24181.07944750786
178	22.282045	26.410614	188.93796	6.2527	16.891443	8.926575	37.328278	9.763922	200.0	200.0	1779999	46.151596	55.244633	643.2699	-1272.1973	46.15123	55.242798	646.2741	-1319.4486	-1.8897529	1.7078528	30.60558	-11.758116	-46.18291	38.637005	24315.479266405106
179	55.25875	152.81416	1010.2075	7.060849	16.35323	5.36464	26.071203	11.055003	200.0	200.0	1789999	45.10964	53.93689	723.053	-1219.419	45.108986	53.94884	736.7482	-1238.0356	-1.8329513	1.7765371	41.385735	-11.290892	-45.173187	37.616688	24445.594172000885
180	59.123756	167.10347	978.74194	6.254419	21.632906	13.272703	38.892647	10.164741	200.0	200.0	1799999	44.77937	53.31192	641.4311	-1246.7401	44.77883	53.31626	646.3636	-1243.6033	-1.8579439	1.7704206	39.456753	-14.000978	-44.85393	33.299862	24581.420311927795
181	67.37437	230.48485	1286.1223	8.550792	13.009819	5.602336	29.637985	10.370543	200.0	200.0	1809999	45.82572	54.184437	765.6679	-1265.2406	45.825504	54.18614	764.82135	-1272.6515	-1.8301573	1.801023	30.477036	-12.026823	-45.897686	35.617554	24719.85090112686
182	30.34056	65.19761	480.5291	6.365717	34.62735	18.061214	60.52363	10.319077	200.0	200.0	1819999	45.55621	53.3815	790.24	-1296.6139	45.55568	53.38488	802.39325	-1280.022	-1.8791201	1.7701943	32.518448	-11.184217	-45.59656	36.325817	24856.51919555664
183	46.653038	168.10974	1221.356	7.0313396	36.858795	10.738917	47.87925	12.484148	200.0	200.0	1829999	44.447334	54.66472	930.70575	-1419.8823	44.447166	54.66197	922.8407	-1435.9198	-1.8446784	1.8251704	31.640476	-11.72781	-44.48761	38.489258	24994.41169500351
184	29.534851	54.564865	406.1446	8.333758	20.632166	12.234441	50.941547	11.833876	200.0	200.0	1839999	43.619972	56.155857	960.4955	-1470.9891	43.62066	56.156857	948.52344	-1467.2526	-1.8482664	1.8071824	31.925915	-12.440242	-43.65427	38.97265	25124.980887413025
185	51.232265	161.11766	1128.847	5.4166007	13.004164	4.213309	25.252945	10.62953	200.0	200.0	1849999	43.674744	55.56761	970.25037	-1428.8103	43.6757	55.563328	987.9156	-1394.7518	-1.8333262	1.8058085	29.509556	-13.199463	-43.73007	41.145527	25262.4384868145
186	59.77045	201.24664	1271.0377	6.351282	10.119272	1.3035051	11.576751	7.7476964	200.0	200.0	1859999	44.249786	55.86957	1009.3749	-1331.9365	44.249687	55.864643	1021.0884	-1327.3541	-1.8015903	1.7869776	25.330069	-11.443617	-44.308563	39.47666	25398.185175418854
187	89.252304	261.4143	1350.9908	9.330488	24.888956	39.885853	143.49564	8.779768	200.0	200.0	1869999	44.845943	57.68876	997.4998	-1352.9818	44.847046	57.680172	1028.663	-1345.5868	-1.7917103	1.8499722	28.505438	-11.476926	-44.89282	42.474903	25538.126963853836
188	24.744719	12.6216	69.13995	9.443434	29.014587	32.099773	120.944214	10.297092	200.0	200.0	1879999	45.007965	59.4546	929.95874	-1226.1045	45.007965	59.453033	956.3265	-1248.4618	-1.80937	1.8530722	26.037878	-13.24836	-45.037926	45.351883	25674.835267543793
189	23.165491	8.847528	49.062176	8.991025	14.106349	2.1410136	16.625278	10.33042	200.0	200.0	1889999	44.28221	60.539993	943.0279	-1213.6979	44.282017	60.525234	944.3064	-1206.8881	-1.7811617	1.8670641	33.575516	-11.108553	-44.321384	47.433178	25811.900195121765
190	124.73252	306.90668	1468.4622	8.242082	11.139517	3.6413906	16.949236	5.9222765	200.0	200.0	1899999	45.32327	64.99181	882.451	-1268.1976	45.323616	64.98142	932.79425	-1289.7146	-1.7674706	1.9227903	33.494705	-12.581106	-45.357586	53.068592	25952.965576410294
191	67.800644	228.97049	1247.289	8.354555	62.282604	57.143013	132.09274	8.987261	200.0	200.0	1909999	45.79047	66.48487	727.36096	-1289.2373	45.790417	66.47186	723.9167	-1291.2388	-1.74441	1.9628274	33.216545	-11.211311	-45.83501	53.537273	26089.54811501503
192	47.405098	181.4357	1314.9784	7.600541	24.1258	8.017298	31.39541	11.627396	200.0	200.0	1919999	46.432014	66.71357	750.599	-1336.6196	46.43187	66.70788	771.4461	-1374.7754	-1.7346228	1.9094578	27.932571	-11.41016	-46.464046	53.168663	26227.07989215851
193	57.400284	176.5217	1110.0416	8.160673	23.686663	9.941278	35.180683	10.465398	200.0	200.0	1929999	46.695927	68.51168	744.56946	-1308.6631	46.696007	68.50145	741.3984	-1295.5636	-1.6775982	2.0012956	29.251026	-10.676987	-46.750973	54.819176	26362.14725446701
194	61.901962	192.96536	1329.7449	7.399589	13.333254	1.4693621	14.778385	10.694524	200.0	200.0	1939999	48.83562	73.063995	791.7182	-1282.954	48.837036	73.05708	800.1849	-1309.2217	-1.6922778	1.988215	28.798454	-12.124865	-48.89537	59.93334	26503.376107931137
195	19.923492	8.733292	41.587696	6.713261	19.186703	9.752861	45.209194	10.617326	200.0	200.0	1949999	49.23743	74.93415	903.0947	-1313.4126	49.23532	74.936516	896.27014	-1301.7605	-1.7094742	2.0091827	33.505646	-12.460874	-49.28033	59.252625	26638.900599956512
196	66.96254	202.0108	1178.8196	6.4005	15.298128	4.2362185	19.717762	9.983618	200.0	200.0	1959999	49.415043	75.86622	891.3088	-1294.5217	49.41444	75.86276	884.5202	-1292.5917	-1.5958047	2.0369194	29.555382	-11.481117	-49.47755	61.186157	26771.394202947617
197	61.49615	199.37018	1214.8044	8.3781185	24.829546	29.846594	113.23712	9.186979	200.0	200.0	1969999	50.839153	79.219505	875.37384	-1284.0707	50.839012	79.21639	907.4058	-1325.2283	-1.6471173	2.107984	35.341797	-14.387814	-50.87812	65.17221	26904.72629213333
198	95.274025	302.2637	1305.6918	7.021444	16.992008	10.565966	32.543194	6.680361	200.0	200.0	1979999	51.567005	79.80705	956.56854	-1324.4943	51.56658	79.81158	930.1291	-1325.1034	-1.661753	2.0653791	37.27872	-13.526851	-51.621307	63.125988	27037.693601846695
199	88.63959	255.22328	1303.9976	5.3023095	15.303388	9.602679	29.835173	7.58388	200.0	200.0	1989999	51.90314	79.73782	1120.2885	-1136.5421	51.90428	79.73924	1134.1227	-1223.6777	-1.643504	2.0911164	38.203552	-11.129925	-51.92285	68.18899	27170.53578233719
200	77.280525	184.89262	1169.0248	8.624153	28.61578	47.56248	170.75868	7.8209767	200.0	200.0	1999999	51.65344	77.83736	1300.3801	-1066.967	51.65424	77.85018	1425.6678	-1114.294	-1.5850376	2.152796	31.151184	-11.027623	-51.698673	67.47455	27305.44084763527
201	49.84188	201.09067	1456.0991	6.62513	37.45816	27.72798	78.749146	11.108623	200.0	200.0	2009999	51.03392	77.13981	1337.0787	-1168.0632	51.036804	77.1538	1403.2743	-1292.293	-1.6994895	2.0423253	30.493458	-13.681752	-51.037224	66.12353	27444.047104358673
202	102.841385	308.2422	1579.3378	6.642039	14.262654	7.3449545	34.81198	7.906339	200.0	200.0	2019999	49.594315	75.7354	1507.4014	-1145.9075	49.59659	75.739815	1543.2806	-1240.1594	-1.6585288	2.065647	33.63305	-11.8601265	-49.598305	68.89175	27577.273762226105
203	93.813644	268.5682	1321.4285	7.2250237	21.529392	16.763973	52.954258	7.179673	200.0	200.0	2029999	49.212425	74.79411	1625.363	-1161.3127	49.21335	74.80905	1668.5934	-1215.488	-1.6164912	2.0764146	34.62406	-11.418442	-49.216892	69.24006	27714.79958677292
204	80.945564	214.99202	1365.4247	8.470733	21.287855	3.9862363	29.086725	17.000212	200.0	200.0	2039999	50.798275	76.93778	1600.1288	-1233.5466	50.800472	76.92079	1596.2158	-1205.798	-1.6336241	2.1529653	34.80009	-11.24991	-50.824062	75.63019	27852.363766670227
205	192.51082	422.0391	1501.1238	4.6870995	14.466766	14.716582	43.752632	5.5759406	200.0	200.0	2049999	51.307335	79.60438	1419.599	-1187.8121	51.306797	79.598946	1384.4764	-1233.4519	-1.6207281	2.0951636	34.516216	-10.918396	-51.301212	73.60121	27987.50714278221
206	66.66274	214.37857	1455.4963	3.7216706	49.305355	29.116062	76.9319	8.639117	200.0	200.0	2059999	52.526085	86.89634	1334.3528	-1307.2123	52.52815	86.88499	1358.3954	-1321.5934	-1.5494465	2.253252	33.936153	-10.871291	-52.553574	79.68399	28121.490537405014
207	55.165928	213.51009	1535.6885	6.268547	12.518559	2.5371196	15.238491	9.449621	200.0	200.0	2069999	52.50873	90.934555	1443.7766	-1339.215	52.50644	90.91959	1491.3496	-1368.8193	-1.537944	2.224724	32.973343	-11.100832	-52.47613	88.283356	28258.966466665268
208	26.224947	19.241518	116.14569	9.498196	44.72654	39.268482	151.5711	11.112303	200.0	200.0	2079999	51.923172	91.849686	1411.7954	-1497.7589	51.927006	91.841805	1486.9852	-1489.7482	-1.474588	2.2322915	36.947727	-11.08678	-51.886925	95.47027	28399.967571020126
209	82.784454	236.95935	1398.3864	6.886188	26.311451	15.747006	47.868446	9.962397	200.0	200.0	2089999	52.186844	91.14052	1391.3202	-1439.2528	52.187576	91.14264	1399.1815	-1407.8209	-1.4536699	2.284565	46.012753	-11.190043	-52.16148	95.58815	28538.494878292084
210	75.65816	233.8364	1280.8964	8.852585	42.712364	35.0169	107.83246	10.46425	200.0	200.0	2099999	52.90777	90.082924	1319.3887	-1366.2817	52.91013	90.07598	1330.5381	-1379.6298	-1.4789382	2.3581963	53.298763	-11.531517	-52.881863	101.96517	28669.437163591385
211	52.765255	102.19186	453.22476	8.640469	31.966095	17.857548	52.898186	11.57407	200.0	200.0	2109999	52.69014	90.03598	1456.7448	-1397.1606	52.69172	90.027306	1465.1284	-1340.8883	-1.4866943	2.299986	47.19009	-11.29575	-52.62723	100.86928	28806.39117026329
212	33.567123	49.579815	316.47025	8.506397	15.764325	7.972708	31.010328	8.82162	200.0	200.0	2119999	51.508514	87.82317	1271.2565	-1342.1252	51.509514	87.82202	1281.0674	-1263.6698	-1.4443998	2.2787619	35.414383	-12.94011	-51.44902	91.84821	28944.5052754879
213	73.25475	235.13123	1524.4684	2.3973522	25.433506	14.509244	42.783455	10.691716	200.0	200.0	2129999	50.529243	86.82412	939.03467	-1290.2958	50.529747	86.817825	925.36475	-1272.4321	-1.5047386	2.2415326	42.29645	-14.714517	-50.45151	97.07427	29083.489179611206
214	69.04373	192.89789	1022.1447	5.6086664	11.206406	1.5081482	13.44267	8.454813	200.0	200.0	2139999	51.16979	87.92819	1020.3088	-1471.1251	51.16961	87.9116	1041.9706	-1450.1698	-1.437671	2.3143458	39.62524	-11.944542	-51.11144	94.75459	29225.202944517136
215	31.395754	65.6017	485.8594	7.13922	20.615814	11.248511	41.6027	9.6688175	200.0	200.0	2149999	52.51972	89.64767	1029.7971	-1707.39	52.52004	89.66347	1038.0966	-1871.0602	-1.4464673	2.3698647	35.633766	-12.633192	-52.481842	94.37996	29364.68317103386
216	103.07086	308.71414	1399.604	7.4717393	36.00959	20.77453	57.511837	10.263006	200.0	200.0	2159999	53.301826	89.92279	993.1782	-1676.5428	53.30218	89.91087	994.4351	-1706.3998	-1.4580089	2.3474815	62.948307	-11.929445	-53.2469	92.83414	29507.327110528946
217	130.9425	324.76254	1408.6166	5.441034	27.120121	11.595695	41.9635	6.9865603	200.0	200.0	2169999	53.736	89.92391	914.5876	-1608.0306	53.73806	89.91085	889.6178	-1606.7673	-1.4643828	2.3760335	51.759243	-12.788933	-53.6848	92.497314	29644.90071964264
218	157.03282	352.25613	1517.6564	5.2804646	34.970882	13.046674	45.10266	9.347197	200.0	200.0	2179999	55.348194	91.9561	969.2652	-1472.6254	55.34972	91.96015	959.8143	-1465.4518	-1.3435409	2.4296825	48.321415	-11.9197	-55.29808	96.876526	29781.423985242844
219	85.16327	249.22908	1294.7986	7.1688533	13.636737	9.147626	37.734745	4.244938	200.0	200.0	2189999	55.46798	91.71189	990.23267	-1459.5953	55.467525	91.735176	971.10785	-1445.9581	-1.3328532	2.3446708	39.15564	-12.014509	-55.37164	101.6152	29916.804583072662
220	58.218197	192.69826	1396.5195	7.630588	32.339027	19.63906	55.841064	6.6174097	200.0	200.0	2199999	55.031258	90.81639	938.9364	-1335.1339	55.03001	90.816246	948.35614	-1337.2891	-1.349314	2.3610253	48.154396	-10.598793	-54.95175	95.94612	30049.818425655365
221	89.90211	268.87198	1447.265	7.5140834	15.19132	6.3167534	22.461538	8.354199	200.0	200.0	2209999	55.136047	91.143845	871.4979	-1327.4506	55.136654	91.1457	875.90515	-1377.0063	-1.3889629	2.2992365	41.249424	-12.415264	-55.026695	98.05692	30191.342420101166
222	191.00447	414.17474	1475.7504	7.0466704	26.167028	11.03256	42.78054	13.276477	200.0	200.0	2219999	55.59234	91.49788	819.5748	-1278.87	55.591988	91.48917	830.9189	-1306.0588	-1.3730534	2.295365	37.448483	-11.718008	-55.493526	98.18746	30323.95583319664
223	105.395584	274.8914	1295.3727	8.768146	28.051758	15.808434	46.76019	7.6330724	200.0	200.0	2229999	56.36721	92.99362	790.0092	-1303.1736	56.36758	92.995415	786.8736	-1329.178	-1.350941	2.3659022	65.602844	-12.992505	-56.280895	99.75977	30458.018780231476
224	119.94161	307.78442	1439.6963	8.490079	22.90668	10.81687	45.708786	11.888271	200.0	200.0	2239999	57.599773	93.26862	764.58246	-1306.0302	57.59985	93.25985	784.6479	-1340.8702	-1.3229558	2.3458037	38.755913	-11.553459	-57.50744	100.6289	30590.576973199844
225	199.76128	419.5749	1456.5027	9.148193	41.7369	13.954979	55.92651	8.188756	200.0	200.0	2249999	59.3186	94.05884	846.66565	-1360.543	59.315853	94.06396	782.9284	-1392.9497	-1.3174093	2.3764374	36.40577	-12.131908	-59.23843	103.43973	30727.653918266296
226	51.442554	106.56822	723.6643	7.7317004	19.099583	18.295498	48.144382	3.8225508	200.0	200.0	2259999	60.77095	97.631935	911.46545	-1266.866	60.77229	97.62976	938.08685	-1290.1425	-1.256945	2.4743617	42.543907	-12.463647	-60.700264	105.03763	30868.715361833572
227	64.43851	122.853806	659.991	7.9006915	29.452993	18.599718	50.147026	10.284566	200.0	200.0	2269999	61.615498	98.75669	1016.4041	-1302.8857	61.613636	98.748634	974.44714	-1336.1146	-1.2528412	2.4397495	39.065403	-11.656358	-61.49867	108.67244	31005.86598777771
228	113.12169	274.83026	1414.3514	6.2232623	55.353992	58.54551	223.36906	16.460596	200.0	200.0	2279999	61.258408	99.47276	1135.9951	-1264.8037	61.25937	99.46446	1185.8878	-1291.4777	-1.2451919	2.4316065	54.87948	-12.278153	-61.131863	110.563065	31141.948806524277
229	116.99476	249.2345	1284.6893	8.802366	33.50425	20.29441	52.670273	8.692139	200.0	200.0	2289999	60.77964	99.52486	1387.2146	-1178.5073	60.781376	99.53172	1295.3805	-1203.5712	-1.2201337	2.4713054	53.428738	-13.247262	-60.655075	110.34735	31283.813170433044
230	90.44218	226.97783	1288.5852	10.029121	60.355915	37.63507	160.51596	9.725659	200.0	200.0	2299999	60.258022	99.74686	1117.7941	-1187.4849	60.25924	99.73996	1122.4126	-1171.9017	-1.2785761	2.4148638	44.7447	-11.411482	-60.07885	107.07049	31416.508815050125
231	84.87421	224.15472	1072.1528	7.2807693	40.14323	15.898982	56.09236	8.583991	200.0	200.0	2309999	58.63845	100.47924	942.8839	-1224.483	58.638485	100.48169	975.8378	-1281.3336	-1.2397696	2.4580915	46.63641	-11.485901	-58.475487	103.325386	31553.950835227966
232	62.69792	150.5584	826.6983	8.817256	14.41057	5.731171	24.207441	7.0484924	200.0	200.0	2319999	59.23315	101.94767	1074.8682	-1286.626	59.235134	101.928795	1053.1127	-1334.9877	-1.1858305	2.474694	40.94874	-16.015219	-59.111263	105.647415	31692.866510629654
233	27.666767	20.858828	107.34484	7.676067	31.12862	18.704485	50.53398	8.087931	200.0	200.0	2329999	60.13991	101.70944	1161.8611	-1235.2269	60.142456	101.709625	1198.4238	-1237.4738	-1.2148055	2.4012756	36.145275	-13.35084	-59.997032	103.035164	31835.755539894104
234	78.97324	149.91386	711.74084	9.567879	35.726254	22.309635	61.608685	9.92555	200.0	200.0	2339999	58.77594	98.69848	1273.614	-1148.2028	58.775627	98.69693	1256.4165	-1160.2095	-1.213886	2.409244	40.344963	-12.256264	-58.599094	105.04147	31970.017742872238
235	61.976143	159.01288	1105.1709	4.598308	26.02301	17.672321	58.207672	10.776153	200.0	200.0	2349999	58.14129	97.842735	1318.9878	-1243.876	58.142178	97.82709	1317.214	-1252.8938	-1.2041754	2.4432538	37.304466	-11.688576	-58.005543	106.93656	32103.88015627861
236	79.39203	256.15073	1420.459	5.8733006	49.23496	56.164326	158.50966	10.447146	200.0	200.0	2359999	58.466095	99.49658	1459.3265	-1213.8734	58.46504	99.49086	1440.1886	-1244.1967	-1.1575856	2.4701946	45.290848	-12.525892	-58.335476	108.73786	32240.81318283081
237	88.35835	219.12958	1415.2229	9.768725	14.886035	3.264462	20.130495	11.036805	200.0	200.0	2369999	58.686436	100.091644	1800.3715	-1252.0255	58.685818	100.08956	1783.2661	-1283.2314	-1.1926788	2.4605818	40.089172	-12.546387	-58.526955	114.46389	32381.23394060135
238	62.39313	176.05649	1275.7244	10.827732	20.5811	12.512497	40.96749	8.362981	200.0	200.0	2379999	58.812428	99.92415	1870.0393	-1193.8536	58.812374	99.92276	1883.541	-1229.3185	-1.118324	2.5400457	41.068653	-12.801838	-58.672226	110.967636	32516.872730255127
239	66.5857	182.6169	1316.5356	6.8460402	27.946054	16.361929	49.027252	10.935807	200.0	200.0	2389999	59.500263	100.4203	2295.138	-1231.581	59.500385	100.43682	2291.6458	-1273.8977	-1.0928408	2.5624528	52.17564	-13.369074	-59.37774	112.362785	32655.899401903152
240	142.63745	334.8849	1474.9154	8.500259	41.524586	75.735794	267.23874	8.644594	200.0	200.0	2399999	61.463192	103.15762	2558.2158	-1278.5223	61.46383	103.17561	2538.9138	-1263.3737	-1.0366974	2.6697326	37.201305	-12.755998	-61.342377	121.0206	32793.6187787056
241	98.49961	276.32468	1565.0951	10.106165	31.37527	14.776563	55.823368	9.913088	200.0	200.0	2409999	61.638348	103.86679	2258.4658	-1370.4448	61.63697	103.845695	2196.8857	-1367.6456	-1.1035042	2.534995	46.14521	-10.5477915	-61.472755	119.822624	32929.440111637115
242	80.87566	196.58536	1131.1782	7.7679524	28.510782	18.585886	47.61332	8.990427	200.0	200.0	2419999	61.540127	103.07699	1944.3312	-1375.065	61.54165	103.05514	1942.7635	-1366.3336	-1.1534837	2.5528255	49.434227	-11.278015	-61.392662	118.273384	33066.667325258255
243	108.543015	268.47174	1425.0233	6.931031	29.515095	26.778584	89.713066	6.337043	200.0	200.0	2429999	61.568657	105.2567	2313.8384	-1456.9425	61.568527	105.25949	2352.7322	-1486.7102	-1.1572949	2.5816042	52.957268	-12.666424	-61.402264	122.88865	33204.76471757889
244	28.524054	16.094667	82.729515	8.900709	22.262623	16.265663	63.935577	12.162205	200.0	200.0	2439999	60.5593	104.86808	2167.5835	-1531.3179	60.559643	104.87131	2206.468	-1553.1854	-1.1157284	2.549853	46.876076	-12.964926	-60.3646	117.102325	33341.034833431244
245	92.544075	248.16913	1278.3921	10.361801	33.03321	14.659531	51.89867	11.9212675	200.0	200.0	2449999	60.101303	104.444	2089.3127	-1699.8865	60.09988	104.44498	2143.7976	-1724.8174	-1.1361587	2.581655	60.291496	-13.228639	-59.930656	119.50014	33477.09659266472
246	99.03045	272.98038	1449.5762	8.919385	14.237593	1.0188407	16.097664	13.386252	200.0	200.0	2459999	59.749756	104.45555	2028.7697	-1672.3542	59.74762	104.45449	2068.4443	-1728.4225	-1.1322403	2.620804	44.444405	-11.955614	-59.542267	124.16035	33614.73192191124
247	60.28505	188.34595	1365.5408	9.155742	41.399895	17.493074	65.38343	10.4146595	200.0	200.0	2469999	59.34135	105.872665	2046.4221	-1786.4567	59.341866	105.86446	2075.9243	-1755.2795	-1.0583261	2.6280792	52.419895	-13.884701	-59.14697	125.16708	33755.75242781639
248	108.42756	286.74084	1493.399	8.427401	14.669966	5.146002	24.186121	9.551613	200.0	200.0	2479999	59.11513	108.58187	1933.8467	-1935.1348	59.1135	108.572014	1927.1931	-1933.2861	-1.0706981	2.5967472	45.950024	-13.45847	-58.866955	132.23834	33893.94625663757
249	118.58833	311.61456	1394.1063	4.232653	92.20565	112.64692	315.72983	16.942043	200.0	200.0	2489999	59.325775	109.68537	1635.7491	-1896.7869	59.326862	109.667336	1677.3583	-1927.2893	-0.9346378	2.6819623	51.538067	-13.010078	-59.144	141.95609	34030.289927482605
250	70.225	191.08609	1185.5579	7.2329044	33.713573	17.16331	49.181576	10.326631	200.0	200.0	2499999	59.842518	111.458855	1460.9353	-2102.6938	59.842335	111.430855	1466.8934	-2125.2056	-0.8803182	2.6947145	45.286102	-12.698682	-59.649776	140.3579	34162.74704480171
251	105.21185	260.787	1424.8431	10.10168	45.187565	34.60916	131.25655	12.110993	200.0	200.0	2509999	58.881195	111.40377	1678.9788	-2165.8855	58.87862	111.38789	1663.559	-2133.7737	-0.93188995	2.6857283	46.564594	-14.420927	-58.645306	137.99565	34298.582018613815
252	114.341835	287.59106	1444.4889	8.051281	18.197449	5.338666	29.07637	10.924291	200.0	200.0	2519999	57.762497	112.01459	1999.4187	-2242.2222	57.762352	112.01922	1910.5131	-2289.089	-0.9126318	2.6421783	46.25776	-12.46102	-57.5455	143.70164	34434.940839767456
253	170.28627	352.99985	1274.1364	9.870833	36.993134	28.638134	112.61304	5.661628	200.0	200.0	2529999	57.625233	113.322426	2580.826	-2429.3245	57.625763	113.3272	2598.146	-2356.662	-0.893499	2.680662	56.29917	-16.130314	-57.416336	147.49852	34575.8474214077
254	75.24244	197.27599	1355.6188	9.928213	20.77676	8.839569	40.1875	7.533487	200.0	200.0	2539999	58.441967	117.80376	2937.816	-2594.8171	58.440052	117.824356	2866.7566	-2583.9934	-0.93923324	2.7177527	36.778477	-12.701803	-58.231544	159.34026	34712.23532986641
255	161.00992	378.43402	1522.852	7.6113763	21.350794	11.95983	47.212498	10.335827	200.0	200.0	2549999	60.143936	123.313255	3085.0684	-2796.1758	60.144703	123.32624	3080.5073	-2709.416	-0.7891007	2.7833097	52.724457	-12.539154	-59.96515	177.17998	34848.79272913933
256	126.01311	304.9381	1355.0292	9.547667	25.962902	15.624821	44.925694	9.374487	200.0	200.0	2559999	61.184677	123.43167	2942.8853	-2807.7368	61.1848	123.42224	2913.7556	-2842.4578	-0.8450922	2.773824	57.581367	-15.032161	-60.964783	171.39418	34985.31743812561
257	57.244396	123.42325	796.75183	7.8690143	24.84973	15.840582	45.557373	11.269201	200.0	200.0	2569999	58.832977	121.19727	2483.5208	-2867.5574	58.83259	121.19615	2597.03	-2794.912	-0.85669124	2.8135824	42.71343	-13.015815	-58.583088	167.93214	35126.951599121094
258	48.68982	89.91425	568.6419	9.7471695	22.870275	19.954811	66.85696	9.628886	200.0	200.0	2579999	58.113564	118.54128	1946.3407	-2812.925	58.114853	118.53079	1974.52	-2838.1594	-0.86366427	2.7085807	42.88618	-14.458348	-57.857876	161.4346	35263.84206986427
259	85.09248	223.224	1285.0889	9.024016	12.197997	9.477742	39.8125	7.1106944	200.0	200.0	2589999	56.199837	115.263466	1838.5227	-2792.9553	56.20205	115.237	1748.0134	-2838.1394	-0.88122	2.6799564	46.23421	-10.990733	-55.91414	169.68936	35396.8482530117
260	146.34439	377.80917	1503.066	7.3551183	31.830566	17.992527	53.187416	10.01647	200.0	200.0	2599999	55.570484	112.74858	1280.7311	-2720.7888	55.57235	112.73683	1431.2683	-2811.4094	-0.8620977	2.6988144	45.72581	-12.701488	-55.339783	157.42093	35530.92303776741
261	111.998886	284.9952	1311.4277	9.543371	43.34576	60.509346	164.2396	8.182756	200.0	200.0	2609999	56.386803	112.12224	1569.3507	-2593.8853	56.388973	112.10678	1604.5786	-2624.7534	-0.9047666	2.6759663	44.133656	-12.244478	-56.1237	164.3164	35668.85807752609
262	137.47595	342.02832	1417.6794	7.4673567	17.972843	6.5293202	29.087784	7.7966447	200.0	200.0	2619999	56.091488	112.48138	1682.0525	-2624.589	56.092663	112.471504	1828.8444	-2782.8643	-0.85346	2.6394718	38.706375	-11.763697	-55.822475	157.525	35805.24229192734
263	133.40044	323.8716	1403.2217	7.904818	33.831936	18.951105	53.14718	10.798382	200.0	200.0	2629999	55.513374	111.14662	1566.8898	-2638.7122	55.514942	111.1327	1628.1243	-2656.5872	-0.84349614	2.6453686	44.336166	-14.144512	-55.25383	157.73203	35939.34134864807
264	112.962425	271.8952	1232.5201	8.506916	35.40883	28.210625	79.29421	8.024174	200.0	200.0	2639999	57.05621	114.32601	1550.5448	-2692.3928	57.057922	114.30623	1525.1001	-2658.5986	-0.8495904	2.667621	36.85066	-10.935086	-56.785725	161.58202	36074.895263671875
265	109.44859	294.13632	1535.6339	8.547208	46.87094	35.26248	107.23976	9.33302	200.0	200.0	2649999	58.022343	115.76535	664.4329	-2540.322	58.024925	115.742516	654.6543	-2557.293	-0.84609556	2.6375642	48.761734	-13.679829	-57.772408	162.83293	36212.61097288132
266	42.441227	75.04067	546.50586	9.019538	21.930037	12.441123	39.44598	5.1542497	200.0	200.0	2659999	59.710377	117.11855	842.3444	-2530.2222	59.71045	117.09614	800.1785	-2512.2463	-0.90515417	2.638617	52.191235	-12.443612	-59.45093	164.54012	36350.0755109787
267	100.9127	297.36386	1398.3955	9.030434	63.713177	81.065056	223.00282	6.940225	200.0	200.0	2669999	60.736874	116.09962	752.49335	-2419.5706	60.739304	116.084656	784.4563	-2389.357	-0.9131123	2.6610367	40.61413	-14.055029	-60.4568	167.95184	36483.005187511444
268	88.918205	216.41548	1337.6545	10.418118	34.60926	9.105497	48.92927	18.977053	200.0	200.0	2679999	60.39297	116.38046	860.16504	-2383.628	60.392853	116.35885	835.6682	-2395.0203	-0.886514	2.7138371	40.629196	-12.118043	-60.091892	163.85997	36619.36448383331
269	92.12218	253.64552	1274.3738	5.5499253	36.409332	23.613522	66.723465	7.12367	200.0	200.0	2689999	60.407166	116.59528	853.9102	-2354.6755	60.40977	116.592674	962.55457	-2330.7612	-0.87639105	2.717101	39.16489	-12.706518	-60.118713	169.2802	36750.22542953491
270	61.18271	167.21353	1198.1136	8.136305	55.448143	42.964302	105.50251	11.514688	200.0	200.0	2699999	61.35825	113.5333	810.4551	-2245.1506	61.358425	113.52032	827.9921	-2368.9375	-0.7779241	2.7357278	40.67632	-12.286417	-61.11648	162.22375	36889.48784947395
271	136.30592	305.26483	1401.0709	7.4236746	45.30261	17.65698	60.156357	10.979215	200.0	200.0	2709999	62.62531	111.86968	858.8784	-2000.064	62.62708	111.84883	862.73895	-2036.4806	-0.8170625	2.742254	46.23192	-12.672783	-62.35634	157.28407	37026.43376111984
272	41.124287	28.376501	208.24281	11.4546795	18.671137	5.72566	30.660166	12.800544	200.0	200.0	2719999	62.9085	110.574814	970.87897	-1937.0807	62.910084	110.55133	944.07336	-2008.0288	-0.8869786	2.6803033	54.441998	-14.194664	-62.61104	157.47104	37165.66644883156
273	85.30925	222.46248	1147.6879	9.738051	29.98177	17.189358	48.403008	8.466356	200.0	200.0	2729999	62.776913	108.53992	904.6928	-1802.0116	62.77955	108.51237	891.22174	-1868.5878	-0.8335041	2.758145	41.171333	-13.278723	-62.50837	158.49554	37304.049595594406
274	93.905174	235.57863	1409.1332	9.778417	14.651591	7.927765	29.998705	7.108334	200.0	200.0	2739999	63.864147	108.55111	876.96014	-1723.2227	63.86674	108.53341	879.45825	-1699.9565	-0.8252247	2.7122443	42.090103	-11.138897	-63.580444	154.85698	37441.62092876434
275	151.43013	329.5915	1345.8478	8.468972	20.394978	12.952801	44.404804	7.415492	200.0	200.0	2749999	61.192608	108.90916	934.42773	-1598.4039	61.193333	108.88744	931.3415	-1610.379	-0.8889261	2.6450622	40.935753	-12.538099	-60.808525	155.32657	37576.60025048256
276	71.41404	123.07931	560.4324	10.026714	26.29922	22.68221	58.59037	6.3224654	200.0	200.0	2759999	58.386345	110.74305	1021.54706	-1602.202	58.386417	110.731316	1036.9036	-1651.6951	-0.8158626	2.6512184	40.262558	-13.785023	-58.066154	147.87997	37713.77926778793
277	28.241385	13.273285	55.22833	10.383695	11.959745	2.454388	19.318886	11.029346	200.0	200.0	2769999	58.798183	112.953186	1081.5183	-1762.4418	58.800552	112.91818	1084.3223	-1785.7777	-0.84728324	2.7011466	31.69706	-12.679284	-58.462227	151.90352	37851.79451537132
278	118.66055	307.6553	1444.0416	9.7702	21.7557	15.912814	53.94459	10.306278	200.0	200.0	2779999	59.857906	113.6775	1071.477	-1875.8477	59.858494	113.6639	1074.1802	-1893.7063	-0.9010077	2.7153542	38.23921	-11.524329	-59.579742	148.833	37986.60996246338
279	123.58085	277.96432	1303.9011	7.269232	23.88224	14.8266	58.743954	10.2019615	200.0	200.0	2789999	60.426105	114.933334	1047.2753	-1974.2404	60.426907	114.91747	1053.6964	-2012.8635	-0.8913688	2.7279606	43.121674	-11.669027	-60.117245	155.64665	38122.1990480423
280	102.5149	265.73334	1240.5879	6.954519	34.318054	13.032052	47.560207	12.365272	200.0	200.0	2799999	60.08186	115.0763	1028.4108	-2043.8665	60.082497	115.04991	1020.9617	-2080.0889	-0.93000555	2.7383096	73.588745	-12.905586	-59.748333	158.2603	38256.73646521568
281	175.49768	349.50024	1467.3829	10.630201	40.74981	61.667244	219.5592	10.482207	200.0	200.0	2809999	59.9989	116.02728	977.6048	-2183.3333	60.002945	115.996376	993.4288	-2189.7817	-0.8876593	2.7536652	57.264282	-11.291696	-59.685867	157.64238	38392.89593219757
282	87.46377	232.29778	1162.3103	7.391919	45.156303	21.831068	75.157234	9.0255375	200.0	200.0	2819999	60.07359	119.771065	897.5883	-2244.0012	60.073948	119.75483	930.75134	-2283.5942	-0.8755509	2.8004618	46.21548	-12.882978	-59.706367	168.71785	38531.501500844955
283	56.702198	186.55661	1356.3629	4.198197	30.529922	18.72017	49.35346	8.907548	200.0	200.0	2829999	59.25934	120.4414	841.6504	-2334.8293	59.26169	120.418106	892.8118	-2357.616	-0.8410647	2.7318401	42.09424	-13.379038	-58.88435	170.76636	38665.82449245453
284	81.54991	203.96034	1109.6877	7.6696215	20.889614	13.050134	45.671227	7.56811	200.0	200.0	2839999	59.824886	120.3352	1125.0007	-2364.1758	59.824677	120.3086	1145.2781	-2405.7058	-0.8166999	2.746139	40.957638	-11.634422	-59.474133	174.64183	38800.24263906479
285	115.600685	265.52844	1394.908	7.477848	25.667643	18.32087	62.730675	8.383345	200.0	200.0	2849999	59.30257	118.38421	1150.8873	-2460.475	59.302505	118.36557	1205.4	-2486.1377	-0.7697676	2.8075933	45.031143	-14.011956	-58.919643	176.78741	38932.78503918648
286	182.51239	367.6817	1426.6304	8.469817	48.61132	55.58236	159.20724	11.173303	200.0	200.0	2859999	59.35771	120.23737	964.7439	-2466.57	59.35858	120.217995	990.02893	-2484.1128	-0.8235449	2.7460082	49.138397	-13.448184	-58.960705	183.974	39068.96089172363
287	98.50943	279.53775	1427.8486	4.8534575	44.460068	17.737698	60.254356	17.620663	200.0	200.0	2869999	59.414974	120.38485	903.6195	-2349.0688	59.414993	120.36861	950.70166	-2383.724	-0.8673648	2.6666667	49.043484	-15.589776	-58.987804	174.95187	39203.59681367874
288	94.35163	223.72774	1102.1278	7.241456	31.523138	18.219948	57.19727	12.787849	200.0	200.0	2879999	59.275833	118.039314	791.561	-2276.0654	59.279247	118.02145	816.57056	-2298.559	-0.846813	2.6870334	53.76815	-12.32972	-58.927937	168.50856	39344.269323349
289	179.50746	391.21606	1471.1661	6.005859	25.919931	19.623184	56.057785	6.136439	200.0	200.0	2889999	60.319576	115.98266	750.85144	-2275.9756	60.318855	115.97126	740.60736	-2296.6155	-0.77012235	2.7706978	42.343628	-12.377081	-59.984707	171.3216	39476.535170316696
290	57.28446	197.17767	1433.2465	5.9374	29.662878	43.77005	160.69254	10.037377	200.0	200.0	2899999	61.54964	114.38123	763.8275	-2038.9993	61.5497	114.34551	797.0965	-2017.5502	-0.81648535	2.8058105	49.55883	-12.4094925	-61.183388	168.97937	39611.33544898033
291	59.354294	180.92694	1219.7688	5.9054484	57.91886	59.165184	170.49843	7.1530914	200.0	200.0	2909999	61.70216	113.55892	807.5896	-1919.3207	61.69972	113.53927	812.02545	-1922.7917	-0.80683476	2.710059	43.904236	-12.676811	-61.345055	167.5492	39743.325003385544
292	119.8366	317.90732	1545.8312	5.98372	43.96594	23.338419	66.93352	9.76623	200.0	200.0	2919999	63.071815	113.18384	879.05396	-1969.1061	63.072754	113.17204	850.8638	-1948.2772	-0.81472903	2.7443154	41.130028	-13.594479	-62.73228	161.2118	39878.033734083176
293	91.37338	274.04007	1477.9865	7.580341	40.75727	43.144005	162.8256	6.039059	200.0	200.0	2929999	63.2368	112.7591	1024.4435	-1983.1868	63.238827	112.726364	986.0488	-1972.0281	-0.7761539	2.7513592	44.93969	-12.695362	-62.853386	176.73567	40018.77326631546
294	78.0853	192.56334	1139.2733	5.8588724	45.17184	25.285297	69.58314	6.5318594	200.0	200.0	2939999	63.988205	113.76656	1051.3363	-1915.5703	63.988777	113.74093	1033.0161	-1942.5312	-0.8194419	2.8088748	42.295345	-11.563272	-63.636944	168.30963	40155.14440536499
295	88.66186	250.84477	1489.116	9.892438	68.66298	62.85292	189.38171	8.52617	200.0	200.0	2949999	64.6864	110.81843	1115.1979	-1912.69	64.68483	110.79698	1091.8704	-1846.3065	-0.78044415	2.815809	45.201267	-12.513073	-64.362465	166.97346	40288.848138809204
296	94.033066	276.8173	1463.4692	2.616742	24.195477	18.369795	57.62607	10.899595	200.0	200.0	2959999	65.54671	110.988434	1065.0802	-1826.0564	65.54724	110.97128	1052.8225	-1806.2444	-0.8282898	2.7736	50.011177	-12.565623	-65.16171	164.46707	40418.01935195923
297	88.137276	185.88956	1102.4661	3.1527905	34.1841	17.502857	58.385822	15.497951	200.0	200.0	2969999	65.47383	110.99629	1040.8593	-1734.9485	65.47584	110.98397	1032.8345	-1719.6448	-0.8204437	2.7497973	43.77344	-14.426221	-65.113785	165.21248	40553.80201625824
298	162.24327	352.54095	1389.3323	10.334393	43.164963	17.85149	57.79228	8.052084	200.0	200.0	2979999	67.00739	113.220604	907.39343	-1770.6177	67.00893	113.20549	882.3255	-1708.9464	-0.7364003	2.7935143	55.280838	-11.703506	-66.70528	158.4901	40688.13787698746
299	138.04889	341.31567	1453.3013	10.102053	47.353096	26.057344	113.64878	15.120997	200.0	200.0	2989999	68.38933	115.39055	932.72003	-1877.216	68.38951	115.367516	914.7414	-1953.8212	-0.7745359	2.8595896	50.483734	-12.097509	-68.04652	158.0815	40825.699806690216
300	110.07249	273.2483	1476.8219	9.991201	22.299314	7.4695673	35.879093	16.06785	200.0	200.0	2999999	67.73092	116.33939	925.27313	-1941.6987	67.73058	116.31423	920.48346	-2050.3547	-0.77014685	2.753372	63.763405	-11.953378	-67.35226	159.7795	40962.51651144028
