Epoch	AverageEpRet	StdEpRet	MaxEpRet	MinEpRet	AverageTestEpRet	StdTestEpRet	MaxTestEpRet	MinTestEpRet	EpLen	TestEpLen	TotalEnvInteracts	AverageQ1Vals	StdQ1Vals	MaxQ1Vals	MinQ1Vals	AverageQ2Vals	StdQ2Vals	MaxQ2Vals	MinQ2Vals	AverageLogPi	StdLogPi	MaxLogPi	MinLogPi	LossPi	LossQ	Time
1	14.10737	11.204384	73.03113	5.1137314	10.6081295	0.0	10.6081295	10.6081295	200.0	200.0	9999	12.090202	7.4566708	344.36966	-0.053006887	12.0901785	7.455178	341.40628	-0.06685653	-2.7280774	0.30509818	15.013236	-8.233475	-12.617289	0.2399643	119.78707313537598
2	12.710274	10.097251	54.900585	1.6657922	5.0557294	0.0	5.0557294	5.0557294	200.0	200.0	19999	71.96541	157.66014	13960.69	-1.0359399	71.94618	157.61101	13981.181	-1.1086168	1.755536	7.7829657	119.72305	-11.024894	-78.94008	2035.145	251.35900926589966
3	4.4743676	3.3444147	25.151424	1.9543666	2.34034	0.0	2.34034	2.34034	200.0	200.0	29999	778.01746	2030.8103	49449.04	20.64818	778.1057	2031.4207	49692.72	17.600565	20.817966	15.517001	204.77505	-14.44819	-810.2594	225314.25	386.93815207481384
4	61.299572	199.56693	976.8069	2.2661073	22.846922	0.0	22.846922	22.846922	200.0	200.0	39999	2679.787	4136.2783	75825.13	343.74542	2680.2314	4135.639	75902.24	361.71457	28.894644	19.656015	318.54602	-8.926988	-2769.725	1001778.8	524.4068455696106
5	119.653496	294.0777	1423.6825	1.8578634	19.683903	1.9073486e-06	19.683905	19.683905	200.0	200.0	49999	5517.901	4503.7285	51681.848	1055.1033	5517.6055	4503.6514	51696.19	981.3391	18.582914	12.933617	187.2817	-7.00087	-5592.4937	431538.78	657.8590989112854
6	57.183804	159.30653	1095.4254	8.9815855	8.842215	0.0	8.842215	8.842215	200.0	200.0	59999	7234.999	3862.529	35743.42	1562.2466	7234.7383	3863.0598	36104.246	1471.2577	19.866188	10.448171	158.7314	-6.2513833	-7323.6826	317009.47	795.3637433052063
7	14.44397	9.91753	67.46822	5.4559026	11.395911	0.0	11.395911	11.395911	200.0	200.0	69999	8072.832	2480.7615	28373.611	2655.5278	8072.648	2481.3704	28909.076	2642.8274	19.866182	9.983148	110.834175	-6.4191008	-8144.029	145142.4	942.6546502113342
8	20.934254	89.65148	647.5208	2.6513927	2.632812	0.0	2.632812	2.632812	200.0	200.0	79999	7389.225	1749.0969	23617.055	3956.3684	7389.12	1749.5688	23146.287	3889.638	17.680502	10.01695	149.44212	-9.677219	-7432.292	47920.402	1084.6154022216797
9	3.5082977	1.1195643	5.9412284	2.1563513	10.352179	0.0	10.352179	10.352179	200.0	200.0	89999	6380.5234	1438.7802	21375.746	4096.0474	6380.5103	1438.942	21159.117	3760.3184	15.884946	7.725061	162.10948	-9.064224	-6421.4414	25460.115	1226.7151267528534
10	8.727671	5.845149	31.19352	2.9404936	14.596738	9.536743e-07	14.596737	14.596737	200.0	200.0	99999	5316.4575	1389.636	19721.133	2979.8967	5316.4487	1389.8357	19716.072	3066.3962	14.197873	7.0331182	156.86707	-8.595709	-5343.361	21463.723	1369.9646291732788
11	17.50686	12.749886	89.39231	7.533672	11.353897	0.0	11.353897	11.353897	200.0	200.0	109999	4352.143	1438.5292	22059.59	1517.7449	4352.139	1438.5898	21225.238	1479.8346	11.452565	5.941201	111.47662	-10.088662	-4375.397	24660.162	1513.4906890392303
12	28.376867	67.11343	394.1829	6.761954	12.775078	0.0	12.775078	12.775078	200.0	200.0	119999	3482.987	1281.5458	17333.262	396.40378	3482.9905	1281.6528	17196.203	370.6384	10.713657	6.341198	118.801796	-10.850196	-3495.6553	14722.033	1662.7571930885315
13	30.016237	101.773735	738.46484	7.558536	18.131409	0.0	18.131409	18.131409	200.0	200.0	129999	2603.565	974.8563	12338.442	-228.7984	2603.5833	975.02155	12449.701	-257.09726	9.670718	5.9959145	103.743324	-9.429569	-2609.58	8436.542	1803.8447852134705
14	44.72801	93.20953	668.8541	6.667111	29.061594	1.9073486e-06	29.061596	29.061596	200.0	200.0	139999	1887.9926	731.4044	8978.391	-968.7722	1888.0077	731.50385	8975.013	-955.17145	8.884158	5.3510303	83.35017	-11.377729	-1893.2957	5469.9995	1947.077693939209
15	25.52292	21.533346	108.47715	6.326911	110.86107	7.6293945e-06	110.86108	110.86108	200.0	200.0	149999	1405.63	511.87186	7115.4688	-1517.5182	1405.645	511.87244	7232.6064	-1496.4827	7.764386	4.83219	76.99466	-11.464417	-1408.6472	3128.2107	2093.564898252487
16	20.381937	27.825966	198.4471	7.8049755	16.230076	0.0	16.230076	16.230076	200.0	200.0	159999	991.91235	401.5367	5836.7573	-1561.7509	991.9138	401.5938	5725.9136	-1564.1722	5.8262825	4.6165657	85.914925	-13.438714	-992.5854	1639.6156	2237.897307872772
17	67.551544	110.61162	728.9993	4.1082277	7.2307334	0.0	7.2307334	7.2307334	200.0	200.0	169999	696.00287	366.39316	5203.5435	-1461.1337	696.00183	366.44592	4907.1997	-1475.1274	5.1646285	4.3134117	57.97918	-13.977875	-696.4957	1345.6266	2382.029143810272
18	16.982563	17.149248	114.57829	6.209352	9.909799	0.0	9.909799	9.909799	200.0	200.0	179999	514.43616	261.53415	3803.078	-1164.1877	514.43243	261.6084	3839.2163	-1230.6138	4.8549547	3.8041644	55.395176	-14.436626	-515.78705	801.4835	2524.9266045093536
19	14.754867	7.816707	60.188057	10.356533	11.373186	9.536743e-07	11.373187	11.373187	200.0	200.0	189999	351.32324	177.61702	2240.5906	-969.07745	351.3202	177.7174	2263.4607	-964.0601	2.6392932	3.71672	48.30592	-13.83506	-351.17383	390.75854	2667.1589941978455
20	31.434126	24.031773	116.04283	3.6127045	28.511417	1.9073486e-06	28.511415	28.511415	200.0	200.0	199999	218.96298	132.00244	1484.4404	-695.1539	218.96002	132.10129	1516.3821	-726.6619	1.4794245	3.5662806	39.90993	-12.537247	-218.364	300.91022	2808.5155732631683
21	32.090874	26.133944	152.09613	5.6237025	8.2428055	0.0	8.2428055	8.2428055	200.0	200.0	209999	132.17653	96.3089	1197.5325	-565.7551	132.1757	96.40606	1205.2249	-591.65753	0.85612166	3.2893214	35.06698	-12.726223	-131.27931	226.71855	2954.7409105300903
22	22.785803	15.6558485	63.466778	5.5126257	23.631481	0.0	23.631481	23.631481	200.0	200.0	219999	73.49737	69.539375	1013.6927	-537.002	73.49621	69.630264	1010.59656	-539.59906	0.40004689	3.1203	33.340202	-14.247995	-72.61713	155.21053	3097.1125423908234
23	12.320996	6.082756	34.263527	8.203168	12.871748	0.0	12.871748	12.871748	200.0	200.0	229999	39.86939	58.159412	685.16833	-505.38547	39.86916	58.24751	687.69617	-509.0809	0.06936799	2.9075572	42.255917	-13.489701	-39.117733	114.40515	3241.5774331092834
24	13.669164	4.2862926	29.696466	7.4870095	9.682756	9.536743e-07	9.682757	9.682757	200.0	200.0	239999	22.892479	53.15281	571.3938	-379.07108	22.892456	53.21431	577.80115	-390.8629	-0.22938675	2.7429798	31.441647	-12.555531	-22.224466	89.82807	3384.1274247169495
25	10.118137	3.2821577	18.934647	5.062139	13.898489	9.536743e-07	13.89849	13.89849	200.0	200.0	249999	16.66869	53.391068	687.37317	-376.09192	16.668077	53.44602	692.581	-388.95197	-0.45458773	2.5934243	33.12942	-12.759792	-16.082905	76.23248	3527.427136659622
26	8.189875	2.6334677	14.640981	3.943387	5.663068	4.7683716e-07	5.6630683	5.6630683	200.0	200.0	259999	16.495441	54.88601	760.2971	-415.5913	16.49436	54.939075	764.6827	-426.29904	-0.60442096	2.4990888	29.392618	-13.311298	-15.941578	66.98946	3670.7537908554077
27	7.640193	2.7832308	17.365875	3.3220725	6.0722013	0.0	6.0722013	6.0722013	200.0	200.0	269999	18.912283	54.175385	734.9139	-497.00333	18.9128	54.2067	740.2503	-502.79974	-0.7924781	2.4449284	27.711643	-12.4631405	-18.446405	58.563736	3815.5586156845093
28	7.491793	1.5731391	11.64559	4.6118355	4.9273634	4.7683716e-07	4.927363	4.927363	200.0	200.0	279999	22.1471	52.185066	740.8587	-519.9287	22.146782	52.21616	712.0927	-522.2604	-0.9447292	2.3568501	27.039303	-14.573527	-21.685781	54.98423	3960.037121772766
29	8.890314	3.2802832	18.989767	4.679522	5.591302	4.7683716e-07	5.5913024	5.5913024	200.0	200.0	289999	24.85227	50.31933	845.8566	-594.65753	24.851398	50.34158	810.58185	-588.3678	-1.1244439	2.3472905	23.987444	-13.529845	-24.443668	52.21956	4103.521446466446
30	9.14678	2.4419324	16.015486	5.0790305	7.7260447	0.0	7.7260447	7.7260447	200.0	200.0	299999	27.452616	50.656433	944.0188	-577.79724	27.452745	50.67135	937.0274	-623.73566	-1.2355227	2.3293664	31.09983	-12.235273	-27.105938	54.270687	4251.056490182877
31	12.878069	4.105574	26.390322	7.23054	6.442042	0.0	6.442042	6.442042	200.0	200.0	309999	30.565594	56.704285	1255.8854	-572.3584	30.565702	56.73588	1253.5052	-579.1251	-1.2772394	2.3494723	31.868753	-12.132908	-30.203615	70.20687	4393.746419906616
32	12.678415	3.1671815	24.286722	7.895739	12.951236	9.536743e-07	12.951237	12.951237	200.0	200.0	319999	36.27891	66.894875	1320.4847	-589.5249	36.2797	66.90652	1331.2003	-574.0602	-1.2603538	2.43874	30.914692	-13.808702	-35.99558	85.597	4536.952506303787
33	15.131192	4.0902114	24.415718	7.86535	9.945162	0.0	9.945162	9.945162	200.0	200.0	329999	41.325466	71.908455	1373.0265	-589.3926	41.326298	71.92317	1390.7196	-599.4108	-1.3047107	2.4584765	34.915695	-11.245123	-41.041374	89.217926	4683.919696807861
34	15.597517	4.1076694	29.59275	5.4410906	18.327454	0.0	18.327454	18.327454	200.0	200.0	339999	43.053486	72.25389	1404.1208	-573.1156	43.05327	72.26873	1392.8834	-573.9968	-1.2713859	2.477656	26.102915	-12.622531	-42.769115	84.56905	4827.834922552109
35	20.274788	7.8913174	44.720264	8.955905	17.002375	1.9073486e-06	17.002373	17.002373	200.0	200.0	349999	42.776955	67.32552	1193.3372	-575.0956	42.777348	67.3441	1174.5787	-577.3305	-1.2006845	2.5132067	24.94948	-12.1689825	-42.524662	79.94609	4974.971907615662
36	77.211174	131.40332	702.4045	11.754031	12.609094	0.0	12.609094	12.609094	200.0	200.0	359999	41.598755	60.932697	1010.80237	-490.1567	41.598946	60.959057	1007.1379	-494.61603	-1.2391925	2.4831173	28.881493	-12.503991	-41.321262	82.36178	5121.435217142105
37	67.8934	160.47607	1143.1954	9.989034	30.751505	0.0	30.751505	30.751505	200.0	200.0	369999	38.5858	51.432327	761.1109	-399.22516	38.585903	51.456127	773.5442	-422.71912	-1.2168658	2.4678168	27.917906	-11.904811	-38.2791	73.82455	5272.710377216339
38	62.413536	140.92957	935.2154	11.811269	16.392391	1.9073486e-06	16.39239	16.39239	200.0	200.0	379999	30.821518	42.584644	636.8043	-496.8374	30.821592	42.626667	622.2029	-502.9166	-1.5370303	2.13468	23.080746	-11.723909	-30.425644	51.363987	5413.843050956726
39	16.2566	6.4947076	43.640472	10.04061	17.331757	0.0	17.331757	17.331757	200.0	200.0	389999	23.492168	41.76222	373.9943	-516.25867	23.492514	41.78573	381.04788	-524.9081	-1.64958	1.9524227	21.434336	-11.545005	-23.152243	39.710358	5560.266382455826
40	13.293161	2.62754	21.592064	7.620959	16.10857	0.0	16.10857	16.10857	200.0	200.0	399999	21.64472	43.38816	365.5501	-509.6681	21.644238	43.400158	361.1327	-519.6347	-1.7019137	1.8731246	26.999458	-12.54049	-21.42266	31.861563	5705.565067768097
41	13.274493	2.6382973	19.455715	8.766981	11.330705	0.0	11.330705	11.330705	200.0	200.0	409999	23.2128	44.551243	433.2749	-479.4341	23.212736	44.55649	429.0259	-494.32956	-1.7561483	1.8235525	24.788544	-12.244756	-23.03191	27.05459	5852.094687461853
42	13.336094	2.6997213	22.346556	8.783148	11.770675	0.0	11.770675	11.770675	200.0	200.0	419999	25.15023	46.151302	464.39468	-481.0653	25.150068	46.151253	470.82227	-476.16107	-1.7724396	1.8335562	23.85038	-10.993315	-24.995192	26.040613	5996.896687269211
43	12.938559	2.656505	22.487505	8.407465	11.097733	0.0	11.097733	11.097733	200.0	200.0	429999	27.946432	46.9678	507.42358	-498.82043	27.946363	46.968273	511.33432	-495.76492	-1.7541246	1.8233725	22.675005	-13.140205	-27.808016	26.740068	6139.231233596802
44	12.732772	3.6732395	30.13653	8.6030655	10.589133	0.0	10.589133	10.589133	200.0	200.0	439999	30.216381	48.088543	526.199	-552.5587	30.217148	48.09593	533.21716	-551.4225	-1.7758669	1.8112768	22.208084	-11.446213	-30.091944	28.10699	6285.100850820541
45	11.9102745	2.3375528	22.17634	9.216949	12.667505	0.0	12.667505	12.667505	200.0	200.0	449999	32.181038	49.352745	536.2453	-539.22565	32.181263	49.354736	541.08466	-552.3488	-1.7837281	1.8225955	24.380074	-12.96458	-32.068012	28.561604	6430.2959887981415
46	12.442319	2.1956217	19.39472	9.044149	13.190718	9.536743e-07	13.190719	13.190719	200.0	200.0	459999	35.083103	49.54749	552.9076	-532.77856	35.08332	49.54804	560.7695	-550.5946	-1.7959375	1.8357366	24.902763	-11.532794	-34.972546	29.39135	6577.074150323868
47	12.827221	2.3285167	20.641794	8.446096	11.051871	0.0	11.051871	11.051871	200.0	200.0	469999	35.87999	51.636925	617.399	-532.7653	35.880527	51.646137	612.45105	-530.2595	-1.7817906	1.8596914	25.05835	-13.748526	-35.75808	30.027529	6723.984945297241
48	13.223296	2.9558263	24.220762	8.167998	11.796716	0.0	11.796716	11.796716	200.0	200.0	479999	37.038242	54.09604	725.1522	-597.3766	37.038162	54.0913	718.3826	-579.3145	-1.7402548	1.8979628	21.849197	-12.075225	-36.944874	32.76999	6871.483352899551
49	14.3371935	3.5550804	29.427633	8.674134	14.891261	9.536743e-07	14.89126	14.89126	200.0	200.0	489999	38.55347	54.95146	772.3162	-594.95074	38.553986	54.960827	778.5772	-595.90045	-1.7433193	1.9106667	21.609333	-12.9012375	-38.468475	33.815014	7019.274019479752
50	14.811261	3.4077406	22.867159	9.147172	13.38078	0.0	13.38078	13.38078	200.0	200.0	499999	39.182114	55.56706	860.8607	-610.24054	39.182144	55.580063	852.48724	-608.5956	-1.7712828	1.8977649	22.495949	-12.087439	-39.08398	33.69567	7163.56645154953
51	14.687013	3.587318	28.252748	9.991178	11.091413	9.536743e-07	11.091412	11.091412	200.0	200.0	509999	38.48499	57.03029	878.3881	-674.87933	38.485035	57.03797	889.0239	-635.7504	-1.7701435	1.9255378	26.03944	-13.581572	-38.37727	34.562492	7307.431137561798
52	14.931879	3.9080212	23.643625	8.382488	12.269225	0.0	12.269225	12.269225	200.0	200.0	519999	37.972397	58.81082	881.2594	-695.5421	37.97268	58.80788	885.79846	-679.2584	-1.7466344	1.9612298	29.521675	-11.946274	-37.893482	36.316395	7456.993820905685
53	15.444276	5.429127	37.98986	9.359027	10.432779	0.0	10.432779	10.432779	200.0	200.0	529999	38.458405	60.52382	886.5487	-713.1263	38.458607	60.519154	890.6275	-705.54877	-1.649063	2.0758014	32.267693	-12.481505	-38.3929	37.372112	7603.695852518082
54	15.904619	5.865883	37.296047	9.41753	10.768007	9.536743e-07	10.768008	10.768008	200.0	200.0	539999	39.041065	61.56492	1014.9002	-782.3744	39.040573	61.565678	1003.7651	-767.458	-1.6332979	2.0991976	32.061466	-12.801859	-38.950085	39.149666	7751.006992101669
55	15.451246	4.9167705	34.57018	8.073767	11.184526	9.536743e-07	11.184527	11.184527	200.0	200.0	549999	39.061806	64.74039	1115.5913	-907.7851	39.06154	64.74398	1105.7551	-881.2369	-1.5965081	2.0979664	31.08952	-11.5253725	-38.975685	43.00445	7896.67000079155
56	14.339783	4.2354465	33.23467	9.112074	11.377896	9.536743e-07	11.377895	11.377895	200.0	200.0	559999	39.04674	65.76569	1216.6146	-968.3262	39.046936	65.77899	1203.3962	-953.7767	-1.5245223	2.1505697	25.387508	-11.752423	-38.972168	45.067825	8035.517915964127
57	16.313318	4.7976604	30.827106	9.6749935	32.287853	3.8146973e-06	32.287857	32.287857	200.0	200.0	569999	38.902977	66.06201	1291.8219	-1022.42725	38.904278	66.0856	1294.2418	-1032.7141	-1.537898	2.109155	27.968046	-11.799465	-38.811577	47.127327	8182.046076536179
58	17.184702	5.423049	32.183315	9.759481	15.196196	9.536743e-07	15.196197	15.196197	200.0	200.0	579999	38.70028	67.131485	1381.3593	-1084.5452	38.700832	67.14262	1354.2908	-1086.619	-1.5481066	2.1671476	31.581005	-13.156496	-38.60264	51.696808	8327.178510904312
59	17.474447	6.1273127	47.4459	9.530199	15.087904	9.536743e-07	15.087905	15.087905	200.0	200.0	589999	39.452263	68.90345	1562.8125	-1044.1554	39.45316	68.90281	1536.1283	-1048.0363	-1.5419043	2.2272813	32.01804	-11.528945	-39.379364	55.257824	8469.967946529388
60	17.94471	8.664996	55.04363	6.587438	21.010632	0.0	21.010632	21.010632	200.0	200.0	599999	39.138466	70.26361	1706.1045	-1113.5753	39.139706	70.254616	1688.21	-1108.7197	-1.553095	2.184592	28.65756	-12.032297	-39.034622	59.16784	8615.846859693527
61	18.785566	10.570927	68.13978	7.471	56.05241	0.0	56.05241	56.05241	200.0	200.0	609999	38.40096	72.73934	1924.3702	-1030.9006	38.400745	72.73385	1944.0475	-1041.0491	-1.5945364	2.1343622	29.13292	-11.228317	-38.32779	59.395237	8759.905376195908
62	28.366333	55.738617	371.43243	8.377613	10.084256	9.536743e-07	10.084255	10.084255	200.0	200.0	619999	39.818047	80.99825	2213.3223	-1010.66425	39.817783	80.9758	2200.538	-1023.0461	-1.4672066	2.2204134	31.03883	-11.836071	-39.784424	80.787186	8906.57154417038
63	28.747278	94.936806	691.89575	6.70781	19.965326	1.9073486e-06	19.965324	19.965324	200.0	200.0	629999	40.441936	84.23474	2233.2522	-912.7174	40.441948	84.255005	2259.2053	-915.09186	-1.3978631	2.24533	28.381416	-11.201013	-40.33344	76.0435	9055.59076833725
64	15.754329	10.357584	77.38988	6.8741927	12.344038	9.536743e-07	12.344037	12.344037	200.0	200.0	639999	38.43996	83.17811	2108.6401	-842.75574	38.43956	83.185394	2070.885	-869.90424	-1.4498013	2.239171	34.54113	-12.125185	-38.31103	73.00909	9199.159816503525
65	13.3569765	2.2477703	18.336899	7.635395	11.4685955	0.0	11.4685955	11.4685955	200.0	200.0	649999	37.35365	80.70493	1910.7578	-923.5545	37.353603	80.69	1931.4668	-925.60376	-1.4757452	2.2328131	29.328756	-12.627051	-37.2385	68.65739	9342.930529356003
66	12.432439	3.0568633	24.181076	6.5457425	6.2756243	4.7683716e-07	6.2756248	6.2756248	200.0	200.0	659999	37.23154	81.69446	1997.9287	-960.999	37.231194	81.687996	2055.5945	-974.33624	-1.4248496	2.258591	35.2524	-13.47037	-37.173904	75.2125	9487.66220331192
67	12.975433	3.9083042	30.582884	7.754899	9.808283	9.536743e-07	9.808284	9.808284	200.0	200.0	669999	38.908672	81.36732	1953.657	-923.66583	38.908978	81.35462	1969.2981	-925.64905	-1.3850331	2.2931428	26.331936	-12.89255	-38.860096	70.71112	9630.775977373123
68	21.774813	52.215553	380.00098	8.633898	12.545889	9.536743e-07	12.545888	12.545888	200.0	200.0	679999	39.767117	81.263695	1925.0813	-1047.8468	39.766975	81.25866	1974.3668	-1065.7714	-1.3979874	2.2396145	35.642868	-11.683684	-39.67895	70.37069	9780.906012296677
69	16.174868	16.826496	124.81383	8.325301	11.235184	0.0	11.235184	11.235184	200.0	200.0	689999	42.466225	80.73799	1957.2399	-1052.4867	42.466713	80.72557	1972.5674	-1037.1306	-1.3539488	2.272071	38.02029	-11.786151	-42.416218	74.02259	9923.034082174301
70	17.33807	27.084183	190.18222	8.269568	10.201383	9.536743e-07	10.201382	10.201382	200.0	200.0	699999	43.866646	79.63227	1937.0481	-1179.5569	43.866516	79.64312	1936.087	-1165.5162	-1.2837174	2.264018	27.244196	-14.123812	-43.74565	70.41769	10070.390275478363
71	18.031	28.604654	213.94133	8.968906	9.485537	0.0	9.485537	9.485537	200.0	200.0	709999	42.363518	74.4614	1780.4377	-1184.7245	42.36381	74.453545	1774.2115	-1175.0714	-1.2934637	2.163707	29.00822	-12.547967	-42.22405	64.14165	10211.115819215775
72	11.023009	2.9139	23.508032	8.3168545	11.355238	9.536743e-07	11.355237	11.355237	200.0	200.0	719999	40.32482	70.47929	1211.0736	-1267.8606	40.3239	70.46464	1240.9893	-1245.3494	-1.3146193	2.1025653	31.852947	-13.468801	-40.166676	57.93319	10362.41157913208
73	10.880725	2.3798358	21.41666	6.9471774	10.730028	0.0	10.730028	10.730028	200.0	200.0	729999	38.793156	69.92372	1158.483	-1350.4047	38.79226	69.91294	1175.9742	-1338.1151	-1.3864319	2.0791464	29.527916	-12.002833	-38.65527	57.112595	10509.025705099106
74	12.432056	4.5447154	35.376347	7.628579	11.579027	0.0	11.579027	11.579027	200.0	200.0	739999	37.3715	68.505905	1078.1024	-1264.1715	37.369858	68.50549	1090.9392	-1277.5282	-1.499656	2.0105777	26.965357	-12.140084	-37.25063	52.751007	10657.531596660614
75	12.449374	3.725139	27.445044	7.253065	9.377419	0.0	9.377419	9.377419	200.0	200.0	749999	36.150414	66.35534	1075.6823	-1215.1637	36.150135	66.348236	1118.5889	-1220.1205	-1.5723457	1.9465178	33.278637	-11.919591	-36.033012	48.864616	10804.322907924652
76	12.263579	3.2692008	24.799982	8.310713	12.251274	0.0	12.251274	12.251274	200.0	200.0	759999	36.248276	65.54058	1150.4966	-1177.3522	36.247845	65.545876	1121.0549	-1201.0052	-1.5859449	1.9230913	27.45374	-11.494504	-36.16101	46.271072	10952.400709629059
77	13.110967	2.9625688	23.040102	8.370627	9.250152	0.0	9.250152	9.250152	200.0	200.0	769999	36.913544	64.62553	1161.8383	-1194.5336	36.913048	64.62069	1171.4359	-1198.4406	-1.5882275	1.8988767	31.267057	-11.156549	-36.851795	46.10292	11095.480682134628
78	14.089108	3.560152	26.077223	9.120511	9.162692	9.536743e-07	9.162693	9.162693	200.0	200.0	779999	36.929794	64.58307	1306.4646	-1128.5333	36.92967	64.57272	1318.5646	-1147.103	-1.5850313	1.8938012	23.213064	-11.943817	-36.858917	46.56645	11239.10522055626
79	18.310823	6.2553306	37.705116	10.108316	14.040945	9.536743e-07	14.040946	14.040946	200.0	200.0	789999	37.657955	65.20981	1437.6516	-1113.9583	37.658043	65.200935	1432.131	-1099.1239	-1.4879149	2.0400739	28.001335	-11.190052	-37.654266	51.14705	11382.771295309067
80	14.820548	4.476031	34.010532	8.503941	12.209878	0.0	12.209878	12.209878	200.0	200.0	799999	39.020607	65.55428	1480.0709	-1171.1743	39.018646	65.54594	1469.0221	-1178.1691	-1.5358875	2.0111809	28.063684	-15.11129	-38.995808	49.86183	11526.386689662933
81	14.897094	3.5121882	25.064428	10.047826	13.207021	0.0	13.207021	13.207021	200.0	200.0	809999	40.157364	64.99875	1542.8772	-1135.2734	40.15687	64.990234	1561.742	-1112.8151	-1.4713459	2.1265793	30.41672	-12.769789	-40.171974	53.106083	11671.142254590988
82	23.36686	43.073875	312.09085	7.6261315	6.097248	0.0	6.097248	6.097248	200.0	200.0	819999	39.744736	64.703285	1526.2722	-1091.8287	39.743855	64.69594	1545.852	-1071.6344	-1.5725971	1.9309392	39.254627	-14.213758	-39.68662	46.716335	11815.955617904663
83	15.514871	4.264249	25.697561	9.325387	10.433877	0.0	10.433877	10.433877	200.0	200.0	829999	38.657776	65.422356	1529.2515	-1066.816	38.65712	65.412025	1546.308	-1080.2516	-1.5998046	1.9367956	27.966331	-12.2387905	-38.62775	44.295597	11961.90307378769
84	16.111227	4.7790294	28.391012	8.726355	10.061365	0.0	10.061365	10.061365	200.0	200.0	839999	39.969933	63.385666	1678.7533	-1066.9269	39.96873	63.37695	1692.6458	-1064.0298	-1.605262	1.9461049	35.934467	-12.933665	-39.99375	43.04847	12114.43047618866
85	16.687843	4.933759	35.517254	9.110779	21.951756	1.9073486e-06	21.951757	21.951757	200.0	200.0	849999	40.28732	62.67117	1704.2217	-1074.5618	40.286648	62.652477	1715.7043	-1061.5757	-1.6492577	1.9057207	33.074127	-13.1076145	-40.282906	42.340443	12262.308248758316
86	17.134058	5.331693	37.352753	8.544364	17.991734	0.0	17.991734	17.991734	200.0	200.0	859999	39.692604	62.052757	1738.3219	-1069.8262	39.691795	62.04523	1734.9077	-1088.9287	-1.6627657	1.8817394	28.016068	-11.744004	-39.701206	41.667103	12409.02119398117
87	17.660084	5.3243876	40.78614	10.8665695	31.313416	0.0	31.313416	31.313416	200.0	200.0	869999	38.90606	60.61061	1774.8356	-1073.6721	38.905445	60.59534	1725.3829	-1092.2195	-1.6866667	1.8390505	31.639233	-11.117689	-38.91786	38.094105	12551.467792510986
88	14.920324	4.4175954	31.220444	8.742317	20.834791	0.0	20.834791	20.834791	200.0	200.0	879999	39.420395	60.390804	2081.5864	-1014.5714	39.41911	60.385643	1995.2579	-1034.7993	-1.6680416	1.9225779	34.950268	-12.331316	-39.48677	39.061794	12696.407583475113
89	35.67588	114.857994	827.48285	9.64359	13.481842	0.0	13.481842	13.481842	200.0	200.0	889999	41.08707	62.02658	2580.3699	-888.3887	41.08604	62.011677	2608.2861	-912.6082	-1.6131455	2.0341742	32.06698	-11.428841	-41.122673	43.10683	12840.276777744293
90	26.04955	43.94531	319.33328	8.112795	11.658964	9.536743e-07	11.658963	11.658963	200.0	200.0	899999	42.88599	62.775608	2828.0544	-823.56116	42.884747	62.763176	2803.7668	-838.55286	-1.5130869	2.0032735	29.559114	-12.137733	-42.889503	45.910458	12985.46882557869
91	16.389742	7.4454794	43.435616	6.9749627	14.507291	0.0	14.507291	14.507291	200.0	200.0	909999	44.000244	62.222626	3026.0068	-804.489	43.999607	62.21265	3083.539	-816.24756	-1.5930349	1.9147773	38.011173	-13.085067	-43.94867	44.985954	13130.007991790771
92	27.943718	53.850082	381.46524	6.8863606	15.798277	0.0	15.798277	15.798277	200.0	200.0	919999	42.16247	64.46682	3632.9678	-820.0935	42.16217	64.46094	3655.1528	-802.05774	-1.6320298	2.0085647	41.210136	-12.249811	-42.13324	47.187412	13276.99917936325
93	21.60064	14.945083	82.80808	7.4388046	8.652403	0.0	8.652403	8.652403	200.0	200.0	929999	42.351112	67.916374	3870.3157	-808.8592	42.35112	67.90773	3865.5015	-809.085	-1.5780776	2.0557575	40.547386	-12.0677395	-42.363037	55.233986	13421.995187997818
94	42.987164	65.34784	436.19	7.059504	18.987993	0.0	18.987993	18.987993	200.0	200.0	939999	42.702217	74.661354	5579.1133	-1368.8976	42.70189	74.64278	5348.0776	-1384.7023	-1.3553997	2.1727614	50.11364	-11.60412	-42.62748	67.94334	13568.648875236511
95	42.77679	90.57442	664.56934	6.2353644	16.751116	0.0	16.751116	16.751116	200.0	200.0	949999	40.744545	88.286865	7210.2695	-1765.0233	40.744217	88.29264	7195.7773	-1852.9598	-1.2294521	2.2872407	58.46921	-13.456564	-40.581192	86.56442	13712.508066415787
96	38.05436	67.677155	496.7488	7.233417	59.181416	0.0	59.181416	59.181416	200.0	200.0	959999	39.231613	104.40684	7967.6865	-2001.8871	39.23211	104.40618	8082.6606	-2030.8824	-0.81469315	2.5653288	54.275604	-12.71772	-39.12205	132.29498	13857.66329407692
97	48.248222	142.18193	995.5647	8.608901	49.980156	3.8146973e-06	49.980152	49.980152	200.0	200.0	969999	37.27482	118.958916	9642.114	-1912.0973	37.2749	118.944756	9716.333	-1937.2012	-0.46840754	2.7162223	68.589645	-12.423007	-37.141613	145.7047	13998.466756820679
98	18.414806	9.234689	45.92461	7.066969	16.928837	0.0	16.928837	16.928837	200.0	200.0	979999	31.863714	130.85406	11473.376	-1840.7961	31.860672	130.80876	11716.071	-1861.1321	-0.56960213	2.8557172	76.46397	-11.439593	-31.585247	181.06345	14143.913663625717
99	13.215707	5.643386	31.339361	2.4051888	17.769304	0.0	17.769304	17.769304	200.0	200.0	989999	25.30765	166.32748	15922.218	-1904.4408	25.304892	166.19788	16055.889	-1877.5881	-0.2474954	3.0373023	74.240555	-12.072109	-24.931671	249.52252	14290.138368844986
100	14.643133	10.545045	42.32284	2.6384947	788.25085	0.0	788.25085	788.25085	200.0	200.0	999999	41.483135	239.38422	22566.92	-1770.9933	41.47944	239.34326	22809.562	-1766.9395	1.4005803	3.9713693	109.67239	-12.635052	-41.51402	668.2807	14437.486178398132
101	54.53318	156.94078	986.66724	2.5214143	6.872199	4.7683716e-07	6.8721995	6.8721995	200.0	200.0	1009999	75.89886	364.76242	33120.992	-2168.7568	75.90162	364.64493	33801.29	-2155.0684	2.4858098	4.3821793	85.21385	-15.834611	-76.28432	1643.7354	14585.892607212067
102	83.23323	197.2755	1057.0084	2.484423	64.72154	7.6293945e-06	64.721535	64.721535	200.0	200.0	1019999	109.65948	493.84186	37368.914	-2282.5466	109.663445	493.6496	35591.664	-2281.5718	3.3780916	4.441501	122.19719	-13.533252	-110.69606	2696.1003	14729.34085059166
103	41.293167	60.4271	336.94647	2.8622112	6.913006	0.0	6.913006	6.913006	200.0	200.0	1029999	216.20274	629.14435	38279.355	-2694.667	216.19989	629.0072	37819.016	-2755.332	5.2243137	5.0175543	115.9193	-15.184528	-219.38095	4967.594	14874.195556879044
104	24.192627	20.637632	125.00744	6.2882705	16.586597	0.0	16.586597	16.586597	200.0	200.0	1039999	430.1601	726.0681	40935.723	-2934.6868	430.16037	725.96716	40477.41	-2983.1858	6.66071	4.4158626	125.778625	-12.014738	-436.3394	5821.5	15017.094227552414
105	49.89415	83.42054	404.63223	4.6056437	15.652834	9.536743e-07	15.652833	15.652833	200.0	200.0	1049999	623.4821	775.96136	39258.793	-3476.36	623.44855	775.98083	39555.066	-3435.201	6.224614	3.954349	155.72385	-11.655925	-629.1289	7678.0938	15162.467077970505
106	22.50491	14.255628	74.36781	5.7294493	17.040634	0.0	17.040634	17.040634	200.0	200.0	1059999	705.3245	828.3327	35817.09	-3769.6177	705.31866	828.3253	35968.89	-3842.2102	6.6634784	4.411893	136.8863	-10.9921875	-710.794	9178.266	15305.540436506271
107	32.19678	61.623253	446.0201	2.378149	17.57719	1.9073486e-06	17.577188	17.577188	200.0	200.0	1069999	747.0022	832.4748	36920.25	-4401.1284	746.97375	832.47974	37352.324	-4641.8306	6.436168	4.4362335	109.09146	-13.551897	-752.1644	10232.058	15450.275693893433
108	56.29089	190.6275	1364.6743	2.8892803	2.2130947	0.0	2.2130947	2.2130947	200.0	200.0	1079999	740.76544	926.0181	36576.79	-4755.7725	740.73267	925.755	38103.234	-5027.2905	5.95989	4.4761944	109.615524	-12.061937	-745.9517	12434.246	15598.126911878586
109	29.28602	27.393835	181.89679	6.785651	13.504657	9.536743e-07	13.504658	13.504658	200.0	200.0	1089999	857.5322	979.93243	31978.264	-4899.702	857.5593	979.8016	32724.232	-5180.922	7.302468	4.6129036	139.35834	-10.504612	-866.6101	15482.363	15741.310226678848
110	121.89793	336.39764	1544.5051	8.318099	33.958508	3.8146973e-06	33.95851	33.95851	200.0	200.0	1099999	981.76196	1027.8995	27862.502	-5248.8716	981.7715	1027.8098	27095.68	-5270.6025	7.832393	4.588732	112.030655	-14.937484	-992.3061	17629.686	15887.038293838501
111	40.622055	81.85536	459.6239	4.8929267	24.622543	0.0	24.622543	24.622543	200.0	200.0	1109999	1218.2802	1178.0435	27357.016	-5278.2466	1218.3213	1177.638	28694.895	-5252.6704	8.442778	4.296031	102.64348	-10.9743395	-1233.4482	21012.336	16029.970525026321
112	32.955833	70.88243	499.15344	4.655534	12.139024	0.0	12.139024	12.139024	200.0	200.0	1119999	1531.6006	1327.0393	30160.523	-5521.1357	1531.6072	1326.4851	29461.354	-5630.6157	9.379484	4.765302	106.92279	-13.7904	-1548.4688	25844.338	16175.930747032166
113	29.847061	77.73239	568.81604	6.755865	14.013388	9.536743e-07	14.013389	14.013389	200.0	200.0	1129999	1736.0238	1513.8539	41680.586	-5863.614	1736.064	1513.7551	41399.434	-6169.1416	9.579277	4.9556155	101.58837	-11.00191	-1750.5576	35470.47	16318.491878032684
114	44.329727	79.6877	524.65173	7.8145013	26.094296	1.9073486e-06	26.094297	26.094297	200.0	200.0	1139999	1995.5366	1715.7842	51917.395	-6131.648	1995.5121	1715.5345	52192.13	-6337.609	10.377428	5.2497683	134.34169	-7.738414	-2015.4298	47629.246	16462.72535777092
115	66.35877	178.03192	1168.5126	6.279743	10.635696	0.0	10.635696	10.635696	200.0	200.0	1149999	2322.8599	1906.2733	57759.37	-6891.753	2322.877	1906.2975	58100.46	-6914.457	9.958933	5.1494994	129.08977	-11.435477	-2345.3027	66260.695	16612.680159330368
116	51.335514	104.61969	689.9817	6.5655727	21.524199	0.0	21.524199	21.524199	200.0	200.0	1159999	2505.602	2101.7163	64044.6	-7766.3813	2505.623	2101.4868	64481.906	-7926.662	10.028247	5.2945137	134.89847	-13.910734	-2527.4724	83436.13	16753.727871894836
117	32.079266	53.648335	380.29956	5.832316	44.040947	3.8146973e-06	44.040943	44.040943	200.0	200.0	1169999	2728.2896	2424.022	88089.6	-7960.1	2728.2678	2423.6997	86976.17	-8339.888	10.365756	5.4618516	148.77489	-9.74777	-2757.3115	103543.5	16899.86311483383
118	85.1187	223.55092	1337.6028	3.8468056	70.67909	7.6293945e-06	70.6791	70.6791	200.0	200.0	1179999	2825.7668	3078.52	127428.76	-8163.463	2825.6836	3077.1785	126135.86	-8468.594	11.020833	6.30917	223.92049	-9.523573	-2852.225	174842.05	17043.56626033783
119	39.57686	76.89402	449.07037	3.1761322	66.18501	0.0	66.18501	66.18501	200.0	200.0	1189999	3133.2769	3880.4187	144800.52	-8834.804	3133.2905	3879.172	144624.62	-8415.05	11.243235	6.579541	228.62216	-10.48952	-3178.0625	291139.47	17186.674257040024
120	61.652466	125.7592	650.4685	5.183417	36.23859	0.0	36.23859	36.23859	200.0	200.0	1199999	4284.3066	4116.5557	140266.17	-8982.304	4284.6724	4116.203	139969.5	-8925.361	12.391262	6.0561104	162.36577	-9.3723955	-4351.699	349204.8	17332.381401777267
121	51.577682	79.5183	367.9755	3.4089148	17.271603	0.0	17.271603	17.271603	200.0	200.0	1209999	5357.3027	4023.6594	115675.62	-8571.51	5357.5454	4024.444	116079.18	-8650.13	13.090535	5.925963	153.55655	-8.492661	-5428.652	373977.56	17474.973214626312
122	48.269333	67.03033	313.25586	6.5462923	104.54337	0.0	104.54337	104.54337	200.0	200.0	1219999	5615.0137	3792.6738	119452.336	-9885.326	5615.106	3792.9553	124386.234	-9871.359	13.484045	6.4551616	153.22015	-9.449739	-5669.2603	372763.72	17619.059962511063
123	162.72034	335.04984	1546.444	7.6403112	526.9083	0.0	526.9083	526.9083	200.0	200.0	1229999	5439.399	3500.7834	119149.97	-11107.682	5439.5234	3500.6978	120700.984	-10891.533	13.61131	7.1949677	192.40427	-8.032365	-5488.086	286183.3	17762.523405075073
124	120.05785	248.35783	1137.2742	10.255567	15.769832	9.536743e-07	15.769831	15.769831	200.0	200.0	1239999	5171.562	3404.029	110951.25	-11986.985	5171.6	3404.4202	111087.55	-11851.077	13.337118	7.552764	190.01543	-8.363564	-5209.5454	251100.64	17908.1718583107
125	150.27426	329.69385	1586.4232	7.2620034	11.367506	0.0	11.367506	11.367506	200.0	200.0	1249999	4767.143	3501.3157	98838.52	-12296.15	4767.133	3501.5798	100219.67	-12308.389	13.031811	7.5798144	199.47005	-7.0417643	-4797.95	206076.28	18050.62012720108
126	11.577289	0.59576565	14.819834	10.653275	11.1004	9.536743e-07	11.100399	11.100399	200.0	200.0	1259999	4699.9595	3824.2112	95641.68	-12591.841	4699.9927	3824.446	98028.445	-12483.665	13.74814	7.2211957	154.80669	-9.201038	-4735.3276	222911.19	18196.96336913109
127	10.593914	0.6840487	12.588769	8.84957	9.897863	0.0	9.897863	9.897863	200.0	200.0	1269999	5358.7793	4036.0693	96269.58	-13184.677	5358.932	4036.0823	95515.72	-13430.627	15.235234	7.7825394	186.05545	-7.5150166	-5423.1914	174056.47	18341.049501657486
128	9.743302	1.1984564	13.130214	7.6930423	9.625856	0.0	9.625856	9.625856	200.0	200.0	1279999	6477.0503	4433.68	92328.92	-14258.782	6477.098	4433.842	94787.69	-14717.864	15.106809	7.048004	203.5926	-9.416449	-6548.569	165402.14	18487.05912733078
129	10.619306	1.8305398	15.26572	7.5746913	10.619992	9.536743e-07	10.619991	10.619991	200.0	200.0	1289999	6499.4897	4451.588	86203.96	-15115.611	6499.482	4451.3154	84733.91	-14932.924	14.040767	6.83973	197.60158	-9.498742	-6554.5986	184814.56	18634.048226118088
130	11.458386	5.085533	35.920273	5.5796204	9.853004	0.0	9.853004	9.853004	200.0	200.0	1299999	5795.9556	4098.278	96108.1	-15146.863	5795.9966	4098.5576	98494.32	-14901.784	13.207693	7.651006	205.24924	-11.859999	-5827.834	166916.12	18775.07489132881
131	16.397224	7.167446	36.645554	10.157523	22.129013	0.0	22.129013	22.129013	200.0	200.0	1309999	4885.0674	3755.0278	104389.555	-15302.301	4885.0815	3755.4705	108210.05	-14694.126	12.322557	8.005841	212.64769	-9.359539	-4909.4795	162742.9	18924.43292093277
132	14.03603	3.9805171	28.575682	9.920156	16.662613	0.0	16.662613	16.662613	200.0	200.0	1319999	4476.1797	3526.0435	105922.97	-14673.97	4476.2476	3526.8726	107687.086	-13818.543	12.714578	8.003185	198.16112	-11.569388	-4506.0796	133628.64	19070.772172927856
133	12.7830715	2.2660902	19.037521	8.695235	10.541908	0.0	10.541908	10.541908	200.0	200.0	1329999	4316.563	3455.9614	101601.27	-13690.969	4316.5845	3456.5608	105080.13	-12935.668	13.107018	8.833424	218.77742	-7.403989	-4345.0254	168036.89	19211.538532733917
134	12.98581	2.2190015	20.043396	9.909099	11.178024	0.0	11.178024	11.178024	200.0	200.0	1339999	4050.8865	3305.0542	98333.35	-13833.135	4050.9597	3305.5347	99329.305	-12908.754	13.743082	10.384443	262.39337	-7.4514036	-4077.124	167708.56	19356.08719444275
135	18.759706	11.427718	74.492714	8.662105	13.8756075	9.536743e-07	13.875607	13.875607	200.0	200.0	1349999	3481.4856	3111.2717	103706.98	-13653.192	3481.5173	3112.235	104464.51	-12898.921	13.04317	9.699217	228.18567	-10.358423	-3501.9644	140936.33	19500.751138687134
136	25.601585	74.93155	547.68445	9.55059	8.38669	0.0	8.38669	8.38669	200.0	200.0	1359999	3061.886	3070.0042	112166.93	-14694.006	3061.8428	3070.4514	115372.35	-13703.406	12.285031	9.153477	226.50397	-7.757065	-3081.9585	154043.36	19644.97461605072
137	12.31154	3.5103183	28.218582	7.4695477	10.235407	9.536743e-07	10.235408	10.235408	200.0	200.0	1369999	2988.0664	2949.642	116819.37	-13851.414	2988.1074	2949.9092	111920.01	-13263.46	12.967455	9.293281	226.60483	-8.6846485	-3008.6855	173182.55	19792.337930440903
138	34.12942	152.61655	1102.0538	9.390172	11.343458	0.0	11.343458	11.343458	200.0	200.0	1379999	2984.2546	2812.5715	114397.54	-13198.574	2984.3682	2813.3362	111801.125	-13759.075	12.925121	8.208103	189.99756	-10.293019	-3006.9631	196075.5	19937.054179906845
139	32.307888	137.27005	992.86084	8.909458	12.021515	0.0	12.021515	12.021515	200.0	200.0	1389999	3099.0974	2715.8281	114033.79	-13638.939	3099.263	2717.3418	113794.055	-14095.676	13.00418	8.331914	200.70316	-9.268883	-3123.0498	182691.28	20080.140130519867
140	64.85318	132.34967	609.5917	10.921211	32.743095	3.8146973e-06	32.74309	32.74309	200.0	200.0	1399999	2823.2932	2641.0461	97846.04	-14517.156	2823.209	2642.713	100140.24	-15054.232	12.255935	8.193825	236.50198	-11.012046	-2838.344	140417.11	20226.65281534195
141	23.89483	62.95786	372.2079	8.00824	9.211168	0.0	9.211168	9.211168	200.0	200.0	1409999	2089.3738	2550.0146	73302.57	-15450.885	2089.1223	2549.8645	68362.29	-16138.688	9.998017	7.1632757	181.63126	-10.593587	-2093.879	74478.71	20370.495936393738
142	10.449255	1.3984089	14.188815	8.452677	15.482617	9.536743e-07	15.482616	15.482616	200.0	200.0	1419999	1698.293	2511.0378	58288.87	-15667.468	1698.1212	2511.437	58442.508	-16659.494	10.569935	7.27561	170.64804	-9.417807	-1707.606	50322.86	20514.707811832428
143	11.228158	1.8018532	17.99642	9.151039	9.776579	9.536743e-07	9.776578	9.776578	200.0	200.0	1429999	1261.1984	2376.2722	21359.773	-16612.145	1261.164	2376.5574	20932.908	-17554.463	9.676575	7.263135	222.20364	-9.001026	-1266.1134	39567.496	20660.947187185287
144	11.452463	3.720173	36.66414	9.643161	9.913545	0.0	9.913545	9.913545	200.0	200.0	1439999	983.2584	2270.8733	19066.031	-16124.252	983.2357	2271.325	19374.8	-16834.703	9.356653	7.0115566	154.18983	-11.077402	-986.0824	34930.223	20805.72003889084
145	10.697959	0.9591442	14.608705	8.938186	17.396725	0.0	17.396725	17.396725	200.0	200.0	1449999	1016.368	2235.7927	17248.676	-15419.238	1016.3133	2236.1426	16609.568	-15417.282	9.737273	6.8529215	135.0029	-10.446936	-1023.2054	34097.047	20950.97218632698
146	13.842869	6.180262	49.294884	10.556734	12.170797	0.0	12.170797	12.170797	200.0	200.0	1459999	1055.2216	2091.8013	16008.69	-14696.282	1055.2094	2092.1575	15697.519	-14772.157	9.118089	6.600057	147.11406	-10.18762	-1061.0894	31393.277	21096.795480012894
147	14.179397	3.8650856	28.676981	9.952738	12.0747	0.0	12.0747	12.0747	200.0	200.0	1469999	950.87823	1938.1184	16136.761	-14234.562	950.82416	1938.4066	16156.317	-14277.725	8.009962	6.174202	141.12279	-11.451534	-952.5645	29656.633	21240.442934036255
148	20.37436	8.786076	39.251053	10.498372	24.089724	0.0	24.089724	24.089724	200.0	200.0	1479999	901.27234	1844.5352	14981.164	-12975.334	901.2551	1844.6425	15155.441	-13195.437	7.893766	6.060046	147.51721	-14.236626	-903.0132	28271.127	21389.96051478386
149	35.32164	15.36554	66.7411	10.129545	66.27778	0.0	66.27778	66.27778	200.0	200.0	1489999	993.0148	1817.7124	14616.033	-12228.256	992.9424	1817.8073	14094.07	-12461.325	8.335047	5.8749137	116.903114	-10.758539	-996.8626	27746.387	21535.294081926346
150	39.101097	15.791819	112.702866	17.080208	16.916233	1.9073486e-06	16.916235	16.916235	200.0	200.0	1499999	1060.8041	1781.9434	14192.379	-11999.955	1060.8097	1781.894	14022.114	-12238.008	8.358455	5.915709	139.25429	-11.597466	-1063.6681	25319.328	21686.5987098217
151	18.519173	13.711935	110.45008	9.722478	18.180477	1.9073486e-06	18.180475	18.180475	200.0	200.0	1509999	1068.4783	1763.8163	13281.093	-11666.168	1068.4409	1763.9834	13433.341	-12005.119	8.057452	5.510569	139.88074	-10.768993	-1070.8394	24270.658	21826.90255355835
152	15.391801	9.369083	66.84067	6.268167	13.998149	0.0	13.998149	13.998149	200.0	200.0	1519999	1040.1504	1721.9713	14191.079	-11137.98	1040.1438	1721.9878	14745.715	-11353.604	7.707874	5.3943276	95.13951	-11.285983	-1042.6248	22944.5	21972.366338968277
153	10.237655	0.8021074	13.006575	6.9474225	10.263044	9.536743e-07	10.263043	10.263043	200.0	200.0	1529999	1055.781	1696.1466	14247.633	-11222.674	1055.7788	1696.2671	14528.659	-10663.051	7.7639327	5.229452	110.593765	-9.522665	-1058.4524	23238.709	22119.820331811905
154	10.73244	0.38312	11.976158	9.404258	10.425837	0.0	10.425837	10.425837	200.0	200.0	1539999	1123.9847	1673.3087	14397.299	-10312.722	1123.981	1673.5114	14477.509	-10753.338	8.092699	5.4373913	140.1013	-10.222773	-1127.8175	22534.275	22263.675297021866
155	10.824784	0.53472644	13.081283	9.523712	10.462202	9.536743e-07	10.462201	10.462201	200.0	200.0	1549999	1094.2594	1597.8138	14260.07	-10052.923	1094.2574	1597.9418	14628.171	-10345.976	7.4021916	5.067819	139.94077	-10.40791	-1095.8684	21531.902	22409.06951379776
156	12.968419	10.225593	77.37643	10.140714	10.710871	9.536743e-07	10.710872	10.710872	200.0	200.0	1559999	998.5313	1515.2346	11758.001	-9403.549	998.51666	1515.3137	11957.992	-9855.113	7.092054	5.028681	106.18471	-10.70299	-999.2228	19242.672	22557.218096733093
157	10.817246	2.4577334	27.8135	9.995975	10.453398	0.0	10.453398	10.453398	200.0	200.0	1569999	925.27655	1456.4733	9624.439	-9764.055	925.27563	1456.5896	9740.924	-9787.255	6.960973	4.989773	124.32245	-10.814418	-925.7567	17296.42	22702.16241168976
158	10.227074	0.23938124	11.224488	9.795277	10.2435	0.0	10.2435	10.2435	200.0	200.0	1579999	826.65625	1402.3479	8404.936	-9783.738	826.65	1402.3715	8463.428	-9763.262	6.7278333	5.1966558	147.3489	-11.0565605	-826.2365	14420.449	22848.33603143692
159	10.260036	0.6242065	13.750978	9.089645	10.408576	0.0	10.408576	10.408576	200.0	200.0	1589999	694.66724	1323.7163	8543.665	-9756.298	694.6821	1323.6865	8662.978	-9956.233	6.3555617	5.0574765	135.36317	-10.566082	-693.9515	12714.865	22993.602909088135
160	10.568285	0.4830033	12.455391	10.240068	10.387907	0.0	10.387907	10.387907	200.0	200.0	1599999	595.419	1236.2994	7951.8804	-8502.05	595.4311	1236.3739	7952.3896	-8319.629	6.054783	4.7649856	110.8574	-13.130299	-594.60986	11538.678	23139.94968533516
161	10.587377	0.1717947	11.464234	10.462628	10.52407	0.0	10.52407	10.52407	200.0	200.0	1609999	589.05426	1186.4889	7553.3965	-8770.106	589.07275	1186.5059	7389.722	-8938.103	6.345516	4.747408	123.89273	-11.926992	-589.9535	10467.985	23287.18953704834
162	14.910694	6.858253	38.58941	10.321204	18.704014	0.0	18.704014	18.704014	200.0	200.0	1619999	575.38635	1142.8607	7732.5376	-8245.963	575.37006	1142.9578	8071.8076	-8533.476	5.83077	4.5548215	148.16446	-12.883795	-574.984	9987.464	23431.454236745834
163	24.883682	10.84985	56.364872	6.5614057	55.395775	0.0	55.395775	55.395775	200.0	200.0	1629999	573.4093	1129.1016	6935.4546	-7672.9116	573.40546	1129.1635	7141.369	-7413.236	6.022207	4.5476093	118.39243	-10.686605	-573.9385	9939.705	23580.471110343933
164	22.823915	8.849147	46.1255	10.917701	19.55615	0.0	19.55615	19.55615	200.0	200.0	1639999	600.7808	1125.2195	7415.133	-7120.9453	600.76	1125.2852	7673.4844	-7121.58	5.9695153	4.495556	114.41456	-11.040827	-601.2412	9361.137	23730.7846429348
165	15.263561	3.0361233	32.06268	11.278864	14.724638	9.536743e-07	14.724639	14.724639	200.0	200.0	1649999	687.249	1184.5876	7867.926	-7447.611	687.25397	1184.6808	7922.374	-7636.9263	6.1495	4.3731804	132.82835	-13.060661	-688.1511	10398.411	23876.83278131485
166	20.295412	11.15766	58.331337	10.477546	9.88398	0.0	9.88398	9.88398	200.0	200.0	1659999	867.51556	1236.2855	8356.248	-7132.0576	867.5269	1236.2998	8225.468	-7214.7866	6.497614	4.353008	123.13281	-13.75575	-870.5652	11279.072	24023.248551607132
167	10.711542	2.667377	27.539307	9.534442	18.463312	1.9073486e-06	18.46331	18.46331	200.0	200.0	1669999	1016.886	1260.7983	10544.151	-6865.5415	1016.90735	1260.8682	10257.798	-6937.769	6.530362	4.321553	117.925835	-12.157073	-1019.8985	11478.48	24166.380640506744
168	13.811864	3.0338373	26.083004	9.412556	10.848929	0.0	10.848929	10.848929	200.0	200.0	1679999	1022.9579	1228.495	9591.177	-6797.542	1022.973	1228.5607	9439.919	-7068.961	6.199701	4.3671117	103.7811	-11.939825	-1023.7909	10655.93	24311.516931533813
169	12.755515	2.4823172	19.668339	9.776316	10.031402	0.0	10.031402	10.031402	200.0	200.0	1689999	824.89166	1110.5881	9155.648	-7751.782	824.89624	1110.6357	9133.2	-7912.178	5.717101	4.5524354	123.78434	-11.274097	-824.30695	8324.184	24455.380398750305
170	10.241724	0.9352433	13.073143	9.307653	8.908359	9.536743e-07	8.90836	8.90836	200.0	200.0	1699999	659.4347	1037.2982	8771.684	-7887.228	659.43774	1037.287	8221.396	-7865.4897	5.71104	4.4868536	144.1572	-13.186952	-659.3942	7511.917	24601.07689189911
171	10.997236	2.1527216	14.848809	6.9536824	10.68054	9.536743e-07	10.680539	10.680539	200.0	200.0	1709999	518.22626	979.716	9090.798	-7397.7324	518.22577	979.7412	8901.326	-7520.495	5.3890433	4.192923	105.352486	-11.482164	-517.4183	7015.9697	24746.94730257988
172	12.087634	2.7759628	20.714796	8.65086	15.839946	9.536743e-07	15.839945	15.839945	200.0	200.0	1719999	376.35095	903.7085	8113.244	-7328.62	376.34872	903.7445	8163.651	-7214.97	4.9258876	4.2248573	130.61705	-10.757018	-374.12463	6067.3047	24889.107408761978
173	17.92166	12.056741	67.225975	8.402376	9.052122	0.0	9.052122	9.052122	200.0	200.0	1729999	255.01628	846.4351	8221.9	-7247.315	255.01141	846.44977	8027.23	-7515.349	4.77932	4.2096443	109.19788	-12.133822	-252.6955	5622.397	25039.22300505638
174	18.188417	11.455685	47.946323	7.583713	10.193576	9.536743e-07	10.193577	10.193577	200.0	200.0	1739999	196.2961	814.53107	8231.278	-7137.9473	196.29237	814.51483	8017.654	-7303.22	4.8823037	4.0268373	109.74923	-14.132344	-194.7888	5431.432	25185.953142881393
175	10.738526	0.7133637	13.328284	10.016708	10.326941	9.536743e-07	10.32694	10.32694	200.0	200.0	1749999	188.42926	803.8041	10043.427	-6983.586	188.43564	803.7641	9769.92	-7152.7373	4.92177	3.8881555	112.2911	-11.14299	-187.61168	5109.7104	25336.024567127228
176	10.466234	1.012989	14.405813	6.0065427	10.462545	0.0	10.462545	10.462545	200.0	200.0	1759999	171.83655	792.3281	11207.351	-7037.4233	171.8396	792.41034	11609.855	-7306.4077	4.903473	4.0945525	120.265175	-13.469173	-170.38953	5336.202	25483.966136693954
177	10.534153	0.6354637	14.442561	9.43447	9.509268	9.536743e-07	9.509267	9.509267	200.0	200.0	1769999	147.06013	767.16547	10944.417	-6715.959	147.05743	767.2667	11088.6045	-6848.017	4.854073	4.1886854	135.22743	-10.866494	-145.11949	5501.114	25629.48256468773
178	10.67222	0.5950685	12.318944	8.952917	9.9790745	0.0	9.9790745	9.9790745	200.0	200.0	1779999	101.36858	732.75757	11292.46	-6409.141	101.36582	732.7668	11130.14	-6394.7603	4.841162	4.2504883	138.51758	-12.109283	-99.691605	5054.072	25775.46216082573
179	26.466692	17.201946	73.756714	9.389367	19.065832	1.9073486e-06	19.065834	19.065834	200.0	200.0	1789999	87.91978	706.81	9062.716	-6292.5903	87.919556	706.8794	9088.758	-6243.6704	5.140022	4.3577647	113.42979	-12.511735	-86.60645	4949.426	25919.90702199936
180	23.49399	13.290283	72.175804	13.834341	15.140651	0.0	15.140651	15.140651	200.0	200.0	1799999	67.19736	692.5868	8247.589	-6081.0454	67.18541	692.58185	8459.85	-6094.4473	4.9516587	4.102688	111.132164	-11.046988	-65.475525	4331.7295	26065.619319677353
181	17.685484	20.277754	117.15837	9.492668	10.418898	0.0	10.418898	10.418898	200.0	200.0	1809999	43.13436	666.4539	8002.2407	-5996.5864	43.136566	666.4032	8087.764	-6001.8364	4.5689316	4.197737	113.71003	-12.6130085	-41.260513	3811.6716	26211.262880802155
182	14.816947	7.284261	41.990105	10.053205	13.896855	0.0	13.896855	13.896855	200.0	200.0	1819999	22.62451	643.1364	7614.693	-5981.5034	22.622126	643.1226	7630.9424	-5982.188	4.2046514	3.9379318	118.37807	-12.496581	-19.974104	3597.9695	26359.156435728073
183	12.224448	4.6338906	32.88108	8.140474	4.647152	0.0	4.647152	4.647152	200.0	200.0	1829999	12.821676	627.55884	8135.3354	-5653.396	12.822791	627.6121	7800.794	-5655.946	4.1384425	3.9536986	117.70181	-12.415042	-10.810273	3355.388	26505.56672143936
184	11.437313	2.4763753	16.662445	5.348186	9.124662	0.0	9.124662	9.124662	200.0	200.0	1839999	15.993942	617.8831	7720.5854	-5481.2637	15.987664	617.88763	7671.5215	-5484.987	4.391513	4.1634755	105.34391	-12.475313	-14.1022625	3221.2864	26651.678409814835
185	11.622669	5.90124	51.052498	8.019714	9.730864	9.536743e-07	9.730863	9.730863	200.0	200.0	1849999	31.77692	604.51385	8366.066	-5084.224	31.775143	604.41	7995.4014	-5229.989	4.2466826	3.8505058	112.74273	-12.03645	-30.211838	2974.4163	26798.355062246323
186	9.567157	1.1669873	14.973945	7.515183	10.061071	0.0	10.061071	10.061071	200.0	200.0	1859999	44.174934	586.7723	7631.505	-5433.523	44.178246	586.7204	7224.511	-4998.004	4.0905414	3.784959	111.1846	-12.648125	-42.62752	2919.5896	26951.678822040558
187	9.422482	1.2224374	15.547831	7.654633	6.534827	4.7683716e-07	6.5348277	6.5348277	200.0	200.0	1869999	31.338287	565.4093	6999.217	-5094.1855	31.341942	565.3237	6985.1685	-5052.119	3.9822278	3.8732119	129.22092	-12.815468	-29.76309	2807.6553	27106.418859243393
188	8.502888	2.5011382	15.077245	3.2937894	3.2783058	2.3841858e-07	3.278306	3.278306	200.0	200.0	1879999	36.49739	552.10284	8123.8955	-4938.423	36.497932	552.0	7837.771	-4718.1465	3.9029357	3.809787	117.34316	-11.968786	-34.763973	3041.2485	27259.714710712433
189	3.0580204	1.3436172	11.544029	2.0887518	2.410332	0.0	2.410332	2.410332	200.0	200.0	1889999	35.755314	531.6945	7637.651	-4748.3047	35.75575	531.67505	7334.9546	-4857.4614	4.0890937	3.7865713	110.62049	-11.625042	-34.358433	2918.6448	27413.122671842575
190	3.558265	1.0376834	7.3781834	2.3712132	4.4953775	4.7683716e-07	4.495378	4.495378	200.0	200.0	1899999	26.075348	504.34808	6353.66	-4447.7354	26.077723	504.34348	6288.4307	-4703.2383	3.8092592	3.8399267	96.170425	-12.761192	-24.837885	2432.5415	27567.705815792084
191	10.300906	3.6781821	16.722519	2.980764	11.339537	0.0	11.339537	11.339537	200.0	200.0	1909999	15.489176	487.5312	6440.2026	-4377.571	15.480571	487.4734	6610.0938	-4351.452	4.0362444	4.100433	122.96996	-11.128445	-14.69938	2251.1096	27721.319972991943
192	9.508668	2.945572	14.826205	4.3778286	10.07234	0.0	10.07234	10.07234	200.0	200.0	1919999	15.854718	476.71582	6614.877	-4459.751	15.851851	476.71774	6457.828	-4363.7236	3.9924884	4.035199	180.51129	-11.836436	-14.862175	2305.4233	27879.53123831749
193	9.97527	5.5104456	43.983288	3.103349	18.793148	0.0	18.793148	18.793148	200.0	200.0	1929999	10.599253	464.25	6955.36	-4465.8457	10.596723	464.2463	7274.2925	-4341.872	3.7084484	3.891095	123.12451	-13.321451	-9.426803	2407.4705	28033.438172340393
194	23.080896	11.406644	71.319275	9.826653	28.01618	0.0	28.01618	28.01618	200.0	200.0	1939999	38.715378	458.07352	7578.829	-4027.1702	38.71238	458.03983	7384.4214	-4061.6897	4.243541	3.9066093	115.19056	-15.742188	-38.26195	2301.775	28188.317353248596
195	17.88379	3.4616144	30.879435	14.208426	16.451635	1.9073486e-06	16.451637	16.451637	200.0	200.0	1949999	55.732433	451.9954	8671.34	-4310.697	55.72099	451.96848	8299.268	-4245.3984	4.193104	3.862181	129.63646	-12.379462	-55.10012	2346.6155	28343.08262872696
196	50.125713	107.45311	603.8673	10.761566	496.45038	3.0517578e-05	496.4504	496.4504	200.0	200.0	1959999	50.371853	442.9281	8241.999	-4228.1714	50.37313	442.88452	8305.859	-4146.2275	3.8815134	3.8150463	101.713776	-10.867022	-49.04244	2300.9563	28498.528555631638
197	105.29825	180.01189	817.0194	15.011833	17.383728	0.0	17.383728	17.383728	200.0	200.0	1969999	40.05007	441.36368	7957.4307	-4276.1978	40.047295	441.37375	7649.654	-4196.1353	4.211588	3.8918612	107.3364	-10.965643	-39.05222	2373.4067	28653.677766561508
198	22.56966	8.101573	50.547543	12.080209	16.241346	0.0	16.241346	16.241346	200.0	200.0	1979999	62.90272	439.63132	7182.8677	-4107.56	62.892414	439.5782	7061.643	-3997.9844	4.1776514	3.8089132	73.736404	-14.137552	-62.247044	2292.495	28804.8633146286
199	18.583149	19.07284	99.8151	3.8514755	11.511484	9.536743e-07	11.511485	11.511485	200.0	200.0	1989999	70.32638	436.34842	8120.8823	-3991.8647	70.33048	436.35062	7831.1826	-3992.7654	3.8728194	3.8607461	100.99512	-14.273701	-68.948235	2428.2473	28960.407734394073
200	90.981064	254.96913	1316.3292	4.1492877	26.121283	1.9073486e-06	26.121284	26.121284	200.0	200.0	1999999	86.20624	454.55136	9656.082	-3816.3376	86.21485	454.50128	9010.84	-3802.2146	4.2600894	4.0181503	189.4357	-13.110734	-85.045265	3093.9233	29117.203288555145
201	36.04974	25.532644	165.35576	5.1026635	16.96796	0.0	16.96796	16.96796	200.0	200.0	2009999	133.25212	467.65292	8819.542	-3571.2153	133.24751	467.5916	8771.225	-3656.6438	4.7294097	3.8705003	147.6638	-12.280498	-133.09662	2743.206	29271.767415046692
202	13.403207	11.37093	56.81992	4.65258	5.74198	4.7683716e-07	5.7419796	5.7419796	200.0	200.0	2019999	147.50009	447.09003	8112.5874	-3513.5251	147.4982	447.13715	8050.165	-3511.0317	4.329886	3.6177866	78.75165	-14.026257	-146.94627	2300.0728	29426.901950120926
203	6.767912	4.4529433	34.315327	4.029437	7.4133635	9.536743e-07	7.4133644	7.4133644	200.0	200.0	2029999	157.23811	425.52942	6255.4575	-3554.8108	157.23784	425.56284	6223.573	-3517.7961	4.0411057	3.5364187	80.10767	-11.41101	-156.30728	2002.305	29583.044597387314
204	7.482636	3.2220402	19.260256	3.9928908	8.875193	9.536743e-07	8.875194	8.875194	200.0	200.0	2039999	156.35321	403.31018	5110.6567	-3482.2126	156.35187	403.30743	5071.318	-3495.923	3.6935973	3.4687693	99.75995	-13.767534	-155.24442	1823.3004	29739.69372487068
205	9.213134	2.1876664	15.599205	4.798541	9.804747	0.0	9.804747	9.804747	200.0	200.0	2049999	160.26025	388.2111	5392.4893	-3446.5144	160.26263	388.20316	5389.1094	-3450.623	3.6462333	3.53027	80.012505	-12.736636	-159.45744	1758.0444	29896.37611937523
206	11.758101	7.719297	36.264786	4.5392933	10.557405	0.0	10.557405	10.557405	200.0	200.0	2059999	155.10573	366.18146	5894.185	-3158.1887	155.1047	366.13403	5659.7593	-3227.0454	3.2667909	3.439975	79.6877	-12.35714	-153.99202	1595.2688	30051.014293670654
207	20.608023	10.4385195	43.817543	7.8093	9.347726	0.0	9.347726	9.347726	200.0	200.0	2069999	138.17804	348.5443	6102.1626	-3089.2366	138.16891	348.55286	6072.8223	-3179.9768	3.176888	3.623814	71.572525	-13.289876	-137.11732	1670.484	30204.727069616318
208	10.492282	3.5202389	19.308447	3.1096282	10.639038	0.0	10.639038	10.639038	200.0	200.0	2079999	115.418655	323.3504	5217.4956	-2982.2524	115.41079	323.28882	5245.943	-2992.9429	2.8482623	3.4936826	89.378784	-12.437666	-114.18717	1562.7666	30358.312433481216
209	9.705788	3.8460646	27.1772	3.9195929	6.266084	4.7683716e-07	6.2660847	6.2660847	200.0	200.0	2089999	84.59726	309.9787	5533.4497	-3017.6733	84.59278	309.94327	5049.871	-2876.9934	2.5804036	3.3789663	83.129715	-12.762018	-83.119446	1270.042	30514.15104174614
210	9.86348	2.6504486	17.952627	4.2518096	10.191374	0.0	10.191374	10.191374	200.0	200.0	2099999	73.70947	302.92923	5534.4653	-2909.251	73.704865	302.9103	5476.493	-2865.2422	2.6787164	3.397602	98.86675	-12.741826	-72.51383	1162.3622	30670.70562505722
211	12.672088	4.904146	39.94973	5.6725245	23.097685	0.0	23.097685	23.097685	200.0	200.0	2109999	83.00576	297.03955	5459.2505	-2577.5503	82.999115	297.03168	5437.206	-2605.7402	2.8774056	3.2996354	79.15793	-11.65473	-82.07953	1069.373	30826.091259479523
212	10.620999	1.0578401	15.640982	7.8683457	13.834615	0.0	13.834615	13.834615	200.0	200.0	2119999	99.27803	295.81952	5001.401	-2549.374	99.27745	295.77448	4648.119	-2511.3694	3.0925574	3.4055884	82.35337	-14.964369	-98.415146	1082.9736	30981.584891796112
213	10.949621	1.5529522	15.34381	3.659613	10.705856	0.0	10.705856	10.705856	200.0	200.0	2129999	118.06635	287.1303	4831.04	-2632.4404	118.058784	287.15	4749.4937	-2579.6294	3.0484996	3.456639	88.543594	-12.771845	-117.461426	1142.7234	31136.409003019333
214	13.194973	4.418286	30.122276	5.930686	10.383664	9.536743e-07	10.383663	10.383663	200.0	200.0	2139999	115.83911	270.6695	4973.857	-2544.2615	115.8441	270.6236	4960.6353	-2560.0088	2.874177	3.3815055	96.20973	-12.4724655	-114.83218	1161.1855	31289.318665504456
215	11.389983	2.0794964	20.166178	9.887332	9.842096	0.0	9.842096	9.842096	200.0	200.0	2149999	102.72335	256.63248	6646.616	-2481.5483	102.72941	256.61462	6592.642	-2394.91	2.743144	3.4980433	70.71376	-13.209359	-101.61314	1195.177	31442.954258918762
216	10.908161	2.1833744	22.806513	9.889066	10.078371	9.536743e-07	10.078372	10.078372	200.0	200.0	2159999	82.945114	237.74748	6308.875	-2259.9753	82.94874	237.79015	6391.1455	-2206.263	2.5626647	3.3707585	72.82369	-12.587754	-81.84555	997.1208	31598.289199113846
217	12.044253	3.4211483	27.993479	9.279095	15.589949	0.0	15.589949	15.589949	200.0	200.0	2169999	63.502716	216.49507	4756.0254	-2308.951	63.50018	216.50343	4937.597	-2191.961	2.1860347	3.2336316	106.109695	-15.799358	-62.31956	826.9436	31750.572920084
218	11.321368	3.0138054	27.823757	8.321825	11.82355	9.536743e-07	11.823551	11.823551	200.0	200.0	2179999	54.045647	203.13329	3395.8987	-2439.018	54.04378	203.17003	3166.2302	-2390.8564	2.0210772	3.1038618	108.974075	-12.788378	-53.174213	663.28394	31907.634039878845
219	11.965577	4.059414	28.286776	4.72851	8.883631	0.0	8.883631	8.883631	200.0	200.0	2189999	50.543644	192.711	3049.9387	-2149.004	50.543316	192.70204	3276.8843	-2126.6277	1.8930839	3.1294158	96.50754	-15.014892	-49.530888	655.13074	32060.367363214493
220	11.451503	2.0897224	22.07057	9.698074	12.856458	9.536743e-07	12.856457	12.856457	200.0	200.0	2199999	51.505604	176.67352	2529.9585	-2363.451	51.50378	176.65164	2596.2732	-2085.174	1.9756962	3.1089582	73.7252	-14.086159	-50.744587	546.8616	32214.526656866074
221	10.269043	2.7190125	23.976103	7.4842367	5.6372423	0.0	5.6372423	5.6372423	200.0	200.0	2209999	45.844482	161.0958	2991.8354	-2636.3718	45.84388	161.15617	3131.1086	-2471.5925	1.8284919	3.3236682	87.91753	-12.178219	-45.09165	600.80566	32367.00176858902
222	15.259492	21.800825	160.996	4.1585164	8.394112	0.0	8.394112	8.394112	200.0	200.0	2219999	40.134068	154.69165	3782.9592	-2582.4768	40.136993	154.71324	3688.5515	-2323.5205	1.8532757	3.0980353	78.483475	-13.114554	-39.46601	596.5533	32521.55184698105
223	52.848827	150.99565	1081.6178	4.0487556	73.0581	0.0	73.0581	73.0581	200.0	200.0	2229999	54.838947	161.69965	3802.5925	-2823.2742	54.831455	161.61787	3816.76	-2600.247	2.649328	3.1895235	69.50433	-12.2991295	-54.7082	680.2126	32677.152732610703
224	22.652893	14.999272	62.822197	10.419825	10.392431	0.0	10.392431	10.392431	200.0	200.0	2239999	84.84395	170.86604	3529.3828	-2713.3088	84.838615	170.85854	3465.7996	-2696.6145	2.4321897	2.8629663	95.05343	-12.166917	-84.38849	522.2685	32832.9829492569
225	11.635787	1.6054381	15.632829	10.29914	10.560714	0.0	10.560714	10.560714	200.0	200.0	2249999	99.107895	168.09525	3032.8472	-2753.0815	99.10747	168.09662	2920.9521	-2711.454	2.1426814	2.7368884	87.952225	-15.5224085	-98.77592	454.8927	32987.32342028618
226	10.776467	0.93356115	15.067596	10.030907	10.211165	0.0	10.211165	10.211165	200.0	200.0	2259999	90.691696	156.59645	2829.9802	-2437.3928	90.68835	156.57727	3045.1309	-2469.7603	1.840998	2.8087168	151.20876	-12.660488	-90.23199	421.6448	33141.11537075043
227	10.2462435	1.1481057	16.07824	7.91367	8.134943	0.0	8.134943	8.134943	200.0	200.0	2269999	69.9201	138.7867	3120.5737	-2319.6484	69.92143	138.7587	3182.0752	-2370.8228	1.6147047	2.8240318	75.27077	-13.16761	-69.279434	419.13895	33295.71830487251
228	10.529009	1.1213889	15.093297	8.763695	10.578814	0.0	10.578814	10.578814	200.0	200.0	2279999	50.312454	123.366	2901.3643	-2305.3977	50.311283	123.384865	3056.0876	-2409.5247	1.2237211	2.6907227	71.22391	-13.627384	-49.510895	378.8891	33450.97048854828
229	11.708431	2.670706	22.623827	10.029575	10.036313	9.536743e-07	10.036312	10.036312	200.0	200.0	2289999	34.20254	113.56073	2692.1248	-2135.1577	34.19527	113.53605	2800.6404	-2156.727	1.121081	2.6286278	63.609505	-13.088281	-33.434105	307.4048	33604.947702646255
230	12.853663	4.4390054	31.989326	8.208458	12.806499	0.0	12.806499	12.806499	200.0	200.0	2299999	26.104225	109.05887	3344.74	-1959.9093	26.104364	109.120995	3332.888	-1988.4662	0.9650639	2.6746905	64.72923	-13.049556	-25.390875	337.10806	33764.33338403702
231	15.305539	25.550137	192.0331	4.1164947	10.065588	0.0	10.065588	10.065588	200.0	200.0	2309999	24.580885	116.902695	4420.487	-1818.8431	24.581451	116.94576	4421.744	-1806.1915	1.3743371	2.9060378	81.332504	-13.787071	-24.085165	481.7381	33918.4503493309
232	54.013317	149.49826	1067.96	5.1470838	27.323267	0.0	27.323267	27.323267	200.0	200.0	2319999	125.94229	239.58098	4636.2227	-2022.5153	125.938736	239.23146	4556.86	-2063.2405	3.9564288	3.9441044	70.649345	-12.391982	-130.25676	1423.9976	34072.322253227234
233	22.920933	10.412438	53.811054	9.525812	9.564704	0.0	9.564704	9.564704	200.0	200.0	2329999	440.3434	348.9119	3733.0884	-2285.3784	440.34842	348.44934	3773.1394	-2293.8733	5.3275557	3.3719037	77.0377	-12.02025	-443.3719	1863.5176	34227.43709611893
234	10.169046	0.3130396	11.423041	9.783138	10.003806	0.0	10.003806	10.003806	200.0	200.0	2339999	562.5701	361.22833	3455.5034	-2425.8564	562.5669	361.21817	3486.3188	-2437.6475	4.602886	3.3006396	79.721886	-15.265331	-563.89667	1732.2734	34384.12275934219
235	11.436925	1.6074655	19.136652	9.22172	14.542864	9.536743e-07	14.542863	14.542863	200.0	200.0	2349999	553.60455	349.2818	3310.6975	-2281.5684	553.6064	349.24313	3314.8193	-2350.843	3.931782	3.2175446	60.7361	-11.600952	-553.18066	1677.2584	34540.59515309334
236	11.755681	1.6891751	15.416149	10.271256	15.97191	9.536743e-07	15.9719095	15.9719095	200.0	200.0	2359999	529.41046	328.51468	2997.5425	-2352.6677	529.40216	328.48566	3012.953	-2389.105	3.7864597	3.2851293	121.18609	-11.429188	-528.64166	1485.3215	34695.99329996109
237	14.4525585	2.5393636	25.60374	9.995868	11.2530575	0.0	11.2530575	11.2530575	200.0	200.0	2369999	438.04352	289.2925	2479.2268	-2154.845	438.04126	289.2655	2613.1448	-2327.192	3.1554744	3.1787665	115.462975	-14.875742	-436.72415	1215.0767	34850.09742498398
238	15.059107	4.3838916	32.08554	9.25656	9.9653	0.0	9.9653	9.9653	200.0	200.0	2379999	337.45844	259.31833	2073.6262	-2419.3901	337.45758	259.20917	2110.422	-2214.8218	2.7122245	3.1725383	96.72318	-14.161503	-335.88586	1033.3876	35000.623527765274
239	12.875724	3.993601	30.964935	8.313929	10.990303	0.0	10.990303	10.990303	200.0	200.0	2389999	273.22742	233.43796	2000.3563	-2451.8928	273.2305	233.35254	2038.1796	-2195.8513	2.3351455	3.0788486	139.67471	-12.295487	-271.78708	820.4342	35156.53094434738
240	11.207568	1.2315189	16.247442	9.304139	14.252535	0.0	14.252535	14.252535	200.0	200.0	2399999	252.93546	214.55649	2514.6963	-2171.9622	252.93556	214.48492	2688.5984	-2122.9192	2.4324286	3.0382276	89.750595	-12.097171	-252.05382	729.2172	35310.1704788208
241	10.558685	0.9122575	13.001944	8.96718	10.417763	0.0	10.417763	10.417763	200.0	200.0	2409999	232.50189	196.13573	2818.2026	-1979.3606	232.49762	196.08908	2802.1558	-2048.0173	2.3351517	3.2042012	126.56052	-13.218823	-231.68413	638.4039	35464.92283129692
242	10.435325	1.1978164	15.029424	9.138716	13.445662	0.0	13.445662	13.445662	200.0	200.0	2419999	184.21643	177.78854	3442.0623	-1938.5648	184.21582	177.73679	3517.9958	-1948.135	2.1229305	3.266462	80.43048	-13.773061	-183.08342	591.13873	35619.89141535759
243	13.682008	4.84666	39.148167	9.71118	14.874685	9.536743e-07	14.874686	14.874686	200.0	200.0	2429999	144.87901	168.05803	3719.4373	-2312.7285	144.88083	168.08089	3763.0244	-2318.698	2.0276206	3.003412	90.596924	-14.151453	-143.81235	580.7413	35777.04433989525
244	21.556221	10.917818	55.329464	7.5784283	30.826303	1.9073486e-06	30.826305	30.826305	200.0	200.0	2439999	106.3788	155.22023	3643.8916	-2467.1328	106.38237	155.18169	3636.335	-2479.3457	1.6521097	2.9296348	88.93898	-13.9574375	-104.961365	583.4807	35929.40044641495
245	18.286095	12.897742	78.08318	9.2587805	11.767046	9.536743e-07	11.767047	11.767047	200.0	200.0	2449999	62.729908	148.39114	3286.3545	-2693.7676	62.72887	148.31474	3320.9958	-2690.6892	1.5836083	2.7525902	91.48399	-12.4482975	-61.318607	486.2364	36083.99571967125
246	10.785517	1.8341539	19.852343	9.892871	11.993799	0.0	11.993799	11.993799	200.0	200.0	2459999	33.605274	136.97365	2885.006	-2738.513	33.602196	136.90549	2940.8801	-2756.2334	1.5296685	2.9345105	56.317276	-12.353067	-32.32299	369.90677	36235.80337047577
247	10.601492	0.9564849	14.103732	9.768431	10.0132885	0.0	10.0132885	10.0132885	200.0	200.0	2469999	14.67653	127.46731	2837.7861	-2545.8057	14.676976	127.40425	2715.5078	-2527.0496	1.2383296	2.8236594	103.912125	-13.028687	-13.411075	331.8562	36388.96592879295
248	10.939227	1.3170227	15.298928	9.133198	9.658545	0.0	9.658545	9.658545	200.0	200.0	2479999	7.3723435	120.38892	3261.262	-2395.4019	7.370415	120.33091	3189.2573	-2426.1335	1.424803	3.122397	111.99341	-13.935933	-6.380468	319.29825	36543.78527069092
249	9.852444	1.3951744	13.969453	6.000075	6.33635	0.0	6.33635	6.33635	200.0	200.0	2489999	8.119425	122.53466	3380.7053	-2685.7422	8.119074	122.53379	3426.9045	-2640.9355	1.5593609	3.340764	180.47719	-11.511235	-7.216957	386.8542	36699.66725945473
250	10.999629	3.9215665	24.002043	6.0094423	10.98334	9.536743e-07	10.983341	10.983341	200.0	200.0	2499999	9.804107	123.70603	3298.6533	-2802.0945	9.800999	123.72148	3306.9094	-2756.465	1.9358128	3.4546523	74.0721	-13.9350195	-8.8722	475.8597	36855.42581605911
