Epoch	AverageEpRet	StdEpRet	MaxEpRet	MinEpRet	AverageTestEpRet	StdTestEpRet	MaxTestEpRet	MinTestEpRet	EpLen	TestEpLen	TotalEnvInteracts	AverageQ1Vals	StdQ1Vals	MaxQ1Vals	MinQ1Vals	AverageQ2Vals	StdQ2Vals	MaxQ2Vals	MinQ2Vals	AverageLogPi	StdLogPi	MaxLogPi	MinLogPi	LossPi	LossQ	Time
1	12.504935	6.3484178	40.35402	4.888856	15.349047	9.536743e-07	15.349046	15.349046	200.0	200.0	9999	12.063005	6.596881	44.32616	-0.099562295	12.063084	6.5967593	44.06052	0.073517986	-2.7303	0.25597918	3.1776185	-9.295766	-12.598321	0.01956879	115.46409034729004
2	13.234259	6.5372295	40.765717	6.362938	14.238722	0.0	14.238722	14.238722	200.0	200.0	19999	29.748047	4.9288926	68.00093	16.783318	29.748049	4.928748	67.28389	17.492855	-2.7308266	0.25078246	6.485449	-8.736914	-30.272413	0.03508155	244.910502910614
3	21.081823	19.26598	99.59582	6.239968	23.38847	1.9073486e-06	23.388468	23.388468	200.0	200.0	29999	41.27427	4.457696	87.49491	8.1806345	41.274254	4.4575734	86.37595	7.798218	-2.72925	0.25853977	5.159414	-9.9095955	-41.780308	0.11544657	375.7024259567261
4	19.276905	12.738962	69.418884	6.8979335	67.9076	0.0	67.9076	67.9076	200.0	200.0	39999	48.424244	5.1566415	93.948364	-0.039812736	48.42433	5.1543326	93.306015	-0.897942	-2.7167666	0.30946022	8.189324	-8.775994	-48.90876	0.4197218	508.834552526474
5	20.239498	10.1253	47.7807	6.1528196	102.52909	0.0	102.52909	102.52909	200.0	200.0	49999	52.73359	5.4403386	109.5779	1.4019675	52.733807	5.438683	113.52127	0.45086545	-2.6957788	0.4137379	12.031756	-10.547742	-53.199837	0.7544124	643.598007440567
6	24.11428	19.767796	102.65722	7.9101276	33.813843	0.0	33.813843	33.813843	200.0	200.0	59999	55.001553	6.063837	179.36829	-0.18232138	55.001728	6.065547	182.20604	-1.1137918	-2.680332	0.48357478	14.9739065	-11.774606	-55.447563	0.68510956	779.5759310722351
7	26.937796	18.984583	109.2101	9.219934	103.53617	0.0	103.53617	103.53617	200.0	200.0	69999	56.22391	7.7848716	191.173	-2.4135773	56.223675	7.7872176	194.1549	-2.7173076	-2.644943	0.6363449	14.925073	-10.138835	-56.639137	1.3973645	910.2869837284088
8	29.915173	21.159883	90.512405	9.942825	52.937664	0.0	52.937664	52.937664	200.0	200.0	79999	56.41197	7.9901266	164.89801	-1.3349735	56.411556	7.9920526	155.92067	-0.9763095	-2.6246426	0.6360832	12.310572	-9.426838	-56.819733	1.8349596	1046.4713380336761
9	29.655272	19.07466	100.76751	9.422522	100.00383	7.6293945e-06	100.00382	100.00382	200.0	200.0	89999	56.319664	7.75313	119.77448	11.654237	56.319668	7.7525034	120.68356	11.5397005	-2.6256552	0.59446245	12.640284	-9.6603365	-56.72152	1.4523163	1183.1311259269714
10	46.58292	37.13655	209.1906	8.7562895	75.917336	7.6293945e-06	75.91733	75.91733	200.0	200.0	99999	55.94383	7.791241	87.85393	13.126531	55.943874	7.792025	89.96735	13.42095	-2.644219	0.49739233	8.639176	-10.839771	-56.339256	1.1626489	1323.8872549533844
11	53.61783	56.869675	377.3574	10.916761	102.30879	0.0	102.30879	102.30879	200.0	200.0	109999	55.387405	8.277312	74.38985	16.573944	55.38748	8.277055	74.59748	17.274153	-2.641845	0.48705107	5.91355	-8.655349	-55.779236	1.2607936	1462.8857960700989
12	90.7698	86.53548	390.50626	10.931804	123.55202	0.0	123.55202	123.55202	200.0	200.0	119999	55.164906	8.853619	77.98411	9.690725	55.164917	8.853688	78.330795	10.504127	-2.6122065	0.54386044	5.4938555	-8.711089	-55.550476	1.5848353	1598.6693172454834
13	107.96133	90.65659	604.24756	16.712378	119.88566	7.6293945e-06	119.885666	119.885666	200.0	200.0	129999	55.49887	9.845189	106.07216	-6.029232	55.49901	9.843748	103.86014	-6.964539	-2.5692499	0.62185377	9.210027	-9.2225065	-55.854313	2.1815524	1729.8559987545013
14	111.88637	66.17982	259.0887	23.686382	116.51473	7.6293945e-06	116.514725	116.514725	200.0	200.0	139999	56.260025	11.874043	118.97295	-32.249638	56.260048	11.872146	121.11676	-29.758772	-2.488244	0.738715	9.612112	-9.551588	-56.572094	3.4435968	1872.0190081596375
15	120.58774	62.13377	246.41621	23.73521	203.00858	0.0	203.00858	203.00858	200.0	200.0	149999	56.988644	15.148525	147.56595	-40.811733	56.98868	15.146068	143.67392	-42.629826	-2.3611438	0.9074358	11.053516	-10.617264	-57.2438	5.437161	2015.422813653946
16	137.05489	92.41805	491.70306	26.16943	272.21585	0.0	272.21585	272.21585	200.0	200.0	159999	57.8995	18.890059	141.7288	-55.524284	57.90024	18.885462	140.51468	-58.125984	-2.2008479	1.0540203	11.764862	-12.89746	-58.118374	7.7039475	2158.6592168807983
17	175.325	116.68567	507.71667	31.644094	99.905685	7.6293945e-06	99.90568	99.90568	200.0	200.0	169999	58.123158	22.641582	151.20276	-83.59039	58.124832	22.63529	150.47777	-88.6719	-2.0237374	1.1775895	9.936817	-11.567745	-58.3145	9.690452	2302.7228100299835
18	151.3081	96.07428	682.11084	40.2427	152.0145	1.5258789e-05	152.01448	152.01448	200.0	200.0	179999	59.818295	27.245451	150.0932	-99.16963	59.818825	27.241783	151.94777	-100.46384	-1.8723539	1.2927018	10.735941	-10.943031	-59.983173	12.208585	2441.143501996994
19	133.05244	72.2398	425.90085	6.452689	103.11333	0.0	103.11333	103.11333	200.0	200.0	189999	62.82883	31.857944	174.8691	-111.56554	62.829475	31.85145	171.02852	-116.71626	-1.746811	1.3965406	11.239124	-10.9606285	-62.975536	14.851169	2582.4082686901093
20	162.59656	71.49259	336.25192	47.341	101.957825	0.0	101.957825	101.957825	200.0	200.0	199999	65.68018	35.048195	192.58537	-130.74562	65.68128	35.041634	195.50371	-128.86134	-1.6864685	1.4415989	14.044338	-13.55411	-65.79769	16.518753	2729.056592941284
21	173.43896	111.06682	692.7598	26.82775	103.621994	0.0	103.621994	103.621994	200.0	200.0	209999	68.22519	37.02347	222.19452	-147.45374	68.22636	37.018417	221.75354	-146.6723	-1.6580936	1.4493531	16.784569	-10.901303	-68.32133	18.176552	2871.137360572815
22	257.8963	162.70993	753.93915	25.700874	121.333885	7.6293945e-06	121.33389	121.33389	200.0	200.0	219999	70.69499	39.09062	272.74478	-177.8048	70.69685	39.081497	272.83276	-172.00157	-1.6608101	1.5065836	16.806673	-11.451579	-70.7351	21.849108	3019.0256860256195
23	214.84251	169.8004	678.5546	5.64008	141.88406	0.0	141.88406	141.88406	200.0	200.0	229999	72.36762	43.70018	325.12894	-257.81528	72.36968	43.681072	321.71866	-256.60876	-1.6059558	1.6370318	19.664171	-11.062522	-72.3311	31.884834	3159.1400554180145
24	213.76445	190.90752	703.75214	11.545113	35.921783	0.0	35.921783	35.921783	200.0	200.0	239999	74.33747	52.119053	399.71774	-250.7027	74.34221	52.10005	398.05908	-253.43134	-1.4417664	1.8129623	21.029099	-11.601088	-74.24093	48.30684	3292.9718313217163
25	234.1525	244.01764	738.6903	14.520012	770.841	6.1035156e-05	770.84106	770.84106	200.0	200.0	249999	79.50686	66.47843	512.9961	-249.19176	79.51285	66.44435	515.37213	-252.92459	-1.104369	2.0290675	24.467371	-13.880239	-79.30436	87.75151	3439.4249527454376
26	317.56247	256.2806	799.9489	6.0313196	86.184586	7.6293945e-06	86.18459	86.18459	200.0	200.0	259999	86.6164	84.421776	607.7557	-294.1976	86.61626	84.38377	590.38544	-292.41312	-0.61687845	2.267578	24.190355	-11.627089	-86.375946	138.69623	3578.536019563675
27	250.58156	277.28497	796.0729	3.9971664	702.94714	0.0	702.94714	702.94714	200.0	200.0	269999	99.805954	109.51662	715.26935	-312.13007	99.80601	109.4806	722.485	-314.68637	-0.014310783	2.525285	22.610277	-12.186161	-99.609634	216.11443	3718.2001345157623
28	201.89717	239.4193	716.08813	2.5988832	25.328003	0.0	25.328003	25.328003	200.0	200.0	279999	114.16122	136.47636	814.5135	-334.81747	114.15995	136.4456	815.62604	-342.5683	0.6629179	2.8830097	32.888252	-13.562768	-114.06174	339.5404	3862.008275747299
29	119.66496	188.31444	752.2302	3.5970984	33.219635	0.0	33.219635	33.219635	200.0	200.0	289999	130.28528	165.60007	1015.18866	-375.06952	130.29692	165.5361	992.9243	-385.60855	1.211275	2.975053	34.125374	-14.623352	-130.27545	509.0516	4000.3704421520233
30	182.32266	254.46289	761.47156	3.356278	237.27951	0.0	237.27951	237.27951	200.0	200.0	299999	154.92126	205.1203	1218.909	-464.85608	154.92633	205.08154	1200.0684	-448.86862	1.9147954	3.21245	41.66539	-13.992635	-155.1206	802.527	4138.869513273239
31	213.20238	257.82306	796.6114	2.8846123	5.006097	4.7683716e-07	5.0060973	5.0060973	200.0	200.0	309999	190.75618	255.9484	1402.6763	-652.73517	190.76538	255.8898	1417.9545	-638.42896	2.4661508	3.3680422	51.48907	-12.849752	-191.07115	1176.3931	4278.027380466461
32	238.18282	321.7281	1039.8538	2.5273504	17.138046	0.0	17.138046	17.138046	200.0	200.0	319999	232.67651	318.80606	1690.5857	-847.1695	232.68974	318.7274	1679.6276	-841.4321	3.3974452	3.9303045	52.858	-12.579458	-233.22607	1695.6274	4415.45662021637
33	219.20721	287.63077	800.4607	3.87518	43.258293	3.8146973e-06	43.25829	43.25829	200.0	200.0	329999	286.3691	390.7155	1839.3824	-1081.636	286.4126	390.6112	1846.6871	-1076.6672	4.7106137	4.8774376	43.7101	-15.698401	-287.6678	2351.1775	4559.523423194885
34	287.9296	316.93066	802.7031	7.2642612	616.44806	6.1035156e-05	616.448	616.448	200.0	200.0	339999	349.92154	464.65018	2032.5546	-1383.7822	349.96838	464.53024	2009.6147	-1403.972	4.947656	4.890093	52.8293	-13.183395	-350.97495	3067.4158	4697.602143526077
35	342.18753	334.56412	841.84674	30.745893	92.67522	7.6293945e-06	92.67521	92.67521	200.0	200.0	349999	388.17957	512.0973	2249.2966	-1552.5607	388.1905	512.05194	2167.316	-1545.8147	5.1930914	4.8865952	70.987595	-12.241028	-389.43494	3503.9995	4838.87614274025
36	389.24628	326.09186	892.1724	23.143885	780.17834	0.0	780.17834	780.17834	200.0	200.0	359999	402.93814	547.84094	2451.0095	-1844.2059	402.94025	547.7744	2489.1409	-1823.7699	5.1940994	5.042898	94.83676	-15.324815	-403.93176	3841.1272	4984.131231546402
37	419.97498	305.7498	808.4951	4.7050185	650.7121	6.1035156e-05	650.71216	650.71216	200.0	200.0	369999	415.14404	588.8548	2661.7737	-2100.278	415.17444	588.7315	2788.7388	-2104.2588	5.3108325	4.8559003	101.52672	-12.39524	-416.04636	4295.5215	5123.6936712265015
38	471.54285	270.68536	846.39886	30.246527	688.7705	0.0	688.7705	688.7705	200.0	200.0	379999	437.95993	626.15076	2636.842	-2483.4377	438.00775	626.0375	2635.8828	-2466.1016	5.6777015	5.1797237	99.62102	-13.028277	-439.6889	4479.055	5259.921790122986
39	398.0265	299.75955	818.22363	5.7239313	783.96875	0.0	783.96875	783.96875	200.0	200.0	389999	460.81052	664.6705	2574.6868	-2672.8633	460.82584	664.60834	2536.418	-2614.0237	5.9558387	5.292511	116.26343	-13.524138	-462.0713	4889.499	5401.886551141739
40	340.36185	273.31097	757.7255	12.530661	55.38909	0.0	55.38909	55.38909	200.0	200.0	399999	453.42532	679.5095	2435.0452	-2810.8562	453.4268	679.4128	2489.8474	-2778.628	5.8437724	5.0246444	103.89499	-14.521767	-454.5505	4995.9834	5547.242357969284
41	317.54996	254.66846	735.62396	7.767838	736.45795	0.0	736.45795	736.45795	200.0	200.0	409999	442.65964	678.2986	2257.319	-3003.2898	442.6692	678.28516	2283.503	-2937.391	5.8570094	5.1325116	100.561325	-15.577628	-443.56284	4856.432	5687.599866867065
42	341.50415	227.7369	730.0651	3.8121579	413.42474	0.0	413.42474	413.42474	200.0	200.0	419999	409.3736	656.0458	2039.9784	-3107.597	409.3735	656.02936	2043.2799	-3106.2996	5.6199107	4.935214	92.44771	-11.776077	-409.27344	4494.986	5827.133118867874
43	325.46942	204.02422	730.30914	10.913299	263.98932	3.0517578e-05	263.98935	263.98935	200.0	200.0	429999	353.07037	611.6537	1862.0022	-3339.1365	353.05267	611.6709	1840.8909	-3277.1013	5.166106	4.800256	97.78285	-11.668896	-352.01212	3878.8147	5966.137513160706
44	292.06757	184.00668	739.72943	10.968333	323.42902	3.0517578e-05	323.42905	323.42905	200.0	200.0	439999	277.42993	556.6271	1456.6583	-3457.6797	277.41724	556.6861	1468.5685	-3407.92	4.8931227	4.840171	105.30153	-12.619423	-275.71997	3122.9163	6108.934661626816
45	220.24318	167.38757	699.6131	11.125227	95.19206	7.6293945e-06	95.192055	95.192055	200.0	200.0	449999	212.82921	517.1423	1234.277	-3641.7932	212.82684	517.19653	1305.1886	-3594.0198	4.706105	4.691015	88.0069	-11.9115505	-211.0473	2691.7883	6250.82737326622
46	190.07191	120.94983	608.8906	25.639717	111.44564	0.0	111.44564	111.44564	200.0	200.0	459999	158.8189	478.00616	1352.3004	-4006.2805	158.81602	478.05237	1337.6932	-3956.7231	4.040659	4.2070456	82.81563	-14.98488	-156.88025	2292.1033	6393.341235399246
47	211.22258	182.20633	956.16693	24.235271	375.2133	3.0517578e-05	375.21326	375.21326	200.0	200.0	469999	112.80979	446.08878	1556.4602	-4014.8523	112.814354	446.13626	1575.9785	-3985.721	3.7654486	4.1865973	86.818474	-13.595396	-110.44089	2030.4095	6535.549115657806
48	234.18484	207.49837	766.2468	30.712797	216.826	0.0	216.826	216.826	200.0	200.0	479999	81.615005	427.6469	1394.5896	-4065.5513	81.62599	427.65875	1393.3613	-4073.688	3.8035252	4.3181458	85.2254	-13.230903	-79.42869	1851.8691	6677.447707891464
49	257.04962	193.86313	724.8088	20.600574	68.30119	7.6293945e-06	68.301186	68.301186	200.0	200.0	489999	73.84056	420.00766	1394.5637	-4130.312	73.85122	420.01566	1257.0725	-4088.7935	3.6774268	4.162488	66.25986	-13.15015	-71.57423	1766.2712	6813.523572683334
50	302.00507	257.3817	831.27936	16.09188	153.71902	0.0	153.71902	153.71902	200.0	200.0	499999	78.63174	423.19604	1153.1431	-4117.74	78.63011	423.21292	1118.295	-4101.1978	3.7087636	4.0678973	85.39767	-13.844807	-76.8821	1745.0778	6956.336191892624
51	275.81366	229.58783	790.0542	15.84191	757.3465	6.1035156e-05	757.34644	757.34644	200.0	200.0	509999	85.86813	424.2968	1131.5415	-4134.8574	85.8734	424.29974	1291.2883	-4121.099	3.6068227	3.986951	55.4514	-13.584602	-83.99428	1736.3892	7094.5180542469025
52	441.94193	232.13322	812.3762	19.679855	308.22357	3.0517578e-05	308.22354	308.22354	200.0	200.0	519999	87.12403	420.5073	1141.493	-4090.4854	87.12339	420.53412	1163.6796	-4063.7324	3.4832897	3.9672427	77.95815	-13.25136	-85.297226	1702.6968	7235.762238740921
53	371.17197	264.37088	885.45996	9.658661	481.2816	0.0	481.2816	481.2816	200.0	200.0	529999	86.30501	413.22226	1228.4635	-4031.461	86.304085	413.22452	1233.7234	-3976.432	3.5146687	3.91627	61.661346	-12.871906	-84.372	1678.468	7377.597179889679
54	391.72476	240.69502	789.9309	9.295097	709.1623	6.1035156e-05	709.16235	709.16235	200.0	200.0	539999	86.43583	406.06454	1366.9655	-3826.2239	86.43547	406.07404	1395.0886	-3844.8015	3.4135642	3.8399756	61.79295	-11.918694	-84.54389	1623.589	7516.389227151871
55	438.9534	187.18788	837.8584	91.34965	535.62146	6.1035156e-05	535.6214	535.6214	200.0	200.0	549999	85.74153	403.96622	1563.403	-3905.236	85.74154	403.96924	1483.7462	-3905.259	3.3381495	3.8229113	66.998375	-12.902434	-83.83749	1585.0748	7654.730068683624
56	423.9789	246.62035	823.9094	10.1524315	711.16846	0.0	711.16846	711.16846	200.0	200.0	559999	90.16941	402.2412	1316.5944	-3922.2046	90.1732	402.24945	1354.9309	-3948.327	3.3671458	3.89774	74.33716	-13.109763	-88.35752	1498.509	7796.950188398361
57	487.28094	204.55629	768.4512	15.606973	623.1499	0.0	623.1499	623.1499	200.0	200.0	569999	80.42955	399.11154	861.51337	-4085.871	80.42899	399.1184	850.7085	-4133.435	3.247792	3.8129575	70.77932	-14.077508	-78.46251	1470.9048	7937.433772325516
58	446.08118	280.9726	867.86426	5.740374	664.52747	6.1035156e-05	664.5275	664.5275	200.0	200.0	579999	75.41616	402.55795	874.3213	-4195.2573	75.41986	402.57254	853.1208	-4242.2793	3.0500226	3.612704	69.72933	-13.017359	-73.445816	1438.7334	8079.743363857269
59	426.9462	251.41226	774.8687	12.316977	97.03492	0.0	97.03492	97.03492	200.0	200.0	589999	70.630714	400.5001	885.8592	-4519.0923	70.62717	400.5243	852.5516	-4520.7017	3.0063443	3.6352198	89.01333	-14.384981	-68.69165	1428.8207	8221.49759554863
60	440.89035	259.41812	913.841	4.142693	788.6547	0.0	788.6547	788.6547	200.0	200.0	599999	60.131264	403.93878	990.881	-4899.4805	60.13266	403.95782	1010.1282	-4919.7173	2.935183	3.604352	63.39142	-13.740916	-58.04094	1394.1906	8356.94907951355
61	368.53372	215.0276	789.4911	12.100041	84.90431	0.0	84.90431	84.90431	200.0	200.0	609999	50.051476	411.95786	1060.8574	-5186.2153	50.050667	411.98392	1072.4865	-5292.2637	2.8696158	3.4850402	69.44532	-17.096855	-47.92693	1432.1636	8499.632139205933
62	457.44034	220.9905	817.77136	26.743729	9.67053	9.536743e-07	9.670529	9.670529	200.0	200.0	619999	45.816254	425.26193	1044.4329	-5557.282	45.818745	425.27014	1050.1611	-5570.857	3.0498092	3.5312512	61.831104	-19.221535	-43.770508	1466.2375	8641.559596061707
63	489.6615	212.47534	808.06775	5.225019	550.9137	6.1035156e-05	550.91376	550.91376	200.0	200.0	629999	54.99298	443.3189	1017.59344	-5928.99	54.99583	443.33337	1066.0032	-5917.2456	3.3791897	3.7116807	87.87274	-12.115261	-53.26713	1591.182	8783.270588636398
64	468.87976	234.74924	906.054	3.9324	76.10121	7.6293945e-06	76.10122	76.10122	200.0	200.0	639999	57.618816	456.54694	1023.3151	-6281.9414	57.619743	456.54822	1036.1144	-6333.109	3.2541463	3.5029018	69.6746	-13.432026	-55.510456	1655.7177	8925.99208855629
65	404.39526	198.73103	778.9815	41.886875	569.6725	6.1035156e-05	569.67255	569.67255	200.0	200.0	649999	51.18501	461.0248	1022.6802	-6577.77	51.190792	461.0359	1007.6496	-6605.3306	3.412285	3.5510046	86.22125	-12.244198	-49.07281	1629.5829	9066.665714979172
66	474.89478	199.34715	949.17114	16.910763	679.8285	6.1035156e-05	679.8284	679.8284	200.0	200.0	659999	41.73841	464.8455	1062.8563	-6777.1343	41.7396	464.85132	1069.4738	-6811.8174	3.3684719	3.7421346	99.034096	-11.882985	-39.39645	1633.522	9206.113238573074
67	434.01633	233.77588	796.8074	7.952582	318.51324	0.0	318.51324	318.51324	200.0	200.0	669999	33.431892	466.44998	1023.092	-7098.1133	33.432346	466.4639	1026.8447	-7141.095	3.3621924	3.7008922	75.02785	-14.465635	-31.233038	1606.4243	9348.268246889114
68	395.1969	252.35803	850.49066	10.356091	107.029686	7.6293945e-06	107.02969	107.02969	200.0	200.0	679999	23.650333	475.37558	954.95123	-7397.7017	23.64763	475.3894	945.47766	-7464.9155	3.2875156	3.6680467	94.22609	-13.918583	-21.257994	1649.4781	9486.58030128479
69	479.47186	274.5685	1136.3798	16.434553	60.52135	3.8146973e-06	60.521347	60.521347	200.0	200.0	689999	26.318695	482.1962	937.47363	-7599.8306	26.317474	482.20227	951.268	-7576.308	3.5196493	4.112226	134.82722	-12.866523	-23.964674	1681.9338	9628.615619897842
70	470.2461	280.2773	1138.945	16.937965	688.6158	0.0	688.6158	688.6158	200.0	200.0	699999	32.084496	500.79022	954.69916	-7774.6763	32.087067	500.8014	967.1171	-7864.747	3.7778485	4.230824	92.66475	-14.766302	-29.885868	1766.3431	9768.542607545853
71	467.45712	225.36702	902.2	10.285691	700.31885	0.0	700.31885	700.31885	200.0	200.0	709999	29.016068	512.55475	913.9272	-8026.908	29.019545	512.56946	924.17944	-8097.4756	3.6411602	3.7930753	93.25987	-11.969074	-26.71731	1845.8077	9909.438898086548
72	499.50458	275.31384	1126.177	8.435668	507.38394	3.0517578e-05	507.38397	507.38397	200.0	200.0	719999	26.972595	523.7516	1009.2455	-8181.9014	26.974253	523.76166	975.7476	-8365.352	3.8224423	4.286551	87.31867	-12.503547	-24.598278	1907.0586	10050.126339197159
73	531.848	268.43674	1173.8004	4.102576	668.46735	0.0	668.46735	668.46735	200.0	200.0	729999	39.925835	536.424	993.9985	-8532.713	39.92781	536.42975	980.8243	-8491.018	3.9347467	3.945031	89.868965	-13.085354	-37.93274	1993.7882	10191.358173370361
74	500.05188	230.33353	952.0132	6.3216496	672.63684	6.1035156e-05	672.6369	672.6369	200.0	200.0	739999	44.316647	540.2805	1002.33453	-8432.272	44.321045	540.2677	976.636	-8582.446	3.9674547	4.0670996	84.05661	-13.151912	-42.194023	2034.2192	10335.047947645187
75	480.0712	279.53796	804.43115	2.8669872	101.98256	7.6293945e-06	101.98257	101.98257	200.0	200.0	749999	41.633953	545.0282	1000.5228	-8713.796	41.636395	545.0487	962.27814	-8738.819	3.82384	3.9110007	76.1837	-13.495648	-39.335308	2093.6218	10473.511850357056
76	524.27826	237.4771	835.7518	15.890992	180.12132	0.0	180.12132	180.12132	200.0	200.0	759999	35.562813	548.65576	959.305	-8659.704	35.567913	548.6805	940.9108	-8818.251	3.9195428	4.297557	89.00391	-14.18178	-33.168633	2141.7375	10608.341965436935
77	475.3799	263.0897	838.6986	20.822392	459.42935	3.0517578e-05	459.42938	459.42938	200.0	200.0	769999	35.604046	557.14526	908.5317	-8694.594	35.60062	557.15845	935.43756	-8855.913	3.956637	4.1110463	82.045265	-11.573778	-33.527195	2224.9175	10748.81415438652
78	443.7288	283.71954	816.74493	10.95682	649.2162	6.1035156e-05	649.2161	649.2161	200.0	200.0	779999	39.60056	562.9484	953.66595	-8906.005	39.604557	562.9673	933.96246	-8902.027	4.0154724	4.027014	98.26712	-12.512482	-37.56062	2290.9307	10892.887315511703
79	480.203	281.5482	1165.9801	9.915002	331.78925	3.0517578e-05	331.7892	331.7892	200.0	200.0	789999	42.207783	566.9427	1013.92267	-8895.244	42.207993	566.94855	940.822	-9007.224	4.079373	4.4608407	122.851585	-11.816744	-40.17083	2324.3472	11030.707922458649
80	542.2544	275.5532	1504.7406	55.741978	737.20886	6.1035156e-05	737.2088	737.2088	200.0	200.0	799999	48.27294	582.7137	1021.74835	-8939.645	48.278942	582.7206	1004.67004	-9123.347	4.192983	4.17608	99.32626	-13.114921	-46.376106	2443.692	11171.20954322815
81	405.29324	258.72922	795.49316	13.393596	737.29297	0.0	737.29297	737.29297	200.0	200.0	809999	54.302868	586.6846	959.99286	-9145.507	54.30921	586.6787	951.7474	-9309.458	3.9924986	3.802074	69.39259	-12.854374	-52.266537	2528.691	11318.188382148743
82	515.7413	229.14873	961.9767	8.810375	149.81845	0.0	149.81845	149.81845	200.0	200.0	819999	49.75115	601.7796	951.7833	-9065.819	49.751728	601.821	948.249	-9146.071	3.9356215	3.8553925	83.25964	-12.609379	-47.50274	2656.327	11459.502923965454
83	504.82727	247.9693	875.9137	11.088032	106.7206	7.6293945e-06	106.72059	106.72059	200.0	200.0	829999	49.328568	606.91345	919.5189	-9009.437	49.32999	606.91455	907.9708	-9011.003	3.9301705	3.7101853	72.35543	-16.537394	-47.15774	2706.553	11599.596514225006
84	419.55997	253.38971	846.15344	7.5053835	94.314575	0.0	94.314575	94.314575	200.0	200.0	839999	38.182724	606.7742	858.61615	-9110.813	38.1882	606.7824	888.1187	-9288.452	3.868276	3.6605961	80.11508	-11.646223	-35.986008	2652.4485	11745.325769901276
85	461.04953	256.9347	904.99115	9.638843	13.607588	0.0	13.607588	13.607588	200.0	200.0	849999	33.9705	614.41876	797.22015	-9246.078	33.971035	614.42975	774.9916	-9175.332	4.057751	3.68606	79.07031	-13.99675	-32.02618	2712.2212	11878.022515296936
86	443.48297	236.25533	946.1985	6.904394	134.89041	0.0	134.89041	134.89041	200.0	200.0	859999	44.112953	613.4769	781.71375	-9398.499	44.11892	613.5064	745.6324	-9277.973	3.938192	3.6164892	64.382935	-13.165524	-42.120514	2709.2004	12018.368719816208
87	432.51505	219.20863	747.38586	7.7153096	178.20952	1.5258789e-05	178.20953	178.20953	200.0	200.0	869999	34.976704	615.25366	938.74097	-9376.594	34.986523	615.2642	829.0381	-9386.414	3.8606305	3.7537725	85.80231	-13.222585	-32.53457	2716.0955	12154.721494197845
88	463.52844	237.88228	891.0407	5.8081727	854.8956	0.0	854.8956	854.8956	200.0	200.0	879999	24.35178	613.6151	889.74243	-9233.532	24.356503	613.6224	859.27893	-9296.731	3.876957	3.8366632	82.7191	-12.355252	-21.97155	2703.3728	12298.273831129074
89	363.84937	283.212	774.2575	5.8125696	232.4268	0.0	232.4268	232.4268	200.0	200.0	889999	20.047592	618.3236	901.96375	-9668.015	20.055208	618.3455	859.70245	-9564.876	3.9561923	3.8158193	74.59974	-11.872983	-17.670696	2855.138	12440.239940404892
90	408.0264	236.32916	770.81	9.450802	524.2562	0.0	524.2562	524.2562	200.0	200.0	899999	22.81692	621.62036	970.76385	-9500.251	22.822477	621.64246	975.3347	-9479.751	3.9431176	3.7732155	70.42065	-12.370239	-20.586847	2864.911	12582.43694281578
91	412.89914	248.06085	775.44574	8.042755	397.89835	3.0517578e-05	397.89832	397.89832	200.0	200.0	909999	24.600708	631.0556	1104.7175	-9466.788	24.597567	631.0599	1091.7141	-9556.926	3.9798293	3.7266366	82.10777	-11.254482	-22.457294	2950.184	12717.64669752121
92	399.1156	217.30206	807.94586	8.363148	22.499084	0.0	22.499084	22.499084	200.0	200.0	919999	34.698975	645.76117	1206.3389	-9613.686	34.707493	645.75714	1099.5094	-9563.387	4.087787	3.6921763	72.126495	-18.552025	-32.59586	3126.1133	12862.2164747715
93	450.99374	265.9944	792.3401	7.243631	547.23645	0.0	547.23645	547.23645	200.0	200.0	929999	35.12041	647.1231	998.99164	-9588.18	35.131805	647.12805	1009.44836	-9667.769	3.862299	3.540439	66.313065	-13.211258	-32.73353	3086.5835	13006.550279855728
94	445.89203	225.7828	760.41846	8.23161	564.2208	6.1035156e-05	564.2209	564.2209	200.0	200.0	939999	21.028385	645.66833	986.6644	-9815.683	21.0293	645.6951	935.37427	-9810.956	3.846251	3.394092	65.0172	-12.373681	-18.551664	3106.3657	13147.989435434341
95	426.99744	262.77728	780.4746	5.091723	637.30505	6.1035156e-05	637.305	637.305	200.0	200.0	949999	16.60529	641.16724	977.44653	-10123.497	16.612001	641.1762	993.7511	-10018.533	3.9510221	3.451349	62.217865	-11.674003	-14.165655	3060.9248	13291.613641023636
96	390.01758	265.20264	858.1114	7.221921	380.53635	0.0	380.53635	380.53635	200.0	200.0	959999	12.322096	653.14514	982.8778	-10054.428	12.325868	653.1668	1005.2786	-10092.835	3.9871101	3.668856	63.52788	-12.904863	-9.799192	3101.7104	13434.209828853607
97	392.79718	266.01157	834.03784	6.5038524	678.3038	0.0	678.3038	678.3038	200.0	200.0	969999	1.1188406	659.27985	1021.7355	-10330.603	1.116809	659.3002	977.6397	-10520.163	3.8234053	3.4865263	79.11097	-13.14538	1.5777246	3170.3044	13576.525120258331
98	437.6631	233.61139	812.06714	7.4322596	451.1059	0.0	451.1059	451.1059	200.0	200.0	979999	-8.752781	658.8708	915.66406	-10305.07	-8.750964	658.8616	899.0568	-10394.066	3.9364703	3.5885499	65.83306	-12.0958805	11.491404	3147.5408	13714.318341255188
99	346.24872	266.84247	783.5047	7.326184	462.23578	0.0	462.23578	462.23578	200.0	200.0	989999	-14.544972	663.70636	791.83905	-10555.273	-14.545021	663.70776	750.4551	-10563.168	3.9945378	3.4770093	67.34523	-12.066965	17.333368	3242.578	13851.770423412323
100	285.2503	273.17828	776.9934	6.775557	4.9013777	4.7683716e-07	4.901377	4.901377	200.0	200.0	999999	-18.712126	662.0246	834.71747	-10440.776	-18.708355	662.0263	840.51526	-10596.273	3.8657045	3.44783	63.065384	-12.819006	21.57469	3313.2295	13997.276606082916
101	436.0432	290.815	1038.3965	7.2507877	23.473331	1.9073486e-06	23.473333	23.473333	200.0	200.0	1009999	-14.573585	676.9196	838.9251	-10692.01	-14.575446	676.9409	908.41016	-10641.007	3.9131658	3.4705753	64.683975	-17.081755	17.173656	3343.9536	14135.588675022125
102	371.9639	279.79797	808.7371	8.653072	10.739093	9.536743e-07	10.739094	10.739094	200.0	200.0	1019999	-9.76232	685.6189	767.8397	-10986.825	-9.763698	685.63995	788.5443	-11048.08	3.9833941	3.4408474	82.10947	-14.71188	12.413651	3378.1953	14281.842457771301
103	353.0239	274.80844	785.8656	4.9277344	758.52106	0.0	758.52106	758.52106	200.0	200.0	1029999	-10.928719	701.8217	768.60406	-11083.309	-10.928841	701.83734	787.553	-11133.25	4.1146917	3.666624	82.86619	-12.955544	13.820661	3583.4888	14421.91400384903
104	354.09695	293.48264	798.39703	4.3348403	568.1996	0.0	568.1996	568.1996	200.0	200.0	1039999	-19.502302	710.5025	730.33344	-11340.64	-19.502306	710.5313	805.6991	-11387.533	4.0231957	3.5051694	71.74059	-15.177017	22.5045	3615.3855	14565.529878616333
105	375.30948	286.319	788.08673	8.569432	206.65616	0.0	206.65616	206.65616	200.0	200.0	1049999	-30.076988	716.34216	774.74506	-11288.087	-30.078918	716.36066	769.8764	-11405.134	4.0535016	3.5117097	67.43501	-15.891776	33.074387	3758.7	14703.106199264526
106	372.766	291.98904	929.5921	8.872073	223.03369	0.0	223.03369	223.03369	200.0	200.0	1059999	-35.247135	727.23584	867.6022	-11497.781	-35.244328	727.21844	881.47156	-11519.846	3.9910517	3.507257	70.80216	-12.801245	38.312706	3749.4983	14840.929806232452
107	407.81473	304.91257	805.1221	9.244459	768.9027	0.0	768.9027	768.9027	200.0	200.0	1069999	-33.359554	737.3558	814.855	-11863.485	-33.362396	737.3521	800.64886	-11703.119	4.201385	3.474659	83.405396	-11.556683	36.296127	3867.3547	14982.825758934021
108	467.0385	284.74368	835.5097	7.863654	642.35693	0.0	642.35693	642.35693	200.0	200.0	1079999	-30.54401	747.3966	948.5066	-11556.966	-30.539871	747.40295	913.71405	-11730.8545	4.1662364	3.5380385	67.39902	-11.9775	33.58259	4026.79	15119.603226661682
109	508.09747	275.37158	906.6559	10.144226	363.72552	3.0517578e-05	363.7255	363.7255	200.0	200.0	1089999	-41.70588	752.44257	983.8615	-11776.742	-41.70103	752.4498	884.74023	-12040.095	4.325777	3.6600091	65.04026	-11.534143	44.977448	4040.4944	15266.955581665039
110	423.45163	291.1892	790.6631	5.5628767	48.1883	3.8146973e-06	48.188305	48.188305	200.0	200.0	1099999	-42.544125	756.2452	938.37103	-12211.62	-42.54305	756.25134	885.1633	-12201.329	4.5156994	3.6408567	87.689606	-12.567672	45.53463	4048.8516	15405.580404281616
111	439.68008	268.47403	886.7217	3.9778945	488.2741	3.0517578e-05	488.27414	488.27414	200.0	200.0	1109999	-34.01104	763.45233	1010.65076	-12324.292	-34.005177	763.4549	953.6403	-12171.671	4.581974	3.7067473	88.98448	-12.288741	36.893486	4096.9785	15545.42927312851
112	436.6755	288.99728	832.4321	5.7965517	741.3578	0.0	741.3578	741.3578	200.0	200.0	1119999	-33.045277	768.9586	1018.9656	-12461.5625	-33.04373	768.9452	929.37616	-12403.913	4.354107	3.5295591	77.62394	-12.18865	36.145126	4174.036	15690.303061246872
113	520.9467	254.74266	796.44495	9.668478	634.2731	0.0	634.2731	634.2731	200.0	200.0	1129999	-44.371933	768.7688	913.1416	-12550.433	-44.37422	768.77747	873.7803	-12811.817	4.298906	3.4974668	69.616936	-12.132742	47.69071	4139.8823	15830.831614494324
114	479.3932	271.31277	808.9962	5.901968	107.138084	7.6293945e-06	107.13809	107.13809	200.0	200.0	1139999	-41.4104	769.94727	886.5838	-12520.11	-41.41212	769.9568	863.5949	-12480.598	4.539172	3.6562462	68.14256	-11.663508	44.195515	4123.4214	15975.289627075195
115	495.49884	259.65683	858.7795	9.654898	114.2664	7.6293945e-06	114.26641	114.26641	200.0	200.0	1149999	-17.416414	780.73	1007.41943	-12551.664	-17.411844	780.7376	961.0738	-12857.443	4.851069	3.737188	80.24216	-11.729031	19.970177	4194.9062	16124.815523862839
116	499.393	274.73782	1145.045	10.55506	634.241	6.1035156e-05	634.24097	634.24097	200.0	200.0	1159999	8.167297	794.0315	888.4333	-12332.49	8.168885	794.0344	858.8935	-12363.567	4.978841	3.8151996	75.58011	-11.990434	-5.573853	4290.2544	16267.178881883621
117	475.7578	304.45496	1088.1683	2.9054093	120.413284	7.6293945e-06	120.41328	120.41328	200.0	200.0	1169999	3.3180635	780.9411	857.8563	-12083.856	3.322007	780.9256	850.39404	-12315.008	4.7296743	3.7873516	84.23877	-12.031724	-0.2848198	4252.6367	16417.836028575897
118	478.02325	258.79288	787.1129	4.6020365	421.49048	0.0	421.49048	421.49048	200.0	200.0	1179999	-9.046028	779.5165	905.52484	-11953.786	-9.044957	779.53	802.6945	-11907.419	4.631671	3.62303	65.48753	-11.179499	11.942415	4295.2637	16554.038406848907
119	571.55096	256.06372	841.3883	10.45298	121.177536	7.6293945e-06	121.17754	121.17754	200.0	200.0	1189999	-14.392056	790.17694	916.0303	-11975.294	-14.388849	790.1806	863.4288	-12009.081	4.607774	3.5815341	85.605484	-12.071646	17.413778	4348.147	16695.522447109222
120	535.6879	240.49042	858.8947	43.69599	30.45481	0.0	30.45481	30.45481	200.0	200.0	1199999	-11.070905	800.57635	931.4625	-12102.142	-11.065448	800.58606	894.1152	-12104.303	4.83477	3.6077611	99.675476	-10.736775	14.024255	4422.2583	16834.410430431366
121	454.89847	265.77423	820.2543	5.9092546	708.58795	0.0	708.58795	708.58795	200.0	200.0	1209999	-6.233479	813.2895	944.3266	-11962.455	-6.237007	813.2928	934.0457	-12032.085	4.810642	3.4917083	85.2902	-14.339308	9.154431	4584.5205	16978.76026201248
122	548.86115	217.42586	820.67725	7.3282695	578.5047	6.1035156e-05	578.50464	578.50464	200.0	200.0	1219999	-3.686218	824.1498	969.1238	-12116.452	-3.683745	824.15924	959.36334	-12026.941	5.0590296	3.632267	108.949875	-11.74347	6.792287	4792.6113	17118.87071800232
123	555.96826	275.22632	842.29034	7.718955	196.7459	1.5258789e-05	196.74591	196.74591	200.0	200.0	1229999	13.711198	831.37067	982.4952	-11869.956	13.718113	831.3947	996.11633	-11880.3125	5.099915	3.5848222	91.40379	-12.497665	-10.8435755	4834.5303	17258.73975276947
124	588.90826	228.26712	821.31396	6.524319	143.06412	1.5258789e-05	143.06413	143.06413	200.0	200.0	1239999	18.996376	820.80225	1118.1702	-11975.811	18.99885	820.83154	1076.1494	-12232.985	5.1022763	3.6334157	98.42834	-11.958636	-16.09875	4743.5527	17398.031566381454
125	450.33234	268.17514	828.1061	7.836442	100.58765	0.0	100.58765	100.58765	200.0	200.0	1249999	23.165276	829.20526	1126.846	-11995.499	23.172216	829.2529	1096.8156	-12110.546	5.216354	3.6854563	109.05934	-11.094421	-20.350193	4722.5093	17534.31200170517
126	519.2565	261.83685	827.2684	12.0993395	823.8573	6.1035156e-05	823.85736	823.85736	200.0	200.0	1259999	41.270668	836.98975	1033.196	-12206.904	41.278847	837.01086	1035.4596	-12168.226	5.327481	3.7283635	110.703476	-11.061416	-38.57466	4774.327	17674.63746857643
127	552.67377	231.49823	839.9459	4.3742337	11.125841	0.0	11.125841	11.125841	200.0	200.0	1269999	44.114384	838.05756	1046.1852	-12120.107	44.12009	838.08856	1060.5641	-12126.4795	5.3627577	3.8630905	131.96875	-11.985922	-41.43966	4805.2705	17811.048762321472
128	580.8475	239.83495	829.7947	7.00396	832.32874	6.1035156e-05	832.3287	832.3287	200.0	200.0	1279999	44.835445	828.48175	1110.0109	-11981.481	44.84017	828.50073	1107.3015	-12089.442	5.2315044	3.8378034	94.06426	-10.713449	-41.803665	4640.0103	17944.213843345642
129	570.79315	225.3954	817.4523	7.415251	683.56775	6.1035156e-05	683.5677	683.5677	200.0	200.0	1289999	40.25462	802.86365	1181.245	-11812.893	40.26209	802.9081	1174.2842	-11762.021	5.198179	3.9300814	92.4706	-13.496825	-37.33305	4526.573	18084.519141435623
130	536.6734	299.67133	1306.0485	6.4303355	629.09924	6.1035156e-05	629.0993	629.0993	200.0	200.0	1299999	37.431873	786.2713	1297.4602	-12212.052	37.429886	786.3054	1290.505	-12259.75	5.075656	3.871605	131.5708	-12.762137	-34.67266	4365.8213	18228.982440710068
131	588.51904	270.14587	873.41223	10.489736	759.7511	0.0	759.7511	759.7511	200.0	200.0	1309999	55.122875	790.196	1369.7003	-12339.609	55.12895	790.2176	1390.3271	-12326.583	5.217417	3.6990836	101.059044	-11.994448	-52.598618	4357.4717	18366.63183450699
132	572.7468	274.36374	934.94507	10.247919	697.2721	6.1035156e-05	697.27216	697.27216	200.0	200.0	1319999	90.92648	804.1082	1385.6786	-12999.254	90.92438	804.1288	1408.55	-13025.6	5.435802	3.8627827	116.14083	-10.836711	-88.93945	4609.375	18502.957213640213
133	575.3738	255.25111	826.84784	10.435898	8.752088	9.536743e-07	8.752087	8.752087	200.0	200.0	1329999	118.99951	801.2746	1390.3654	-13320.915	119.00624	801.313	1415.3684	-13378.033	5.420882	3.8512185	127.636055	-13.105894	-116.72026	4567.882	18643.86980700493
134	568.34033	255.94765	878.61224	7.4697804	673.89935	0.0	673.89935	673.89935	200.0	200.0	1339999	140.60329	798.5908	1624.2551	-13913.398	140.60626	798.6065	1518.3112	-13803.418	5.432043	3.8097844	92.77293	-11.598216	-138.82187	4639.4834	18787.004292726517
135	556.91534	234.62311	811.40265	17.01636	754.068	6.1035156e-05	754.06805	754.06805	200.0	200.0	1349999	174.90224	807.79877	1603.8684	-14239.341	174.90694	807.8021	1524.7888	-14254.944	5.5400605	3.8465807	92.486015	-14.2984295	-173.48453	4910.6553	18924.902701616287
136	520.52246	281.453	825.0732	6.374577	755.0326	6.1035156e-05	755.03253	755.03253	200.0	200.0	1359999	191.71942	789.2614	1446.5775	-14302.297	191.7184	789.2716	1446.052	-14272.627	5.244396	3.7176487	72.83803	-12.683702	-189.63017	4770.771	19060.20867419243
137	514.7876	286.70258	820.4805	6.5163136	767.661	0.0	767.661	767.661	200.0	200.0	1369999	165.80414	766.90594	1321.5769	-14743.124	165.81052	766.90125	1319.2645	-14966.668	5.2523074	3.7642179	77.671936	-13.455147	-163.33572	4610.428	19198.94653558731
138	537.3139	270.7833	928.18866	9.738361	484.80478	3.0517578e-05	484.8048	484.8048	200.0	200.0	1379999	117.59216	762.5046	1156.9125	-15561.351	117.59176	762.4914	1184.4279	-15664.943	5.0484853	3.8045645	75.852165	-12.147165	-114.66389	4418.549	19337.721036195755
139	225.85849	286.6881	776.7563	3.1049497	20.456165	0.0	20.456165	20.456165	200.0	200.0	1389999	94.13578	764.7221	1154.936	-15941.088	94.13263	764.7203	1130.2827	-16157.362	4.776501	3.721806	79.908905	-14.025384	-91.071526	4223.326	19477.51112985611
140	168.15208	242.68333	765.5352	2.7801704	11.172946	9.536743e-07	11.172947	11.172947	200.0	200.0	1399999	68.18594	771.93945	1086.9602	-16659.373	68.191376	771.9027	1086.299	-16625.873	4.747372	3.7717574	102.961	-10.5956	-65.354004	4289.5366	19616.810692071915
141	204.12628	289.4279	784.8457	6.3871017	165.34329	1.5258789e-05	165.3433	165.3433	200.0	200.0	1409999	52.144115	779.6439	1130.0726	-18272.975	52.13757	779.6225	1130.3052	-18496.479	4.6107826	3.7468338	97.903755	-13.281274	-49.290783	4213.6973	19753.162255764008
142	137.61916	237.66235	736.2385	4.3832064	12.447573	0.0	12.447573	12.447573	200.0	200.0	1419999	28.593899	780.8902	1107.1974	-18750.006	28.603172	780.83386	1079.8486	-18673.871	4.461079	3.8413167	85.173004	-15.854539	-25.000301	4178.13	19893.524280786514
143	256.18405	286.86893	790.1228	9.502027	427.84564	3.0517578e-05	427.84567	427.84567	200.0	200.0	1429999	-0.24592242	780.1973	1160.2434	-19097.943	-0.24256268	780.1472	1180.8004	-18906.883	4.712264	4.0351214	101.25425	-11.550233	3.5458837	4180.9155	20035.158198595047
144	382.23434	301.80823	826.81854	9.184686	10.959875	9.536743e-07	10.959874	10.959874	200.0	200.0	1439999	-1.4575464	783.9734	1143.006	-19266.59	-1.450003	783.9197	1175.12	-19327.945	4.8800483	3.976817	79.25607	-13.842966	4.720619	4334.748	20177.016394376755
145	440.58868	315.6442	1338.812	10.067698	677.0005	0.0	677.0005	677.0005	200.0	200.0	1449999	3.253541	794.44824	1343.7064	-19083.453	3.2557733	794.4147	1358.7456	-19117.002	4.8355966	3.9028413	81.67473	-11.438145	0.33196095	4334.831	20321.91517186165
146	423.5441	302.2623	1355.869	9.932866	279.18704	0.0	279.18704	279.18704	200.0	200.0	1459999	-4.0151134	798.5669	1264.9197	-18521.89	-4.0167856	798.53815	1301.0231	-18380.588	4.925079	4.023401	116.91004	-12.332567	7.398905	4466.4873	20455.478635072708
147	544.40216	237.4017	879.12524	11.040189	585.9552	6.1035156e-05	585.95526	585.95526	200.0	200.0	1469999	-8.983515	800.914	1148.2905	-18548.357	-8.983012	800.90643	1149.9539	-18518.975	4.750444	3.7175741	65.67485	-11.727012	12.597025	4328.922	20594.266092777252
148	556.24445	214.6173	840.9885	10.56356	151.07979	1.5258789e-05	151.07977	151.07977	200.0	200.0	1479999	-2.8101676	804.607	1141.9368	-18582.492	-2.8117278	804.5821	1105.6117	-18636.055	4.809323	3.9002154	83.13871	-11.042569	6.1353903	4406.3936	20734.394313573837
149	409.78284	327.88702	851.83514	8.207945	421.42145	0.0	421.42145	421.42145	200.0	200.0	1489999	4.872332	802.4422	1202.4949	-18677.416	4.8799443	802.4001	1224.4484	-18978.838	4.852357	3.9791245	95.033905	-14.945631	-1.7424163	4531.98	20875.035517930984
150	528.656	255.40974	922.8798	9.923011	685.67145	0.0	685.67145	685.67145	200.0	200.0	1499999	19.703993	803.5895	1196.4302	-18960.984	19.69956	803.5803	1237.8914	-18856.867	4.864074	3.8462422	68.55835	-10.571861	-16.21326	4655.0903	21014.97102499008
151	448.69296	275.96835	806.7264	11.097392	701.3221	6.1035156e-05	701.322	701.322	200.0	200.0	1509999	28.519896	805.1354	1230.4464	-18729.879	28.523607	805.1077	1205.4519	-18901.984	5.0067687	3.9868057	109.26851	-13.463878	-25.43021	4727.204	21157.020224571228
152	411.78693	275.4024	812.22363	8.68275	10.152444	0.0	10.152444	10.152444	200.0	200.0	1519999	28.486609	801.9754	1243.2412	-19793.133	28.484018	801.96643	1211.5939	-19811.547	4.831967	3.7666798	89.06405	-13.102987	-25.138237	4517.4536	21299.21485733986
153	429.23157	339.45862	1489.3237	3.4365106	762.0684	0.0	762.0684	762.0684	200.0	200.0	1529999	22.38642	789.04645	1235.3539	-19594.092	22.377008	789.05115	1230.7319	-19452.057	4.6356573	3.6880395	95.38751	-12.794452	-18.969591	4677.706	21437.1947619915
154	541.37274	256.40833	841.627	8.983426	584.2472	6.1035156e-05	584.24725	584.24725	200.0	200.0	1539999	25.971336	780.71643	1244.191	-20346.072	25.962452	780.72266	1231.2329	-20387.193	4.9844646	3.9873297	80.13149	-11.9206	-22.48619	4587.69	21571.405348300934
155	428.62125	297.24384	789.3876	8.911001	716.26544	6.1035156e-05	716.2654	716.2654	200.0	200.0	1549999	29.669497	767.26746	1379.1377	-19927.588	29.665524	767.26526	1472.48	-20042.463	4.8647857	3.9127734	90.70506	-15.402464	-26.348284	4466.2227	21711.41516685486
156	236.21281	281.24036	769.39777	6.5088725	9.23432	9.536743e-07	9.234319	9.234319	200.0	200.0	1559999	41.7212	766.47577	1363.8413	-19357.709	41.718708	766.4998	1349.9596	-19609.816	4.9695334	4.019162	68.9418	-11.281254	-38.51294	4462.181	21848.605407238007
157	121.1391	236.07394	813.8915	8.897367	12.733984	9.536743e-07	12.733983	12.733983	200.0	200.0	1569999	50.737225	768.2255	1318.034	-19793.744	50.74397	768.2243	1279.6538	-19955.256	4.9396496	3.9794981	79.73055	-12.370482	-47.628967	4430.22	21998.1134724617
158	12.166516	3.826954	25.28812	5.707106	14.513056	1.9073486e-06	14.513054	14.513054	200.0	200.0	1579999	56.953213	766.3581	1223.5568	-20612.574	56.958813	766.39417	1237.5376	-20479.45	4.881079	4.0115466	68.83173	-12.22059	-54.067844	4357.3755	22164.610798835754
159	13.020022	3.9763093	27.800566	8.24066	10.9547825	0.0	10.9547825	10.9547825	200.0	200.0	1589999	73.12987	759.2301	1390.6399	-20471.557	73.12769	759.2025	1387.4015	-20633.75	4.966008	3.9699197	73.94961	-11.832192	-70.6308	4150.3	22318.754410028458
160	50.57106	126.22245	786.36664	8.529696	16.13101	0.0	16.13101	16.13101	200.0	200.0	1599999	61.011494	745.60175	1188.4359	-21044.762	61.01041	745.5938	1274.8517	-21014.797	4.5330706	4.000362	81.79805	-10.548895	-57.738117	4010.829	22468.081807136536
161	136.32996	230.3032	747.3848	8.983001	11.466574	9.536743e-07	11.466573	11.466573	200.0	200.0	1609999	52.282307	723.54974	1127.2566	-20301.963	52.28829	723.571	1159.6134	-20234.457	4.617389	3.9167476	77.31539	-13.658279	-49.11438	4057.4033	22619.631165504456
162	381.78372	301.5402	963.46686	7.6996613	620.9845	0.0	620.9845	620.9845	200.0	200.0	1619999	52.550144	715.12585	1146.0015	-18045.457	52.543285	715.15717	1204.5339	-18036.523	4.7444034	3.9707134	76.26383	-12.742768	-49.073475	4026.6003	22766.130088806152
163	322.72025	324.21872	841.5538	9.169313	666.3109	0.0	666.3109	666.3109	200.0	200.0	1629999	54.750015	710.09436	1099.8844	-18221.963	54.746998	710.1326	1118.6014	-18089.375	4.788664	3.9853117	78.43547	-12.979374	-51.566616	3951.5615	22909.33383345604
164	311.14243	313.54324	801.0231	4.767864	594.01025	0.0	594.01025	594.01025	200.0	200.0	1639999	58.789825	705.7758	1039.2671	-15883.417	58.789192	705.80164	1068.6945	-15850.544	4.630675	3.9575958	74.38953	-11.029489	-55.362186	3965.4663	23058.73201394081
165	101.413864	203.05185	669.0097	9.743693	1140.9954	0.00012207031	1140.9955	1140.9955	200.0	200.0	1649999	57.22442	716.1888	1029.9143	-13328.4375	57.21731	716.1994	1013.8113	-13637.075	4.690176	4.071397	76.37397	-12.703383	-54.251045	4061.3667	23210.408695220947
166	264.87103	314.69186	910.1791	9.577673	16.72748	0.0	16.72748	16.72748	200.0	200.0	1659999	54.338913	714.16046	1211.8634	-13586.912	54.33123	714.18085	1156.7463	-13646.847	4.673991	4.0740457	97.65401	-11.560986	-51.05128	4067.9124	23357.570675849915
167	152.96317	272.4724	776.44086	7.4063783	550.2754	0.0	550.2754	550.2754	200.0	200.0	1669999	48.398018	723.9617	1183.2919	-12878.108	48.403572	723.9616	1101.3237	-12731.352	4.5266757	3.983605	81.46458	-10.871487	-45.062283	4273.619	23505.294801473618
168	256.00204	327.83432	1150.8381	10.367478	18.510958	0.0	18.510958	18.510958	200.0	200.0	1679999	45.39132	729.7829	1284.7203	-13369.09	45.39209	729.8515	1244.9617	-13517.618	4.547785	4.072405	103.80317	-13.532592	-41.895393	4253.43	23650.374039411545
169	263.8113	322.81558	804.48535	8.193291	685.65875	0.0	685.65875	685.65875	200.0	200.0	1689999	36.917355	727.2935	1589.4861	-13379.553	36.919422	727.2736	1473.9127	-13415.779	4.3509774	3.9324572	100.12202	-12.341309	-33.314564	4035.3271	23799.338089942932
170	375.28915	337.10626	828.28375	4.9009433	17.668402	1.9073486e-06	17.668404	17.668404	200.0	200.0	1699999	31.508108	719.88666	1514.0659	-13674.701	31.513084	719.87915	1417.4672	-13697.632	4.4100113	3.7725167	86.09505	-12.417915	-27.833704	4145.6826	23950.69286465645
171	185.2284	268.7923	726.5678	5.792815	369.7159	3.0517578e-05	369.71594	369.71594	200.0	200.0	1709999	27.765636	722.16956	1208.5245	-14008.36	27.766474	722.21533	1160.8424	-14139.617	4.4291663	3.8185139	115.96933	-15.281397	-24.146667	4157.5835	24096.44669818878
172	331.45575	335.5852	1150.1499	6.2050657	15.857114	0.0	15.857114	15.857114	200.0	200.0	1719999	25.156221	728.14935	1289.0546	-14329.689	25.16128	728.1384	1304.8916	-14423.377	4.4450264	3.808212	99.51424	-11.000418	-21.775446	4063.6033	24247.38874721527
173	196.90825	291.55893	1014.81604	7.7438827	18.469234	0.0	18.469234	18.469234	200.0	200.0	1729999	23.59898	742.0673	1318.3163	-14973.91	23.600983	742.0578	1232.3322	-14770.252	4.325747	3.6753263	76.92052	-11.9140625	-20.08367	4216.89	24394.388744831085
174	164.45705	272.1397	823.5806	5.154968	55.325	0.0	55.325	55.325	200.0	200.0	1739999	28.83083	740.7473	1297.7964	-14173.286	28.826483	740.7141	1289.2368	-14488.769	4.44312	3.650319	86.62962	-11.5528145	-25.461452	4299.5776	24544.242274045944
175	346.6501	355.142	1061.9111	7.9330997	15.317457	0.0	15.317457	15.317457	200.0	200.0	1749999	45.22429	744.94385	1378.2737	-14541.657	45.215008	744.9208	1320.0159	-14718.627	4.4501195	3.7738113	110.03526	-13.424368	-41.85501	4404.4487	24693.985817432404
176	289.621	335.59378	812.5606	5.7034855	1072.9059	0.00012207031	1072.9058	1072.9058	200.0	200.0	1759999	51.45472	759.0863	1449.6345	-14624.831	51.454346	759.11804	1328.9294	-14603.443	4.5960174	3.8554857	113.06935	-12.593836	-48.328426	4331.055	24843.62610602379
177	101.65964	261.38242	1323.3088	9.841582	19.53149	0.0	19.53149	19.53149	200.0	200.0	1769999	65.57138	746.7081	1385.1781	-14334.62	65.56997	746.69586	1385.5803	-14370.848	4.455531	3.761703	88.362	-13.157425	-62.21583	4372.439	24992.057775497437
178	18.640121	6.1472836	45.706013	9.981011	11.523285	0.0	11.523285	11.523285	200.0	200.0	1779999	65.002975	753.10187	1291.5183	-15309.849	65.001755	753.0887	1242.6069	-15342.615	4.458934	3.9930835	91.92667	-11.7343	-61.55862	4272.4414	25138.471714019775
179	16.166874	3.791016	25.227406	10.310537	15.476107	9.536743e-07	15.476106	15.476106	200.0	200.0	1789999	59.92287	744.8377	1226.4636	-15868.273	59.919685	744.8562	1195.879	-16072.111	4.548168	3.981346	109.977844	-12.311566	-56.455242	4142.2935	25282.442414999008
180	22.65523	47.73022	351.2016	7.959284	16.446335	0.0	16.446335	16.446335	200.0	200.0	1799999	52.727978	746.74756	1275.171	-16568.514	52.738247	746.7177	1307.7677	-16698.375	4.445878	3.8414633	89.42418	-12.773445	-49.494946	4159.679	25431.6212348938
181	169.54185	251.97734	719.48035	7.8462567	17.54492	0.0	17.54492	17.54492	200.0	200.0	1809999	58.900272	737.13043	1267.297	-16936.145	58.903957	737.1252	1260.579	-16896.656	4.419442	3.7639468	80.031456	-11.841576	-55.34872	4240.6533	25579.057955503464
182	298.0386	300.44574	779.6584	10.424672	653.3221	6.1035156e-05	653.322	653.322	200.0	200.0	1819999	54.539948	745.0938	1411.7153	-17373.76	54.54187	745.0998	1392.4655	-17120.887	4.490784	3.8481414	90.88642	-11.931535	-51.095207	4337.1743	25730.4858417511
183	339.34155	278.81967	827.38196	9.310955	3.0289605	2.3841858e-07	3.0289602	3.0289602	200.0	200.0	1829999	58.894733	745.6983	1529.5038	-17753.484	58.89509	745.6363	1529.4592	-17807.996	4.663371	3.9081366	95.79686	-16.993774	-55.559837	4274.923	25880.906650066376
184	403.52536	293.85315	1213.9099	3.0907335	217.46509	0.0	217.46509	217.46509	200.0	200.0	1839999	64.946106	740.6905	1546.4083	-17730.82	64.95332	740.7068	1477.798	-17794.918	4.7862077	3.987899	127.147736	-13.002001	-61.803375	4362.358	26030.03621864319
185	319.90118	263.20367	788.4391	9.112878	374.50934	3.0517578e-05	374.50937	374.50937	200.0	200.0	1849999	72.60939	733.88873	1407.4655	-18089.107	72.599464	733.8669	1432.9745	-18343.12	4.666571	3.8696835	117.02942	-12.545863	-69.49673	4408.8	26180.34865474701
186	388.99918	321.5419	1370.7432	10.508867	11.062609	0.0	11.062609	11.062609	200.0	200.0	1859999	67.93128	733.984	1460.7335	-18593.7	67.93492	733.99384	1507.4122	-18720.83	4.588733	3.9935799	138.55634	-13.877722	-64.49293	4322.822	26329.068767786026
187	139.67964	217.10027	711.9436	7.4893403	8.571161	9.536743e-07	8.571162	8.571162	200.0	200.0	1869999	47.648956	747.31024	1327.2106	-18864.426	47.63968	747.3517	1385.5308	-18929.217	4.652143	3.992915	124.79776	-12.511514	-44.292744	4232.532	26482.597583055496
188	240.68776	283.24158	868.1307	7.197286	13.271701	0.0	13.271701	13.271701	200.0	200.0	1879999	49.397068	750.1559	1528.8192	-19010.234	49.39836	750.1806	1586.1075	-18782.094	4.707218	4.106652	114.82644	-12.561495	-45.912624	4162.459	26633.38356733322
189	441.83527	262.92035	1210.9102	11.373932	476.8261	0.0	476.8261	476.8261	200.0	200.0	1889999	49.83848	755.65045	1291.0591	-19019.863	49.8489	755.6385	1302.379	-19073.623	4.5671945	3.8346403	99.205635	-13.48424	-46.645077	4261.4688	26793.47091794014
190	441.5193	283.36517	1335.9045	10.721277	418.08682	3.0517578e-05	418.0868	418.0868	200.0	200.0	1899999	59.91031	761.82697	1587.6902	-18963.424	59.910645	761.85547	1407.4583	-18939.186	4.642291	4.121185	94.82042	-13.537479	-56.5257	4346.1733	26952.49484539032
191	206.98311	221.2292	738.87994	10.124401	156.58913	0.0	156.58913	156.58913	200.0	200.0	1909999	68.77286	767.7504	1595.2192	-18742.383	68.771706	767.7365	1554.3064	-18794.283	4.9804034	4.254813	92.72086	-13.735346	-65.4986	4509.2554	27111.984944820404
192	374.59164	313.56973	1199.4738	4.7050815	745.1568	0.0	745.1568	745.1568	200.0	200.0	1919999	66.890335	785.78955	1692.7914	-18989.08	66.89182	785.80707	1687.801	-19415.053	4.6381755	4.031666	112.93705	-11.00316	-63.45995	4581.117	27271.48892402649
193	270.82782	326.8468	1246.2677	4.9490523	63.203175	3.8146973e-06	63.20317	63.20317	200.0	200.0	1929999	68.887184	784.2008	2076.9873	-18770.592	68.89592	784.1531	2011.3083	-18916.006	4.7557793	4.1212816	95.06486	-11.566905	-65.385315	4613.9004	27432.117432832718
194	455.16794	287.89392	801.0834	7.6565003	3.118179	0.0	3.118179	3.118179	200.0	200.0	1939999	71.658264	800.1177	2157.457	-19869.445	71.65936	800.13184	2117.9797	-19865.715	4.8919864	4.213652	88.730545	-12.009293	-68.23283	4922.4087	27591.15979218483
195	479.54727	284.98724	1328.5773	2.8744605	408.84677	3.0517578e-05	408.8468	408.8468	200.0	200.0	1949999	64.39792	801.3379	2191.361	-20179.23	64.40367	801.3477	2091.214	-20260.252	4.787824	3.9879527	97.16087	-11.429735	-60.664925	4955.541	27751.733130931854
196	526.79224	243.70056	863.1992	9.964982	808.1349	0.0	808.1349	808.1349	200.0	200.0	1959999	72.47415	794.7693	1703.6366	-19294.084	72.472275	794.7876	1806.0577	-19000.62	5.0894847	4.2656984	121.46935	-14.848154	-69.24839	4836.359	27911.52042198181
197	508.16376	312.994	1438.1357	4.6350007	588.54803	6.1035156e-05	588.5481	588.5481	200.0	200.0	1969999	77.94183	794.2135	1751.9694	-20130.791	77.94919	794.2676	1856.9614	-20424.428	4.9234347	3.9858556	98.23246	-11.537664	-74.551834	4975.319	28071.145823717117
198	360.00208	317.95395	776.82654	4.075423	7.8961463	0.0	7.8961463	7.8961463	200.0	200.0	1979999	86.12053	792.0634	1806.738	-19633.035	86.12085	792.0936	2102.435	-19175.645	4.9838405	4.1404834	96.09796	-11.837582	-82.79664	4854.701	28229.680111408234
199	42.369198	132.87746	650.0369	6.3001614	10.029944	0.0	10.029944	10.029944	200.0	200.0	1989999	89.10179	774.34106	2652.7075	-20572.887	89.09993	774.34015	2724.9575	-20245.203	4.8013277	4.123642	109.227005	-15.35939	-85.449615	4788.775	28389.97815346718
200	220.28322	348.52148	1256.439	7.183416	370.2417	0.0	370.2417	370.2417	200.0	200.0	1999999	67.772	763.96783	2309.4927	-20956.97	67.7753	764.02637	2489.3599	-21106.375	4.896563	4.2614245	91.385315	-12.792796	-64.01433	4794.5557	28548.663160562515
201	510.83304	284.58167	1066.2964	8.430548	21.318129	0.0	21.318129	21.318129	200.0	200.0	2009999	66.116165	767.04346	2065.9849	-20870.459	66.11216	767.01855	2163.0383	-20650.664	4.6963787	4.017743	91.352936	-10.90099	-62.432587	4643.8315	28709.413645029068
202	537.35596	274.24908	1227.3164	7.835946	838.1209	6.1035156e-05	838.12085	838.12085	200.0	200.0	2019999	71.45803	765.08167	2767.6719	-20502.094	71.44895	765.13586	2626.8452	-20594.36	4.9910984	4.3345594	103.476036	-11.104804	-67.77977	4950.67	28868.05175948143
203	513.4384	329.65866	1267.7236	14.988322	94.54677	7.6293945e-06	94.546776	94.546776	200.0	200.0	2029999	65.088	765.77655	2881.7285	-20878.17	65.09292	765.7826	2983.081	-20615.928	4.7895126	3.9693785	89.34473	-11.027309	-61.25925	4851.8184	29028.383118391037
204	498.29172	332.09204	1291.786	6.575625	47.374928	3.8146973e-06	47.374924	47.374924	200.0	200.0	2039999	58.742397	764.6637	2667.549	-20304.596	58.734272	764.6805	2655.1396	-20681.89	4.96868	4.106931	101.622795	-13.733824	-54.94685	4798.037	29188.97708272934
205	508.05624	358.8749	1468.7697	9.580475	689.12	6.1035156e-05	689.11993	689.11993	200.0	200.0	2049999	67.17833	766.05994	1948.1162	-20134.297	67.167946	766.0462	2005.6951	-20284.045	5.2208457	4.301171	140.39188	-11.740017	-63.424713	5020.253	29347.74680161476
206	481.80637	281.857	821.9183	10.78955	527.4897	0.0	527.4897	527.4897	200.0	200.0	2059999	81.58247	771.1388	1352.6187	-19406.691	81.57956	771.14435	1392.5029	-20002.027	5.120016	4.1735797	94.55212	-10.721926	-77.80589	5061.929	29505.496812343597
207	333.6491	308.79916	846.4164	9.493774	624.22473	0.0	624.22473	624.22473	200.0	200.0	2069999	96.620415	784.95966	1420.3342	-18439.271	96.62911	784.8929	1367.8503	-18798.398	5.1434245	4.177314	95.215454	-12.446945	-92.5883	5198.8613	29663.45096707344
208	19.083132	60.841614	444.96503	9.527887	10.639792	0.0	10.639792	10.639792	200.0	200.0	2079999	98.573494	799.58386	1387.6383	-18706.432	98.56825	799.59644	1391.7212	-18821.129	4.9833164	3.883804	111.42024	-10.848206	-94.8933	5116.4937	29817.43678832054
209	21.50122	74.30164	541.57477	9.55412	11.364939	0.0	11.364939	11.364939	200.0	200.0	2089999	98.26616	789.0084	1068.5043	-18248.777	98.26289	789.0929	1152.8232	-18230.852	4.8972063	3.9220624	86.64464	-11.6912	-94.6152	5058.3745	29974.422043323517
210	108.7378	227.95465	867.1835	10.248951	11.064511	9.536743e-07	11.06451	11.06451	200.0	200.0	2099999	91.043045	776.4366	1192.1746	-17755.463	91.03704	776.5091	1245.9255	-17559.99	5.009059	4.1579976	92.86563	-12.831997	-87.31834	5032.4707	30129.8929874897
211	122.801	231.53354	782.4336	5.4175305	292.8423	0.0	292.8423	292.8423	200.0	200.0	2109999	83.6751	784.2616	1370.3446	-17457.857	83.670975	784.2579	1407.7919	-17847.818	5.104644	4.287514	95.71458	-14.079828	-79.7627	4913.472	30285.9415974617
212	485.8322	281.0611	823.51965	7.4075203	256.6929	0.0	256.6929	256.6929	200.0	200.0	2119999	85.96256	780.79425	1392.361	-16011.966	85.95813	780.7416	1362.0588	-16573.488	5.01786	4.293787	122.74194	-10.619618	-82.29094	5222.722	30442.441538095474
213	441.58582	282.17548	812.1503	7.960804	838.68176	6.1035156e-05	838.6817	838.6817	200.0	200.0	2129999	96.749405	788.9288	1336.5955	-16281.335	96.74802	788.88306	1262.2513	-16140.2	4.9375424	4.1947765	95.27031	-12.625343	-92.91069	5108.522	30598.672413110733
214	545.4945	273.5081	865.2466	7.85516	761.7816	0.0	761.7816	761.7816	200.0	200.0	2139999	104.190186	803.75287	1404.0684	-16834.812	104.1802	803.77124	1429.5981	-17096.36	5.279072	4.538597	99.575264	-11.721856	-101.03383	5227.075	30756.06759619713
215	246.27728	304.58408	819.85645	7.379279	10.971426	9.536743e-07	10.971425	10.971425	200.0	200.0	2149999	162.0698	831.88544	1623.8252	-17760.855	162.05997	831.84045	1561.5518	-17895.586	5.3778176	4.435694	107.237465	-13.194727	-159.5916	5462.222	30911.355226516724
216	12.230908	2.274076	17.138117	9.343756	14.555722	0.0	14.555722	14.555722	200.0	200.0	2159999	218.18909	835.72144	1714.4127	-18849.953	218.19673	835.65454	1718.7208	-18621.707	5.4229097	4.557935	103.30849	-10.87151	-215.9008	5502.906	31067.87771129608
217	13.553147	2.2984142	18.402029	7.907824	12.78789	9.536743e-07	12.787891	12.787891	200.0	200.0	2169999	193.35233	830.6035	1360.4208	-19958.412	193.35147	830.59436	1438.8103	-19586.81	5.1843495	4.3507676	89.947464	-11.766593	-190.0776	5480.8037	31222.84447979927
218	11.539537	2.020629	16.484228	5.6680984	12.189406	0.0	12.189406	12.189406	200.0	200.0	2179999	207.55466	816.2103	1204.9967	-20607.707	207.54811	816.20496	1144.4692	-20578.436	5.5794053	4.535356	97.66252	-12.534821	-204.47224	5491.8887	31379.04709982872
219	13.425445	2.9333732	26.088428	9.785047	12.451103	0.0	12.451103	12.451103	200.0	200.0	2189999	212.48363	819.48804	1163.9469	-21063.66	212.46738	819.49915	1245.8971	-20970.4	5.451622	4.3803473	176.72978	-10.913551	-208.91156	5343.247	31530.93084836006
220	14.380507	2.6027164	22.580343	9.304577	12.492605	0.0	12.492605	12.492605	200.0	200.0	2199999	194.79942	799.38617	1319.3612	-20597.043	194.80139	799.34265	1368.0424	-20443.506	5.2375617	4.1482997	124.40158	-12.477054	-191.35645	5098.9497	31686.236631155014
221	141.70078	250.67162	788.8598	7.7121735	671.9605	0.0	671.9605	671.9605	200.0	200.0	2209999	181.57852	774.5396	1343.7583	-22558.51	181.57365	774.5175	1338.1893	-22361.629	5.2154655	4.255044	157.1648	-11.1083145	-177.73088	5038.592	31843.39393377304
222	405.17136	311.8932	848.6071	11.151572	141.69235	0.0	141.69235	141.69235	200.0	200.0	2219999	160.24577	765.9891	1444.644	-23778.953	160.2497	765.9409	1426.9178	-23401.951	4.9797	4.064668	164.61717	-12.146711	-156.45958	5089.0825	31998.376682281494
223	424.63474	299.2052	1063.4023	8.282946	671.4081	0.0	671.4081	671.4081	200.0	200.0	2229999	136.62628	769.28656	1432.3569	-24356.11	136.6269	769.37756	1466.5034	-24370.732	5.056937	3.9899907	114.31298	-10.999823	-132.89046	5170.9365	32153.207214593887
224	521.59564	226.84735	799.3746	8.179726	677.58167	6.1035156e-05	677.5817	677.5817	200.0	200.0	2239999	132.46053	775.6345	1620.1304	-24201.318	132.45155	775.7093	1535.2128	-24303.379	5.184809	4.0721574	195.1719	-11.234321	-128.7966	5144.8457	32310.804410219193
225	470.02194	283.62976	1097.9021	9.360132	11.155542	9.536743e-07	11.155543	11.155543	200.0	200.0	2249999	145.88939	789.7331	1722.9742	-25590.2	145.88737	789.7495	1700.3143	-25203.709	5.1343875	3.8345706	118.2725	-11.27482	-142.39362	5191.4805	32463.180856466293
226	419.64456	321.47357	1393.5525	8.384868	11.196077	0.0	11.196077	11.196077	200.0	200.0	2259999	152.0703	796.99915	1924.3563	-25955.66	152.05559	797.00684	1838.3207	-25561.82	5.310494	4.1372423	100.67262	-12.379571	-148.62688	5025.6016	32618.42535495758
227	520.7117	220.50595	753.71747	6.9933224	363.57306	3.0517578e-05	363.5731	363.5731	200.0	200.0	2269999	146.91327	791.8909	2458.4617	-25810.172	146.91597	791.90784	2460.5115	-25951.404	5.2386584	4.110295	116.31322	-11.506705	-143.43747	5278.335	32775.59419512749
228	430.0027	303.32233	1463.8309	2.595158	367.48495	3.0517578e-05	367.485	367.485	200.0	200.0	2279999	132.77435	798.47766	3107.986	-26895.488	132.76363	798.533	3076.4856	-26995.85	5.149361	4.0817394	107.847885	-13.304597	-128.92047	5554.369	32930.65544509888
229	520.04004	283.97882	1509.2917	10.514488	104.51969	0.0	104.51969	104.51969	200.0	200.0	2289999	125.3918	789.72754	2980.4534	-25709.404	125.38301	789.752	2973.5742	-25874.389	5.1668773	4.124191	125.05492	-11.4877405	-121.868	5553.5537	33088.41636776924
230	525.1662	233.70222	1036.492	6.626934	283.54938	0.0	283.54938	283.54938	200.0	200.0	2299999	118.984695	810.16425	2781.4097	-25809.422	118.99216	810.15704	2815.9111	-25673.828	5.4222875	4.4029036	114.05046	-12.5381565	-115.47351	5528.5967	33246.561641931534
231	513.51306	335.68326	1548.1154	7.38725	13.708521	9.536743e-07	13.70852	13.70852	200.0	200.0	2309999	113.67398	814.0176	3311.957	-26404.836	113.6829	813.9673	3369.006	-26200.232	5.198334	4.1537237	142.56427	-12.484553	-110.26962	5700.8027	33393.6422791481
232	429.65625	250.40152	821.25824	4.292482	804.28503	6.1035156e-05	804.285	804.285	200.0	200.0	2319999	115.48441	820.433	3581.6995	-26589.408	115.49685	820.3467	3532.495	-26439.955	5.167084	4.044813	104.16362	-10.500098	-111.94281	5745.1753	33539.42662405968
233	334.89938	311.6712	1416.0674	2.1947331	629.32043	0.0	629.32043	629.32043	200.0	200.0	2329999	125.6686	818.24066	3011.3335	-27876.725	125.6663	818.3174	2952.6558	-27687.463	5.2606	4.2200904	116.88604	-10.765737	-122.44659	5987.7153	33686.83438014984
234	448.0592	391.41342	1463.2054	4.920961	9.073982	0.0	9.073982	9.073982	200.0	200.0	2339999	144.39961	814.50433	2446.7156	-28254.74	144.38612	814.51807	2359.8987	-27916.363	5.258332	4.163894	112.24338	-10.375128	-140.98483	5805.985	33833.32170367241
235	470.53854	333.17194	1340.6902	2.5602577	382.85797	0.0	382.85797	382.85797	200.0	200.0	2349999	148.11856	803.1551	2041.2615	-28595.084	148.11374	803.1155	1976.2524	-28430.186	5.2939134	4.1763735	181.03384	-12.961829	-144.46187	5523.8877	33981.82522058487
236	399.01495	298.87042	935.84503	6.542039	577.59534	0.0	577.59534	577.59534	200.0	200.0	2359999	140.12877	812.7995	1943.3358	-28262.125	140.12915	812.75464	1934.2439	-27990.057	5.2807236	4.1957364	128.86902	-11.805838	-136.14247	5559.791	34127.91036128998
237	391.44568	278.36276	804.206	5.2022715	591.6456	6.1035156e-05	591.6457	591.6457	200.0	200.0	2369999	149.87856	819.05804	1889.1084	-27643.89	149.87607	818.9802	1881.3223	-27460.95	5.4358444	4.535591	137.91675	-13.100914	-146.02863	5647.575	34275.83987569809
238	470.89786	360.5109	1424.1372	7.4105444	762.497	0.0	762.497	762.497	200.0	200.0	2379999	134.05766	819.03864	1905.3433	-28570.818	134.05678	819.0559	1892.899	-28460.346	5.0737343	4.179842	121.45916	-12.220681	-129.90378	5598.0835	34425.204384088516
239	442.88132	332.43243	1155.0962	13.822898	626.56824	6.1035156e-05	626.5682	626.5682	200.0	200.0	2389999	118.9669	821.1958	1811.7996	-28276.064	118.9629	821.16534	1827.6313	-28442.682	5.179357	4.3115892	109.78659	-13.689655	-114.774376	5591.745	34570.4848845005
240	450.3189	307.36774	1484.8938	5.64092	123.42824	7.6293945e-06	123.42823	123.42823	200.0	200.0	2399999	113.638435	829.77466	1952.9697	-29803.902	113.643394	829.73193	1858.9967	-30099.297	5.232943	4.343741	118.03361	-12.750213	-109.442665	5783.93	34717.60522675514
241	489.6635	291.02353	1281.9698	9.222539	434.38925	0.0	434.38925	434.38925	200.0	200.0	2409999	105.86846	848.37103	2024.0833	-30461.992	105.85814	848.377	1992.7164	-30448.246	5.158742	4.1221066	96.251755	-11.827754	-101.5406	5950.395	34864.98973560333
242	369.6773	339.4868	1438.3724	7.653585	7.4695992	4.7683716e-07	7.4695997	7.4695997	200.0	200.0	2419999	108.54338	842.40393	2045.4846	-32843.812	108.54206	842.3827	2002.9672	-32153.574	5.3716526	4.2030106	106.78172	-12.215864	-104.31141	6201.277	35009.63065671921
243	71.72094	179.25316	751.95905	6.1254773	10.904427	0.0	10.904427	10.904427	200.0	200.0	2429999	117.774414	848.4545	2060.4976	-32586.516	117.77078	848.3849	2055.6013	-32422.713	5.277982	4.3342524	118.61413	-13.117049	-113.57295	5984.12	35156.972798109055
244	76.754524	201.5886	863.6684	6.8090563	8.290723	9.536743e-07	8.290722	8.290722	200.0	200.0	2439999	120.87959	843.7515	2110.8245	-32288.93	120.882416	843.65784	2077.0823	-32112.906	5.324385	4.3088665	167.30928	-14.053871	-116.74129	5959.7734	35304.04357671738
245	82.99515	201.9225	710.464	5.337211	22.699932	1.9073486e-06	22.69993	22.69993	200.0	200.0	2449999	105.14931	809.13275	2117.9075	-31053.41	105.157234	809.0769	2107.1052	-31089.043	5.3335896	4.378178	91.04586	-10.620698	-100.7	5923.2495	35449.22361159325
246	192.71574	273.05246	985.6846	8.084901	8.17745	0.0	8.17745	8.17745	200.0	200.0	2459999	111.684715	792.45215	2764.6316	-30519.33	111.68077	792.44214	2868.0288	-30436.209	5.5851183	4.4825106	95.076965	-13.105837	-108.07482	6070.9937	35598.761394262314
247	9.772574	1.2945592	14.457505	7.2012897	11.254404	9.536743e-07	11.254405	11.254405	200.0	200.0	2469999	131.73535	814.17566	2390.4453	-32819.176	131.73459	814.1285	2216.977	-32882.305	5.4703875	4.371647	110.298996	-13.186271	-127.53681	5795.4707	35744.304189920425
248	42.05118	156.81776	982.7264	8.236235	684.456	0.0	684.456	684.456	200.0	200.0	2479999	118.19203	808.91504	2780.8054	-32647.195	118.1919	808.94977	2772.1572	-32472.924	5.42836	4.31337	115.60356	-15.429602	-114.267365	6029.5747	35893.2112326622
249	14.404028	20.156157	154.14873	10.0818405	9.94188	0.0	9.94188	9.94188	200.0	200.0	2489999	122.59311	810.1991	3602.585	-32817.215	122.58936	810.1806	3468.6724	-32814.4	5.419719	4.15404	203.35892	-11.641727	-118.97153	6084.423	36038.51271009445
250	10.7039585	2.2728243	17.582937	6.4277077	15.936798	0.0	15.936798	15.936798	200.0	200.0	2499999	107.61989	802.17834	3691.3464	-33369.637	107.620094	802.2998	3718.7136	-32769.934	5.305217	4.2973833	122.21867	-12.667199	-103.67758	6025.988	36187.2166967392
