Epoch	AverageEpRet	StdEpRet	MaxEpRet	MinEpRet	AverageTestEpRet	StdTestEpRet	MaxTestEpRet	MinTestEpRet	EpLen	TestEpLen	TotalEnvInteracts	AverageQ1Vals	StdQ1Vals	MaxQ1Vals	MinQ1Vals	AverageQ2Vals	StdQ2Vals	MaxQ2Vals	MinQ2Vals	AverageLogPi	StdLogPi	MaxLogPi	MinLogPi	LossPi	LossQ	Time
1	9.922419	4.4048634	26.578386	5.4887214	10.689585	9.536743e-07	10.689586	10.689586	200.0	200.0	9999	11.639657	6.060142	26.04174	-0.02591636	11.639652	6.0601587	26.16985	-0.022104045	-2.7334216	0.23772618	-1.2037172	-8.760586	-12.178759	0.01110679	743.7132568359375
2	11.69996	10.478355	78.78697	5.020703	11.479714	0.0	11.479714	11.479714	200.0	200.0	19999	29.262444	4.513483	59.902866	18.86429	29.262436	4.513941	59.515728	18.87234	-2.7332551	0.23693345	0.5438223	-8.051886	-29.786413	0.04343338	1605.6435849666595
3	13.877628	16.198265	118.88113	4.6241045	12.555665	0.0	12.555665	12.555665	200.0	200.0	29999	40.687946	3.5267627	76.14955	9.710563	40.687904	3.5276875	70.97109	9.425236	-2.73099	0.24502869	10.684989	-9.303156	-41.191864	0.10682605	2455.47935295105
4	10.311509	3.7643406	26.264072	5.4707932	10.898451	9.536743e-07	10.89845	10.89845	200.0	200.0	39999	47.486477	3.6438396	81.77057	-6.396739	47.48645	3.645069	85.36481	-6.612871	-2.7247047	0.27763316	7.9087553	-8.983554	-47.983078	0.22331208	3380.8358750343323
5	14.07919	10.6682	72.47603	5.958934	11.640711	9.536743e-07	11.640712	11.640712	200.0	200.0	49999	51.667652	4.208668	116.134735	-3.5108914	51.667625	4.209918	113.37285	-3.826783	-2.7152402	0.32705542	11.43709	-10.008673	-52.153255	0.33202735	4234.106783151627
6	15.836723	7.933074	37.78538	6.2787824	13.1194515	9.536743e-07	13.119452	13.119452	200.0	200.0	59999	54.072594	5.0698037	110.518585	-58.524845	54.07244	5.0731387	112.186295	-60.951584	-2.703908	0.36707845	11.195128	-8.390132	-54.544926	0.58972937	5103.323262453079
7	16.814545	24.94313	184.88406	6.470113	15.092191	9.536743e-07	15.09219	15.09219	200.0	200.0	69999	55.615013	5.4359775	99.862595	-44.650326	55.615116	5.4336963	101.09014	-45.791016	-2.7041514	0.37663892	11.693874	-8.663734	-56.088123	0.6185666	6054.691380262375
8	21.179333	33.617786	223.61601	6.792975	13.237485	0.0	13.237485	13.237485	200.0	200.0	79999	56.604916	5.7649503	100.17169	-14.037731	56.604885	5.764992	101.654785	-14.040579	-2.7037	0.35559714	8.174036	-8.715217	-57.07077	0.53508234	6945.991195201874
9	19.833807	20.273994	137.33904	7.045041	18.869282	1.9073486e-06	18.869284	18.869284	200.0	200.0	89999	57.266525	6.301992	98.32292	-15.728416	57.266155	6.3092766	101.092384	-17.247232	-2.6893973	0.44731534	19.228453	-9.106625	-57.732933	0.6851647	7918.26566195488
10	17.410524	16.544264	86.675606	5.5449457	14.034159	9.536743e-07	14.034158	14.034158	200.0	200.0	99999	57.790787	6.84834	102.34728	-20.98993	57.790577	6.853811	104.41882	-22.74561	-2.6767447	0.47501504	14.077701	-9.994171	-58.2475	0.8629065	8775.377796173096
11	18.418274	16.73466	117.424225	6.8827395	26.492641	1.9073486e-06	26.492643	26.492643	200.0	200.0	109999	57.867035	7.492747	96.38485	-91.38405	57.866962	7.493553	97.21879	-92.854126	-2.6647675	0.512769	16.22088	-11.838076	-58.315575	1.1929201	9702.758726596832
12	15.755121	13.587422	102.70494	7.2199874	19.517574	1.9073486e-06	19.517572	19.517572	200.0	200.0	119999	57.71707	7.3896003	87.01159	-95.568665	57.71729	7.3880467	97.33231	-96.07646	-2.672174	0.48792225	13.939814	-8.806877	-58.170925	1.0733651	10605.841366291046
13	15.704961	12.808976	93.31513	6.7492485	16.181242	0.0	16.181242	16.181242	200.0	200.0	129999	57.745953	7.197163	99.73094	-94.995705	57.74642	7.192901	95.296616	-95.739334	-2.6720045	0.49828112	14.706095	-11.13504	-58.204483	1.0314126	11536.12393450737
14	14.957348	8.977685	49.687744	6.644816	16.072664	0.0	16.072664	16.072664	200.0	200.0	139999	58.025925	6.5201325	106.01317	-84.76273	58.026764	6.5107126	104.02517	-84.61848	-2.6746848	0.50010204	16.87424	-10.609295	-58.484943	0.86458945	12460.92908334732
15	15.277185	8.491687	54.05474	7.9235926	19.586065	1.9073486e-06	19.586067	19.586067	200.0	200.0	149999	58.42774	6.442688	109.94666	-63.039467	58.42877	6.4314427	108.45112	-62.859356	-2.6713603	0.5523493	16.110748	-10.896662	-58.89065	0.8315231	13398.100507497787
16	18.690966	10.006476	58.35927	7.2269654	42.285248	0.0	42.285248	42.285248	200.0	200.0	159999	58.713856	6.49117	131.2305	-56.86277	58.714474	6.483979	132.88437	-55.488174	-2.671306	0.54669935	18.412289	-9.15355	-59.171192	0.9997136	14296.943756580353
17	28.159756	41.56729	278.47092	7.506525	15.903406	9.536743e-07	15.903405	15.903405	200.0	200.0	169999	58.928802	7.2031894	128.90999	-55.531544	58.929893	7.193374	132.32483	-51.264584	-2.6673	0.54813486	17.821404	-9.435711	-59.380417	1.3190254	15232.815287590027
18	27.02102	35.618664	208.23898	7.1253448	13.851047	0.0	13.851047	13.851047	200.0	200.0	179999	58.838005	8.368943	114.81845	-50.315746	58.838203	8.37128	115.92008	-50.39828	-2.6662035	0.5273948	11.412926	-9.642782	-59.27983	1.4235189	16145.39839553833
19	21.089504	23.878942	172.83775	8.727946	16.996078	0.0	16.996078	16.996078	200.0	200.0	189999	58.67252	9.235481	100.97179	-44.467472	58.67237	9.23949	97.08517	-39.3801	-2.6617794	0.5212857	10.319229	-9.036738	-59.103382	1.6534367	17043.01768064499
20	30.898333	36.160786	194.07707	9.689565	11.810485	0.0	11.810485	11.810485	200.0	200.0	199999	58.456947	9.629192	118.30605	-41.287666	58.456947	9.632399	115.27317	-37.195267	-2.6603034	0.49464792	11.210889	-9.949053	-58.87345	1.9977474	17920.76059961319
21	25.666346	30.944267	203.5547	8.186139	15.736334	9.536743e-07	15.736335	15.736335	200.0	200.0	209999	58.335648	9.825251	223.6913	-21.516445	58.33581	9.827457	223.21909	-22.188395	-2.6548986	0.4952289	10.906685	-10.152342	-58.740692	2.439351	18819.47264790535
22	21.646147	18.498053	114.36883	7.4705153	21.14951	1.9073486e-06	21.149511	21.149511	200.0	200.0	219999	58.402485	12.140088	316.70218	-16.729984	58.402573	12.142079	320.68622	-16.064415	-2.6387606	0.5377921	11.889803	-9.833844	-58.79435	2.5604026	19738.578964471817
23	19.64007	14.824078	60.331882	6.016894	14.421132	9.536743e-07	14.421133	14.421133	200.0	200.0	229999	59.415043	18.923498	323.2019	-24.507408	59.41479	18.927677	318.75198	-26.435246	-2.535115	0.8642452	10.750234	-10.348833	-59.806587	3.6162243	20604.983548879623
24	13.6784115	10.969553	54.56162	4.825592	10.618319	9.536743e-07	10.6183195	10.6183195	200.0	200.0	239999	65.3678	30.689157	268.16028	-71.418816	65.367546	30.695839	266.66312	-64.81569	-1.8981335	2.084496	13.764294	-11.706617	-65.78223	14.71595	21539.28028678894
25	10.99906	3.2770941	31.276127	9.305168	9.712562	0.0	9.712562	9.712562	200.0	200.0	249999	102.52334	57.672882	258.41055	-107.16174	102.52405	57.685207	260.27042	-106.11286	3.1024375	5.1020064	17.732006	-11.469437	-103.81919	48.572006	22440.29908299446
26	12.071791	13.095696	94.13	4.7686563	5.526063	4.7683716e-07	5.5260634	5.5260634	200.0	200.0	259999	139.47092	48.554337	240.43593	-125.016075	139.47206	48.558685	238.08327	-117.47215	0.41252643	3.170704	14.781798	-12.571013	-140.10913	46.2767	23346.018223285675
27	15.828416	8.89804	45.71646	5.962737	16.492252	1.9073486e-06	16.492254	16.492254	200.0	200.0	269999	112.09142	39.53117	228.51643	-127.662254	112.09237	39.534153	231.75824	-118.868454	-1.7372497	1.3316884	12.191473	-11.031435	-112.27769	26.371592	24253.542450904846
28	16.229921	5.0893035	43.798203	9.739348	15.227861	0.0	15.227861	15.227861	200.0	200.0	279999	85.682495	32.401333	211.79602	-118.8967	85.68155	32.40745	213.28899	-118.191574	-2.1123397	1.1829882	11.962876	-10.926615	-85.84495	14.916471	25198.858998298645
29	14.195512	3.0247433	23.369455	7.314431	15.671385	0.0	15.671385	15.671385	200.0	200.0	289999	71.19544	27.187836	168.5444	-111.70348	71.19478	27.191717	168.88347	-112.45964	-2.0825765	1.307665	15.564207	-10.604834	-71.43421	10.38117	26133.132932662964
30	14.59117	2.1246634	21.72321	11.604589	15.574239	9.536743e-07	15.57424	15.57424	200.0	200.0	299999	63.360134	22.767536	132.67198	-108.58058	63.36021	22.770338	132.02205	-109.25813	-2.1217432	1.1586659	15.27751	-10.298534	-63.668774	7.199089	27043.392745494843
31	14.620822	2.0217314	20.357533	9.393141	18.72685	0.0	18.72685	18.72685	200.0	200.0	309999	58.748333	18.960623	105.96365	-112.03253	58.74916	18.959383	106.5469	-115.84549	-2.191668	1.0907892	17.008743	-11.722778	-59.08446	5.1492968	27957.19610643387
32	14.788806	2.463558	23.629221	8.955913	15.04993	9.536743e-07	15.049931	15.049931	200.0	200.0	319999	55.69381	15.780874	116.61427	-110.38398	55.694244	15.778916	131.51399	-112.34112	-2.3222582	0.94994193	13.182436	-10.605445	-56.03435	3.816933	28842.82297062874
33	15.44183	2.6734157	24.121243	11.664313	15.772962	9.536743e-07	15.772961	15.772961	200.0	200.0	329999	53.50838	13.522585	129.9219	-101.3341	53.508377	13.521477	136.91386	-103.70768	-2.4122515	0.8466051	16.238337	-11.137348	-53.84794	2.8920395	29759.937793254852
34	16.544601	3.7065127	27.893858	8.848891	13.244925	0.0	13.244925	13.244925	200.0	200.0	339999	52.075672	11.889661	129.20538	-96.10866	52.07543	11.889156	134.3612	-94.44911	-2.4771712	0.7647079	16.039589	-10.535437	-52.425056	2.3024461	30704.94858264923
35	15.560025	4.452286	29.018692	9.172222	16.085865	0.0	16.085865	16.085865	200.0	200.0	349999	51.364902	10.871851	108.99034	-91.09452	51.364704	10.872685	116.245674	-89.277084	-2.5362349	0.68978405	14.203439	-9.5036955	-51.722363	1.8890332	31603.886167764664
36	17.102589	5.343237	30.698563	9.463734	13.601526	9.536743e-07	13.601525	13.601525	200.0	200.0	359999	51.0602	10.201566	142.20793	-92.266075	51.060116	10.201739	151.05815	-93.243126	-2.56358	0.648882	14.565007	-10.050462	-51.421043	1.7393278	32525.30202627182
37	16.409021	6.095708	33.372	5.2440405	12.876238	0.0	12.876238	12.876238	200.0	200.0	369999	51.084324	9.695363	173.81474	-79.96438	51.08431	9.694122	165.47653	-81.02659	-2.5829437	0.62182796	16.137724	-9.102462	-51.447548	1.7348875	33475.518996953964
38	15.79652	5.131645	29.668142	9.589616	24.164919	0.0	24.164919	24.164919	200.0	200.0	379999	51.347282	9.529604	228.1443	-72.448456	51.34724	9.530273	235.8386	-78.24144	-2.5897882	0.62619704	19.203894	-9.549633	-51.71707	1.6939311	34431.92272019386
39	18.455742	7.3705673	48.388226	9.102855	13.941551	0.0	13.941551	13.941551	200.0	200.0	389999	51.66693	9.567895	209.14023	-69.904175	51.666927	9.568421	213.48602	-73.70954	-2.6028461	0.58703387	18.846872	-11.007516	-52.033012	1.6576674	35339.72459745407
40	20.410088	7.69373	41.546997	9.381613	20.549902	1.9073486e-06	20.549904	20.549904	200.0	200.0	399999	51.913136	9.660398	241.71774	-67.0996	51.9134	9.659872	247.00421	-66.398186	-2.596703	0.6311079	26.040947	-9.055618	-52.285362	1.8053771	36280.868089437485
41	20.302826	8.719124	45.81602	9.255344	27.00539	1.9073486e-06	27.005388	27.005388	200.0	200.0	409999	52.031494	10.196077	226.0555	-62.530636	52.031586	10.196014	237.82025	-59.718884	-2.5986614	0.6105347	20.077381	-8.982586	-52.399967	1.8107262	37176.67763924599
42	20.658262	7.7156568	38.041813	8.783769	31.742544	1.9073486e-06	31.742542	31.742542	200.0	200.0	419999	51.902374	10.633287	258.76062	-77.96897	51.9028	10.632684	258.35922	-66.6617	-2.5983016	0.61603504	19.07088	-9.684792	-52.267326	1.8772563	38102.77094221115
43	20.08488	8.368928	36.967125	7.073712	31.228113	0.0	31.228113	31.228113	200.0	200.0	429999	51.768177	11.118555	268.98727	-87.81919	51.76866	11.115706	270.69373	-97.52954	-2.5811894	0.67174006	33.435158	-9.069511	-52.13619	2.0834956	39043.57613658905
44	19.108095	7.6231194	37.65348	6.436141	26.147648	1.9073486e-06	26.147646	26.147646	200.0	200.0	439999	51.90056	11.485122	281.53308	-96.37103	51.901115	11.481878	286.69727	-96.65128	-2.578834	0.66886467	19.756443	-9.537481	-52.262062	2.356433	39943.91315507889
45	22.396992	8.920671	45.957924	6.6127367	23.810944	0.0	23.810944	23.810944	200.0	200.0	449999	52.16863	11.885991	269.4555	-77.50871	52.169136	11.88633	275.786	-77.91198	-2.5632222	0.72617775	25.938173	-12.014031	-52.5283	2.5757208	40904.45296955109
46	20.594135	6.9158673	35.99165	8.64852	36.498894	0.0	36.498894	36.498894	200.0	200.0	459999	52.449223	12.759805	426.01215	-105.42375	52.448864	12.7621565	416.59222	-108.74172	-2.5423622	0.820232	28.081543	-11.686117	-52.80442	3.179769	41813.402910232544
55	113.754555	200.0	200.0	469999	231.68207	477.63327	1402.7358	-3309.256	231.67859	477.65808	1395.2054	-3321.8584	3.458627	3.5958881	84.96095	-13.539957	-229.4568	2455.144	39401.65225315094
48	208.39398	192.05415	764.8454	7.230832	272.75873	3.0517578e-05	272.7587	272.7587	200.0	200.0	479999	186.33795	470.40466	936.4803	-3691.1208	186.33032	470.45688	1063.4695	-3698.02	3.5273225	3.7376363	68.676346	-13.829266	-184.25107	2253.3025	40317.386929273605
49	228.24239	225.6429	814.882	13.102222	144.22098	0.0	144.22098	144.22098	200.0	200.0	489999	164.59026	479.3624	940.7654	-3960.3677	164.58376	479.40192	950.5205	-3981.238	3.6863723	3.6919863	63.441277	-14.307073	-162.7663	2306.403	41240.46572494507
50	220.79895	199.98698	610.6753	6.1620045	23.878576	1.9073486e-06	23.878578	23.878578	200.0	200.0	499999	151.93816	487.37204	913.1633	-4484.47	151.92801	487.43643	933.6916	-4491.836	3.5988138	3.7692566	73.65779	-12.3750305	-149.9156	2345.2212	42135.99930739403
51	268.99615	242.96542	760.0694	9.867026	20.591211	1.9073486e-06	20.59121	20.59121	200.0	200.0	509999	138.00514	485.16898	1061.2954	-4958.0366	137.99207	485.2267	1181.666	-4990.6416	3.4387286	3.5789762	65.09481	-15.000682	-136.03183	2326.8174	43004.23689055443
52	292.2478	235.82498	783.5049	11.133444	346.2783	0.0	346.2783	346.2783	200.0	200.0	519999	125.09386	487.87094	1113.9448	-5321.756	125.08615	487.9103	1138.7412	-5345.6353	3.353501	3.5347948	94.55301	-12.230608	-123.1274	2427.1743	43883.20880675316
53	282.15292	242.91956	853.58545	3.727474	677.92926	0.0	677.92926	677.92926	200.0	200.0	529999	118.22549	493.0808	1152.5392	-5813.0957	118.214516	493.12054	1188.1885	-5846.9087	3.411645	3.3713868	69.294106	-13.260483	-116.271736	2430.5952	44774.65421962738
54	348.01376	218.59969	783.71277	6.821534	93.02062	0.0	93.02062	93.02062	200.0	200.0	539999	114.82679	506.519	1135.2452	-6028.138	114.8183	506.53714	1073.883	-6041.1284	3.378675	3.3020115	65.40407	-12.754649	-112.7443	2486.7432	45643.935945272446
55	319.2625	245.7373	744.4397	5.7357874	132.42746	1.5258789e-05	132.42744	132.42744	200.0	200.0	549999	115.33292	527.3473	952.4345	-6349.858	115.327354	527.3709	977.4788	-6406.2017	3.554127	3.3839867	81.97057	-13.373543	-113.21456	2643.2031	46501.82716226578
56	361.3888	231.93619	764.52515	22.707848	568.6229	6.1035156e-05	568.62286	568.62286	200.0	200.0	559999	121.59507	543.11755	911.3228	-6596.045	121.58668	543.145	929.65857	-6679.5845	3.6989815	3.507566	65.92063	-13.139284	-119.60953	2758.578	47430.074543237686
57	322.25095	241.10223	752.6544	17.887794	65.11297	0.0	65.11297	65.11297	200.0	200.0	569999	128.94496	552.37067	926.156	-6985.429	128.93636	552.42377	942.3983	-7021.9775	3.6829562	3.458743	72.08642	-12.212336	-126.9464	2866.878	48375.223823308945
58	286.76804	235.03555	734.1444	8.519338	35.483334	0.0	35.483334	35.483334	200.0	200.0	579999	130.77403	563.92816	913.5626	-7265.061	130.76637	563.9627	922.3456	-7362.7695	3.5260708	3.4266527	65.041725	-13.083101	-128.88853	2919.9163	49293.00483798981
59	357.65762	216.63797	709.188	20.969402	20.819183	0.0	20.819183	20.819183	200.0	200.0	589999	126.2076	572.8217	903.1807	-7465.9487	126.19688	572.88666	901.4921	-7546.005	3.5040624	3.4840233	91.720505	-12.24752	-124.09259	3052.471	50210.26415657997
60	241.6054	222.81354	726.8506	7.8207617	36.53408	3.8146973e-06	36.534077	36.534077	200.0	200.0	599999	118.62297	575.9944	938.01825	-7800.6865	118.62008	576.00977	859.59143	-7926.4775	3.6894507	3.5315673	90.84708	-12.288029	-116.77295	3118.3489	51105.106880903244
61	298.5712	231.66692	755.9073	12.947891	658.8387	6.1035156e-05	658.8386	658.8386	200.0	200.0	609999	111.45058	590.1604	840.0324	-8368.621	111.44087	590.2099	844.2029	-8502.849	3.6128201	3.4351392	75.094406	-15.14423	-109.23246	3219.2334	52002.25939846039
62	320.45624	225.96156	807.7087	9.171458	628.32715	0.0	628.32715	628.32715	200.0	200.0	619999	103.08582	599.6105	807.83203	-8624.874	103.07776	599.6338	810.6091	-8738.853	3.727025	3.5493984	95.046326	-15.894594	-100.96901	3273.54	52890.619590997696
63	330.3814	210.83588	705.5155	14.119438	19.911236	0.0	19.911236	19.911236	200.0	200.0	629999	90.9258	612.9218	816.9184	-9301.662	90.9108	612.9588	808.85455	-9480.298	3.6784534	3.491635	93.14577	-12.307711	-88.91815	3498.0493	53824.81700181961
64	275.9204	243.58957	773.0641	15.25263	50.082207	3.8146973e-06	50.082203	50.082203	200.0	200.0	639999	78.33565	616.60785	763.35254	-9545.699	78.317894	616.6558	780.5228	-9637.75	3.7347562	3.5980067	85.0285	-12.790387	-76.11413	3515.1348	54756.74249458313
65	315.86475	227.6847	800.03436	14.503047	84.20806	0.0	84.20806	84.20806	200.0	200.0	649999	70.50958	621.638	764.94055	-9722.692	70.501976	621.6609	761.06506	-9930.931	3.7383864	3.5889354	77.52748	-11.871778	-68.52798	3621.9033	55669.88969087601
66	310.83768	235.28831	792.5199	10.416344	301.14163	0.0	301.14163	301.14163	200.0	200.0	659999	55.969	622.3652	789.31555	-10213.544	55.949875	622.38403	804.4398	-10333.26	3.626065	3.522934	85.670425	-13.320452	-53.692436	3570.692	56549.493538856506
67	278.27292	227.97105	761.2225	9.107343	182.37088	0.0	182.37088	182.37088	200.0	200.0	669999	44.666492	628.568	746.90704	-10786.448	44.658524	628.59753	778.8822	-10886.939	3.7340496	3.531748	82.6365	-13.5540905	-42.55092	3632.421	57440.838381290436
68	229.94698	211.28334	748.5859	17.983725	284.58353	0.0	284.58353	284.58353	200.0	200.0	679999	41.58721	646.2507	786.59174	-11384.669	41.584496	646.2709	784.6839	-11472.347	3.6635232	3.5182483	86.54092	-16.133831	-39.30802	3710.94	58279.825917482376
69	266.3415	214.57289	698.6542	28.93029	203.61671	0.0	203.61671	203.61671	200.0	200.0	689999	36.35688	665.3336	782.532	-12467.836	36.339928	665.3925	788.2921	-12509.788	3.7335227	3.483782	65.4472	-13.619555	-34.02277	3873.5137	59173.63219881058
70	255.00504	217.11928	740.5759	5.039207	237.59793	1.5258789e-05	237.59792	237.59792	200.0	200.0	699999	22.40851	694.33655	733.881	-13236.338	22.405552	694.3752	773.45667	-13351.942	3.8204575	3.4036872	82.104454	-12.977268	-19.907188	4183.8594	60028.06294989586
71	257.74442	214.98012	729.79126	8.277145	747.91	6.1035156e-05	747.9099	747.9099	200.0	200.0	709999	7.396543	706.4807	701.7733	-13910.468	7.384533	706.5278	719.18744	-13985.935	3.753853	3.5264375	91.20676	-14.812827	-4.765707	4162.205	60907.7605779171
72	286.70892	272.291	846.00104	10.991952	14.008046	0.0	14.008046	14.008046	200.0	200.0	719999	-15.242078	733.1727	712.83966	-14662.75	-15.248471	733.2119	695.15063	-14851.196	3.6463675	3.346825	64.37065	-12.789034	17.779722	4214.811	61799.24207997322
73	279.04623	237.0771	733.9823	5.811302	146.39699	0.0	146.39699	146.39699	200.0	200.0	729999	-38.522583	754.3286	709.26447	-16384.191	-38.526337	754.38293	688.6419	-16365.383	3.6363673	3.5420296	64.99965	-13.033235	41.408066	4553.3823	62657.19771528244
74	309.00192	227.74454	755.49677	3.9274836	84.23498	0.0	84.23498	84.23498	200.0	200.0	739999	-57.307316	774.50104	660.7557	-17225.6	-57.315105	774.53784	700.10205	-17168.816	3.746722	3.5938127	99.80163	-13.416627	60.004642	4593.6772	63527.1442296505
75	279.1363	252.01056	770.9671	4.0837107	126.80692	0.0	126.80692	126.80692	200.0	200.0	749999	-71.52939	801.6353	647.8161	-17876.58	-71.524506	801.68134	668.38684	-17839.166	3.933637	3.723398	84.77439	-12.425566	74.34892	4746.7627	64435.06084942818
76	313.02673	286.50964	783.63556	9.1504	477.97906	0.0	477.97906	477.97906	200.0	200.0	759999	-77.62386	827.3683	641.82745	-18569.826	-77.6252	827.39703	627.7408	-18585.854	3.931613	3.5855334	100.7549	-13.460134	80.36966	4777.56	65281.39972925186
77	319.29898	245.11575	751.4908	18.76462	61.38853	0.0	61.38853	61.38853	200.0	200.0	769999	-90.46738	843.83386	684.51636	-19206.244	-90.46816	843.9005	765.944	-19188.21	3.9468284	3.5490677	72.58627	-12.837317	93.136635	5046.656	66136.89394116402
78	227.96765	252.67757	751.05774	7.927311	6.073513	0.0	6.073513	6.073513	200.0	200.0	779999	-106.34627	859.97034	708.85223	-19960.754	-106.3437	860.0006	742.41437	-20093.795	3.7976182	3.6583385	96.61696	-12.129423	109.21531	5087.881	67005.05362129211
79	233.40541	222.28293	723.11865	8.04035	68.559494	7.6293945e-06	68.55949	68.55949	200.0	200.0	789999	-119.73271	872.7367	670.20233	-20770.322	-119.734215	872.7773	647.7501	-20606.602	3.780675	3.5916572	68.99982	-14.120399	122.82423	5305.6523	67840.81742119789
80	200.52637	252.48918	1039.2008	9.169826	568.22314	0.0	568.22314	568.22314	200.0	200.0	799999	-133.11461	917.8049	676.0235	-21711.08	-133.11229	917.87286	699.9127	-21640.742	3.9369848	3.6489089	103.984985	-11.367067	135.99326	5660.4326	68737.8432173729
81	286.14926	268.24817	793.90265	12.051314	15.212934	9.536743e-07	15.212933	15.212933	200.0	200.0	809999	-135.32025	943.50354	644.49054	-22461.117	-135.31927	943.5575	671.5827	-22391.996	3.982186	3.697327	126.03385	-13.195227	138.5582	5956.81	69635.66661906242
82	186.16307	222.06836	734.9472	9.419621	701.07916	0.0	701.07916	701.07916	200.0	200.0	819999	-137.72887	968.4394	697.83563	-23127.473	-137.72932	968.4696	932.35126	-23429.67	4.1454616	3.6622336	80.90503	-13.638048	140.85948	6200.2617	70497.85228538513
83	283.74002	234.77853	690.3343	17.994041	19.311161	1.9073486e-06	19.311163	19.311163	200.0	200.0	829999	-141.72688	975.5806	744.617	-24117.39	-141.732	975.6635	955.0974	-24043.668	4.1113605	3.8205905	74.2536	-12.18932	144.75157	6365.486	71369.6629049778
84	305.3454	239.44374	702.19135	10.427821	40.458183	0.0	40.458183	40.458183	200.0	200.0	839999	-161.30797	991.75287	663.63	-25087.096	-161.30908	991.8055	644.21063	-24971.572	4.086264	3.9385047	100.261475	-12.690244	164.6733	6370.826	72210.73593020439
85	288.86066	249.89745	723.84454	4.6104584	43.322845	0.0	43.322845	43.322845	200.0	200.0	849999	-181.1177	1020.5972	664.73895	-25906.572	-181.12227	1020.6238	641.6871	-25792.338	4.136662	3.904595	104.66259	-11.4021225	184.69078	6744.753	73094.95559477806
86	373.72852	257.465	722.3941	6.600742	48.99061	0.0	48.99061	48.99061	200.0	200.0	859999	-189.56482	1051.2053	672.1166	-26315.541	-189.5675	1051.262	658.4329	-26207.916	4.234729	4.1051025	85.405106	-13.214163	192.95805	7093.8	74050.2351334095
87	351.04703	278.42816	843.7475	5.92825	133.79637	0.0	133.79637	133.79637	200.0	200.0	869999	-194.80563	1056.6399	663.8114	-25996.812	-194.81525	1056.6831	660.9997	-26034.947	4.3188524	3.9004302	76.790146	-11.251793	198.1631	7421.3423	74931.3868086338
88	225.46457	243.36264	765.01935	6.6668997	14.711034	9.536743e-07	14.711035	14.711035	200.0	200.0	879999	-198.76926	1076.6752	673.8758	-26111.76	-198.7661	1076.7002	710.5581	-26264.129	4.385134	4.0373244	72.65353	-15.775476	202.04707	7784.0474	75826.80110192299
89	350.4396	284.4037	810.5241	8.810653	143.5469	1.5258789e-05	143.54692	143.54692	200.0	200.0	889999	-200.19263	1069.5024	708.0831	-26365.008	-200.18782	1069.5323	702.1056	-26347.836	4.4119496	3.940845	90.32863	-11.052895	203.65794	7718.9473	76884.73803162575
90	221.26305	233.70262	734.24005	8.434237	524.60596	0.0	524.60596	524.60596	200.0	200.0	899999	-208.83618	1062.3503	712.30096	-26384.004	-208.84985	1062.3994	728.643	-26352.885	4.310744	4.1294403	91.164345	-12.828642	212.60075	7723.3193	78089.35433077812
91	286.1759	267.82733	774.7825	3.4352336	74.93288	0.0	74.93288	74.93288	200.0	200.0	909999	-211.65192	1071.4736	748.3383	-26776.02	-211.66331	1071.5361	739.2916	-26542.38	4.4580517	4.1848254	89.238655	-14.225431	215.2764	7764.0815	79354.78391337395
92	234.95314	259.1564	805.3048	5.7631245	11.148432	9.536743e-07	11.148433	11.148433	200.0	200.0	919999	-196.8611	1081.2117	732.7116	-26516.75	-196.86885	1081.2537	758.8691	-26370.48	4.7125964	4.2398715	81.305046	-13.928892	200.41087	7849.16	80643.26792359352
93	277.41412	268.65527	728.6032	7.2445245	215.84575	0.0	215.84575	215.84575	200.0	200.0	929999	-205.57011	1098.8219	781.5039	-26917.164	-205.57285	1098.86	789.74054	-27105.49	4.718672	4.276352	82.20779	-12.961949	209.09175	8242.259	81865.77029967308
94	203.14668	251.47142	825.42346	8.998837	564.1102	0.0	564.1102	564.1102	200.0	200.0	939999	-210.79593	1118.0244	802.25397	-26762.13	-210.80423	1118.0754	804.96014	-27149.941	4.6678843	4.3133545	116.5625	-12.041029	214.18324	8680.76	83163.86360430717
95	144.21216	222.83109	702.4068	4.220512	13.29305	0.0	13.29305	13.29305	200.0	200.0	949999	-198.94962	1124.1252	785.50714	-26858.172	-198.95898	1124.1735	791.3924	-26881.414	4.999634	4.416713	88.90604	-12.574339	202.38698	8930.825	84420.50814890862
96	19.277468	10.955057	84.96453	5.7216053	9.254133	9.536743e-07	9.254132	9.254132	200.0	200.0	959999	-199.22684	1135.9431	953.82635	-26490.104	-199.22589	1135.9932	914.1209	-27128.107	5.347747	4.4336004	96.16358	-12.043857	202.4042	9051.632	85652.1327161789
97	21.37133	8.185691	44.840473	6.6033664	30.603907	1.9073486e-06	30.603905	30.603905	200.0	200.0	969999	-192.23094	1136.5417	1012.80493	-26506.832	-192.2389	1136.6104	1014.5508	-27112.734	5.0220833	4.0751147	98.178604	-11.193386	195.4208	8986.4	86882.91319012642
98	49.69688	106.18641	614.04663	7.1415386	15.217546	9.536743e-07	15.2175455	15.2175455	200.0	200.0	979999	-198.66618	1145.9928	1037.9952	-26505.998	-198.6664	1146.0386	1016.9775	-26669.674	4.8910165	4.1341	101.14151	-15.419614	202.07422	9316.071	88224.56797003746
99	26.94492	57.28892	402.1631	9.7778225	34.34458	0.0	34.34458	34.34458	200.0	200.0	989999	-190.97324	1137.0825	1135.9972	-26904.615	-190.96884	1137.1165	1065.6812	-27095.928	4.971956	4.381802	102.52233	-10.704279	194.28749	9477.606	89470.55423688889
100	15.847653	4.880923	32.74759	9.527615	14.877897	9.536743e-07	14.877898	14.877898	200.0	200.0	999999	-140.68884	1176.5195	1158.9779	-27815.34	-140.68484	1176.5734	1148.8375	-27922.951	5.949985	4.3510575	109.190056	-12.736993	142.65253	9694.739	90825.90779685974
101	21.250086	7.881859	38.429935	10.540205	15.989428	0.0	15.989428	15.989428	200.0	200.0	1009999	-92.73522	1209.5603	1216.9841	-28217.205	-92.751526	1209.6488	1235.1827	-28238.914	5.741349	4.1807046	106.577866	-13.376259	93.95056	10206.19	92058.63181304932
102	23.404295	10.689065	55.438046	9.834466	12.268671	0.0	12.268671	12.268671	200.0	200.0	1019999	-86.522385	1219.7356	1232.6902	-28961.307	-86.53334	1219.7747	1244.2947	-29027.902	5.725795	4.347542	98.97139	-14.1076765	88.21021	10218.063	93360.40460944176
103	24.228083	9.053605	42.686886	10.549175	30.96687	3.8146973e-06	30.966873	30.966873	200.0	200.0	1029999	-79.12551	1228.307	1310.5936	-29032.533	-79.128456	1228.3623	1325.765	-29380.852	5.650775	4.2961273	78.1733	-11.663715	80.874435	10031.701	94636.49254536629
104	20.891874	6.0848317	33.723545	10.035891	23.70264	1.9073486e-06	23.702642	23.702642	200.0	200.0	1039999	-63.87739	1240.4154	1385.1825	-28707.533	-63.86371	1240.4515	1404.4847	-28948.29	5.815429	4.320286	89.735344	-11.46485	65.10879	10291.9	95926.75950956345
105	23.684511	10.922405	51.691597	6.7293596	19.787994	0.0	19.787994	19.787994	200.0	200.0	1049999	-53.82435	1256.0509	1460.6428	-27967.305	-53.82939	1256.0864	1437.1738	-27820.887	5.8293157	4.5266476	98.40649	-12.324231	55.337044	10662.375	97156.69741153717
106	25.91495	10.514752	54.64884	10.257955	39.086544	0.0	39.086544	39.086544	200.0	200.0	1059999	-64.50651	1259.4293	1492.4901	-28293.938	-64.49773	1259.4716	1511.3733	-29332.043	5.9314256	4.633285	102.75959	-13.878061	66.3419	10455.113	98419.86172056198
107	22.455425	6.6158	36.907722	12.927555	43.594124	3.8146973e-06	43.594128	43.594128	200.0	200.0	1069999	-69.02284	1262.1581	1541.8628	-29178.457	-69.01803	1262.1901	1556.3741	-29181.936	5.9449224	4.7339	84.68703	-13.807901	70.91715	10821.888	99617.28631567955
108	22.325294	9.676127	55.32637	7.512505	13.5176115	9.536743e-07	13.517612	13.517612	200.0	200.0	1079999	-76.32917	1244.7312	1574.9526	-28713.082	-76.32366	1244.7725	1544.3931	-28952.65	6.003309	5.013102	92.16813	-12.846792	78.40534	10762.632	100853.63017773628
109	22.614595	8.471503	44.17936	10.614245	18.523342	0.0	18.523342	18.523342	200.0	200.0	1089999	-89.826805	1241.0542	1600.6152	-29265.629	-89.826485	1241.0951	1610.834	-29965.832	5.5552874	4.713642	135.05367	-13.491335	92.31933	10327.827	102113.64449739456
110	20.79357	7.0875287	45.849895	10.699642	23.147823	1.9073486e-06	23.147821	23.147821	200.0	200.0	1099999	-90.0843	1218.2109	1622.9769	-28682.555	-90.07654	1218.2811	1639.9253	-29457.16	5.5851665	4.658524	124.139725	-12.064122	92.50855	10124.764	103340.45261406898
111	15.850533	5.654101	40.386726	7.591042	15.34299	9.536743e-07	15.342991	15.342991	200.0	200.0	1109999	-100.746414	1199.7114	1716.71	-28590.934	-100.74192	1199.7494	1749.1917	-29238.541	5.479667	4.47774	95.98089	-13.143644	104.00189	10087.73	104555.66506409645
112	19.10061	6.8261123	40.045963	10.378882	34.636814	0.0	34.636814	34.636814	200.0	200.0	1119999	-118.969986	1185.2179	1716.4823	-28230.625	-118.97265	1185.3506	1712.6405	-28877.645	5.3969235	4.4235897	107.10793	-13.308353	122.36384	9680.103	105845.52493357658
113	16.75529	7.8574996	54.817623	4.995905	12.827026	0.0	12.827026	12.827026	200.0	200.0	1129999	-118.42481	1149.5072	1829.725	-27865.414	-118.427505	1149.5441	1812.0332	-27955.412	5.3555994	4.433989	151.66989	-10.372728	121.58169	9820.273	107046.37785553932
114	14.319958	4.779689	31.016806	4.796619	12.258173	0.0	12.258173	12.258173	200.0	200.0	1139999	-116.66624	1145.1578	1833.3035	-28357.916	-116.64909	1145.2134	1831.1677	-28639.496	5.286142	4.5203834	108.332146	-13.334165	120.10471	9167.455	108256.01846647263
115	15.976618	6.919223	47.27746	8.714998	14.23865	9.536743e-07	14.238651	14.238651	200.0	200.0	1149999	-101.22336	1156.0548	1807.5321	-28897.238	-101.2098	1156.0809	1808.7592	-29036.8	5.696577	4.516606	123.37872	-13.881165	104.13662	9377.738	109503.01749038696
116	20.856623	14.3005495	74.81904	10.205898	59.86695	3.8146973e-06	59.866947	59.866947	200.0	200.0	1159999	-77.297	1165.9045	2007.1699	-29588.072	-77.2843	1165.9381	1985.2369	-30103.27	5.822558	4.5794373	128.8517	-10.122835	79.73318	9619.591	110696.6281876564
117	27.523954	15.846022	56.209564	9.636928	46.589165	3.8146973e-06	46.58916	46.58916	200.0	200.0	1169999	-55.005047	1177.5546	2116.0142	-29918.238	-55.007416	1177.6473	2118.2288	-30425.297	5.510949	4.412991	108.18989	-11.458772	57.79983	9668.09	111952.24082303047
118	14.780425	10.063015	55.573193	7.306292	10.978867	0.0	10.978867	10.978867	200.0	200.0	1179999	-35.91139	1191.7784	2044.744	-31727.102	-35.904427	1191.828	2033.0059	-32096.133	5.5378146	4.4537997	99.184395	-11.806456	38.471333	9489.74	113190.86169934273
119	14.215984	7.3557596	44.566757	4.5201874	10.529493	0.0	10.529493	10.529493	200.0	200.0	1189999	-22.571259	1212.0475	2046.4713	-32379.133	-22.570995	1212.1162	1986.6339	-33127.836	5.770835	4.4223576	99.99607	-11.713326	25.082943	9717.762	114451.11906194687
120	10.551336	2.2235603	16.706394	6.4349437	10.328345	0.0	10.328345	10.328345	200.0	200.0	1199999	8.410996	1217.2085	1904.6511	-32624.523	8.403468	1217.2549	1849.7288	-32946.44	5.954265	4.444377	124.73244	-10.234819	-6.1134806	9859.599	115693.06892585754
121	15.00664	6.655106	36.896618	7.7055597	10.694907	0.0	10.694907	10.694907	200.0	200.0	1209999	44.385017	1223.521	1633.8983	-32732.168	44.383984	1223.5482	1602.7448	-32891.35	6.1650887	4.5136566	97.07657	-13.247632	-42.223244	9933.078	116967.0890250206
122	13.703921	6.2317104	35.65487	5.9875064	8.477349	0.0	8.477349	8.477349	200.0	200.0	1219999	54.962055	1200.0366	1605.4843	-33056.23	54.957184	1200.0746	1543.79	-33287.09	5.7335176	4.4159746	109.24582	-11.142492	-52.27276	10132.12	118232.04612135887
123	15.418514	7.626411	39.92702	4.600946	9.878421	9.536743e-07	9.878422	9.878422	200.0	200.0	1229999	91.66726	1223.9143	1587.5444	-33208.367	91.65693	1223.9814	1577.4926	-33909.707	6.212899	4.507862	112.25261	-12.6295595	-89.9895	10133.429	119452.1336760521
124	14.807029	6.5423346	35.882607	5.0547967	15.246335	9.536743e-07	15.246334	15.246334	200.0	200.0	1239999	90.09392	1228.2294	1505.4337	-33174.926	90.10172	1228.3429	1424.8875	-33552.14	5.889206	4.4428644	110.279724	-10.890823	-87.72808	9715.068	120646.76751160622
125	17.536201	7.66958	39.91463	8.712502	13.729863	0.0	13.729863	13.729863	200.0	200.0	1249999	77.339	1223.8794	1459.9078	-33418.895	77.34047	1223.89	1399.9027	-33486.93	5.723515	4.4841003	104.24172	-11.473213	-74.77477	9878.651	121866.9297208786
126	34.690514	91.17822	670.3348	7.9310365	16.770008	0.0	16.770008	16.770008	200.0	200.0	1259999	76.89854	1210.1163	1520.7578	-33149.367	76.89973	1210.2036	1383.9601	-33278.28	5.86546	4.464234	171.9664	-12.591465	-74.60428	10165.432	123121.49664926529
127	20.502369	8.791022	47.957214	5.581578	36.380802	0.0	36.380802	36.380802	200.0	200.0	1269999	123.10675	1200.7108	1546.7559	-32498.04	123.12745	1200.7135	1538.2996	-32807.418	6.2456455	4.5657206	128.13983	-13.852475	-121.41395	9786.731	124374.46657371521
128	11.97674	3.7639976	25.533083	7.6333017	20.141819	0.0	20.141819	20.141819	200.0	200.0	1279999	142.74188	1205.6932	1482.8104	-31707.377	142.74965	1205.7345	1413.142	-31753.592	5.935688	4.4569774	143.51495	-14.662297	-140.8019	9855.433	125639.48185610771
129	22.126326	10.917879	48.472347	7.6687984	13.229315	0.0	13.229315	13.229315	200.0	200.0	1289999	140.91876	1216.2399	1438.1757	-32911.49	140.92567	1216.291	1432.5944	-33361.887	5.915396	4.425395	116.33947	-11.44282	-138.73384	9817.814	126975.8390815258
130	21.989094	10.494691	60.103794	9.649305	18.693842	1.9073486e-06	18.69384	18.69384	200.0	200.0	1299999	148.75575	1177.9775	1488.3638	-33476.77	148.75426	1177.9786	1548.1649	-33635.906	5.779941	4.3018785	172.9583	-10.314065	-146.46387	9478.644	128229.43969917297
131	14.279867	5.482189	34.84562	7.2722106	19.185139	1.9073486e-06	19.18514	19.18514	200.0	200.0	1309999	135.79105	1156.1041	1498.2761	-34365.05	135.79158	1156.0886	1445.6002	-34773.734	5.680256	4.3450723	150.5278	-10.770209	-133.263	8976.835	129510.56080126762
132	18.951294	10.161685	51.05296	6.3977504	15.211703	0.0	15.211703	15.211703	200.0	200.0	1319999	137.64986	1159.1136	2189.8848	-34257.48	137.6406	1159.1416	1934.6824	-34519.004	5.911133	4.5994744	190.96509	-12.55605	-136.02762	9573.877	130721.45197033882
133	15.482321	6.578848	41.70041	9.583158	11.704262	0.0	11.704262	11.704262	200.0	200.0	1329999	169.58012	1164.775	3287.904	-34687.363	169.58226	1164.8429	3020.1833	-35077.293	5.781652	4.5329947	122.53739	-12.894276	-167.42955	9317.379	131940.35978031158
134	14.751539	4.4967055	31.700191	9.890554	24.207775	0.0	24.207775	24.207775	200.0	200.0	1339999	191.89192	1165.3147	3883.9456	-33967.336	191.89903	1165.3811	3658.6418	-34746.152	5.6883264	4.488847	105.282036	-12.607759	-190.33528	9459.157	133198.50081324577
135	10.829667	1.601717	17.891562	9.687183	11.931177	0.0	11.931177	11.931177	200.0	200.0	1349999	237.1998	1179.8031	3695.7563	-33826.09	237.18951	1179.8655	3618.0845	-34218.59	5.857874	4.4616446	145.14989	-15.7849	-235.3293	10019.563	134406.46995425224
136	17.053614	19.155867	128.75716	10.0650215	17.250462	0.0	17.250462	17.250462	200.0	200.0	1359999	256.61816	1179.8495	4374.118	-34367.527	256.60464	1179.9054	4606.257	-34305.527	5.6568327	4.2807045	165.8241	-10.680199	-255.0489	10632.624	135639.8102695942
137	98.78125	116.24075	457.00696	14.127629	34.09543	0.0	34.09543	34.09543	200.0	200.0	1369999	230.91046	1170.4142	5222.1655	-34499.926	230.92613	1170.3654	5887.6514	-34571.703	5.446222	4.6399517	106.71416	-11.701323	-227.87218	11656.251	136876.72140169144
138	178.22246	220.87254	762.0206	3.8290703	656.2332	6.1035156e-05	656.23315	656.23315	200.0	200.0	1379999	231.14809	1180.1152	4372.3516	-35792.137	231.14949	1180.0957	3898.9895	-35052.684	5.662695	4.4794374	158.55368	-11.437925	-228.9187	12285.568	138009.5957620144
139	264.0386	218.71373	689.0384	10.611447	373.40924	0.0	373.40924	373.40924	200.0	200.0	1389999	238.29796	1234.4161	2011.252	-37027.844	238.29921	1234.4484	2023.7925	-37571.234	5.776818	4.393293	122.16334	-11.571233	-235.64845	12128.067	139171.49993634224
140	217.74486	234.22249	681.4652	3.7692528	9.989296	0.0	9.989296	9.989296	200.0	200.0	1399999	213.47171	1257.7507	1711.696	-37533.254	213.48647	1257.7557	1927.248	-37428.92	5.731414	4.632551	130.00931	-11.579779	-210.7258	11888.531	140399.99584388733
141	125.33767	145.79109	460.7439	3.001057	5.5991426	4.7683716e-07	5.599142	5.599142	200.0	200.0	1409999	176.81282	1264.0338	1575.072	-38655.637	176.8278	1264.0172	1592.167	-38611.746	5.712911	4.782665	169.04568	-13.242725	-173.55667	12045.583	141597.15910196304
142	207.56645	238.08328	830.08295	3.0027165	748.5538	0.0	748.5538	748.5538	200.0	200.0	1419999	146.70837	1299.3652	2172.3855	-37281.547	146.71556	1299.3772	2200.9897	-37426.918	5.9204	5.1513777	205.65584	-11.1364355	-143.80554	12600.499	142860.8132686615
143	309.62177	250.141	788.74414	8.562256	36.446037	3.8146973e-06	36.446033	36.446033	200.0	200.0	1429999	111.09559	1372.6158	1820.7202	-39531.31	111.095726	1372.7402	1816.4097	-39644.426	5.8286853	4.7649994	194.81665	-10.889962	-108.3324	12922.469	144149.45973992348
144	151.15605	190.82693	728.1869	9.285311	28.7523	1.9073486e-06	28.752302	28.752302	200.0	200.0	1439999	79.43509	1402.1205	1246.7842	-39453.73	79.441475	1402.1334	1362.1202	-39463.88	5.5565805	4.4897265	197.2232	-11.15676	-75.93266	13013.661	145392.69918942451
145	88.515625	209.9192	986.1439	7.762848	9.276545	0.0	9.276545	9.276545	200.0	200.0	1449999	76.579384	1401.2946	1392.8444	-38411.246	76.58731	1401.319	1409.1235	-38991.504	5.565935	4.4659204	158.156	-10.995152	-73.15152	13165.264	146685.91580748558
146	12.722417	5.1173205	31.270405	3.251602	16.30565	0.0	16.30565	16.30565	200.0	200.0	1459999	75.779274	1413.5988	1421.1497	-37574.047	75.78814	1413.6099	1417.6875	-38035.695	5.5919185	4.4963255	146.20255	-11.385267	-72.64437	13056.086	147872.12386727333
147	15.549264	7.597544	41.84061	4.741239	16.245792	1.9073486e-06	16.245794	16.245794	200.0	200.0	1469999	81.16473	1409.0325	1451.1936	-37002.215	81.15354	1409.0353	1436.6235	-36118.27	5.717192	4.524737	113.96132	-12.440414	-78.16336	12673.068	149076.51791644096
148	15.929529	7.472389	41.082756	4.748633	13.603679	0.0	13.603679	13.603679	200.0	200.0	1479999	89.544945	1407.034	2210.1821	-34329.48	89.54338	1407.1624	1938.9717	-34396.598	6.051666	4.827244	128.99539	-11.43516	-86.095055	13513.9	150256.97808790207
149	14.585791	4.8837748	32.879784	7.7608695	9.409503	9.536743e-07	9.409504	9.409504	200.0	200.0	1489999	116.59403	1392.0754	2402.8743	-31954.936	116.5823	1392.0275	2395.9897	-32820.934	6.084717	4.6989775	157.38994	-13.290976	-113.392975	13460.251	151454.81897234917
150	14.286665	4.8040485	30.924208	8.640365	12.957735	9.536743e-07	12.957734	12.957734	200.0	200.0	1499999	109.23762	1400.8853	2312.4565	-32686.068	109.243065	1400.9271	2255.9636	-32250.988	5.78982	4.5729566	121.10096	-12.074041	-105.784615	12574.221	152689.1352815628
151	16.122183	5.478091	30.848303	9.619746	15.996115	9.536743e-07	15.996116	15.996116	200.0	200.0	1509999	79.95901	1400.9724	3288.853	-30245.68	79.9737	1401.055	3284.0322	-31132.723	5.7481236	4.6311607	145.87091	-12.018936	-76.34297	13174.192	153947.6813480854
152	15.749007	6.939429	38.9266	8.940032	13.609593	0.0	13.609593	13.609593	200.0	200.0	1519999	77.48433	1418.9728	3638.3914	-29708.697	77.48539	1419.0223	3412.2554	-29708.014	5.862626	4.6550927	116.35282	-10.06632	-74.02166	13200.294	155209.4259262085
153	14.469021	4.6281657	31.382368	9.530383	9.754724	0.0	9.754724	9.754724	200.0	200.0	1529999	87.45603	1401.1407	3060.3477	-28379.773	87.465866	1401.1781	2642.6765	-28840.627	5.8348303	4.5544524	114.019325	-12.72744	-84.05695	13271.211	156417.1666712761
154	10.71101	2.2520218	18.955997	7.802846	9.679125	0.0	9.679125	9.679125	200.0	200.0	1539999	83.17173	1411.3038	2383.8625	-29217.092	83.18566	1411.3424	2221.671	-29265.738	5.8518295	4.6947355	107.66025	-11.81371	-79.53004	12784.719	157634.62341976166
155	11.703503	3.2459369	23.012993	8.562118	20.080671	0.0	20.080671	20.080671	200.0	200.0	1549999	73.742455	1411.9039	2049.8037	-29357.732	73.74773	1411.9779	1908.3665	-28840.713	5.850229	4.734999	143.71988	-11.4617605	-70.33848	12831.822	158757.48760700226
156	16.41905	7.9460506	46.38816	4.5573587	10.540451	0.0	10.540451	10.540451	200.0	200.0	1559999	61.14237	1400.8027	1766.5745	-29373.902	61.141853	1400.9028	1774.166	-29542.576	5.590139	5.0198116	135.57191	-11.63732	-57.241436	12410.601	159792.74395227432
157	14.755554	11.513764	58.229908	3.8212333	43.81042	0.0	43.81042	43.81042	200.0	200.0	1569999	48.624268	1381.3073	1098.1475	-30348.549	48.645454	1381.3168	1195.2101	-30095.607	5.536066	4.819281	148.43994	-10.628813	-44.307945	12295.573	160863.09895324707
158	12.843529	8.097191	52.337265	6.032122	9.206592	9.536743e-07	9.206593	9.206593	200.0	200.0	1579999	29.319582	1376.8928	1065.7142	-32076.908	29.326445	1377.0065	1098.7498	-32084.812	5.575041	4.781068	119.32861	-14.219798	-25.343018	11971.914	161899.5713980198
159	11.425602	5.965585	47.621376	5.513682	9.06388	0.0	9.06388	9.06388	200.0	200.0	1589999	30.845373	1351.1199	1024.5161	-32791.83	30.832113	1351.218	1042.9412	-32856.203	5.5521626	4.8403635	196.79874	-16.084576	-27.276718	11984.521	162907.6096997261
160	30.425945	92.47862	663.74774	8.291169	85.89304	7.6293945e-06	85.893036	85.893036	200.0	200.0	1599999	46.085526	1335.2413	1232.804	-33411.086	46.089485	1335.2827	1260.9237	-33108.86	5.5299635	4.7635417	161.7345	-12.002525	-42.38479	12167.316	163989.01279377937
161	97.072975	158.9394	660.4926	4.2295623	45.36014	0.0	45.36014	45.36014	200.0	200.0	1609999	43.68298	1311.6295	1435.0219	-34943.574	43.675243	1311.7933	1515.7186	-34817.426	5.4073753	4.71754	169.72218	-11.652728	-39.78779	12041.732	165032.62753677368
162	165.61948	218.45624	986.2811	3.8922734	91.282455	7.6293945e-06	91.28245	91.28245	200.0	200.0	1619999	21.979477	1330.0487	1456.2042	-35817.703	21.994797	1330.0247	1649.2177	-35044.14	5.5053897	4.7962837	139.75526	-11.367478	-18.21642	11886.668	166096.41743302345
163	89.60776	162.58272	692.2142	7.9438186	24.22314	1.9073486e-06	24.223139	24.223139	200.0	200.0	1629999	14.915182	1305.0853	1438.8234	-34776.26	14.919632	1305.182	1612.5353	-34964.527	5.5737047	4.8038993	156.68799	-11.953039	-10.938907	11440.498	167123.71125292778
164	24.624802	79.62975	568.22644	3.281309	6.0882835	0.0	6.0882835	6.0882835	200.0	200.0	1639999	9.386852	1295.6917	1319.0231	-33869.32	9.383803	1295.7407	1376.7649	-33661.39	5.8070064	4.9394455	170.99252	-11.576889	-5.498244	11726.809	168200.187612772
165	31.129162	102.183685	657.1642	2.753388	9.222583	9.536743e-07	9.222584	9.222584	200.0	200.0	1649999	17.751453	1295.1962	2998.0554	-33600.89	17.735092	1295.2388	3002.6306	-33370.71	5.7829995	4.8612213	109.53118	-13.460883	-13.64132	11572.86	169235.72095131874
166	7.2156606	3.1683674	20.913029	3.2186532	7.257018	0.0	7.257018	7.257018	200.0	200.0	1659999	24.201065	1260.032	4471.4546	-34995.23	24.178942	1260.0681	4493.913	-34938.14	5.8619676	4.9619107	126.71716	-12.546363	-20.465803	11512.432	170277.76215863228
167	8.897874	3.0907197	16.91751	3.2275996	10.410134	0.0	10.410134	10.410134	200.0	200.0	1669999	43.145126	1247.761	6160.5215	-35502.496	43.140186	1247.7257	5961.34	-35871.94	5.7897954	5.038975	135.31477	-11.53554	-39.990406	11823.474	171236.4141008854
168	9.793935	3.1165416	16.988506	4.1173477	11.999292	0.0	11.999292	11.999292	200.0	200.0	1679999	27.897223	1233.9076	6606.66	-34759.133	27.90428	1233.8986	6682.764	-34292.887	5.5549827	5.0271096	137.83112	-11.220598	-24.15685	11317.861	172275.93797016144
169	10.870281	3.396017	25.302425	3.7593129	12.922053	0.0	12.922053	12.922053	200.0	200.0	1689999	-4.290893	1227.9811	8019.185	-35878.184	-4.2927346	1228.071	7776.9644	-35708.152	5.5235505	5.019326	163.07315	-10.296271	7.975453	11123.187	173330.5128133297
170	14.010101	4.3390994	26.209	8.482033	11.578924	9.536743e-07	11.578923	11.578923	200.0	200.0	1699999	-23.674265	1207.0581	7893.1133	-36795.492	-23.670334	1206.8923	8106.4507	-36206.508	5.344124	5.0368195	150.97981	-12.956073	27.627403	10747.957	174357.41322660446
171	40.280773	18.598558	98.690865	4.3727374	47.399284	0.0	47.399284	47.399284	200.0	200.0	1709999	-21.469643	1202.3889	7865.4863	-38083.508	-21.48429	1202.4791	7812.584	-38315.367	5.4288526	4.9870753	192.1691	-10.432601	25.064756	11719.086	175380.87054276466
172	48.25975	78.32118	576.9417	9.530529	57.332085	3.8146973e-06	57.33209	57.33209	200.0	200.0	1719999	-7.033528	1188.7245	10411.719	-37548.438	-7.0586815	1188.7965	10240.656	-37454.074	5.5371594	5.040275	158.59264	-15.437933	11.029027	11013.49	176420.43423104286
173	147.49097	211.642	782.799	6.937787	19.84238	0.0	19.84238	19.84238	200.0	200.0	1729999	-9.06041	1175.2762	12631.715	-36432.855	-9.07769	1175.3744	12530.366	-36198.055	5.6767344	5.1399555	179.91396	-11.953022	12.427923	11123.112	177441.41450190544
174	12.432704	4.965789	31.882818	5.4028225	6.672045	0.0	6.672045	6.672045	200.0	200.0	1739999	39.426193	1167.8549	12483.65	-34984.562	39.411217	1167.7661	12569.24	-35524.316	6.1588826	5.477584	191.61406	-11.479205	-37.316986	11425.183	178564.0489320755
175	7.2522078	2.1188018	11.8165	3.4346337	9.487047	0.0	9.487047	9.487047	200.0	200.0	1749999	96.78026	1149.5126	7423.3887	-35632.92	96.776405	1149.5151	7515.61	-35502.8	5.582279	4.69126	187.46407	-12.22949	-94.4345	10089.091	179554.51020812988
176	13.766827	6.678174	43.126698	7.734782	10.693031	0.0	10.693031	10.693031	200.0	200.0	1759999	91.7518	1157.1909	10912.218	-35506.043	91.75349	1157.1396	10873.058	-36205.348	5.4128404	4.693742	163.76724	-11.709885	-89.19927	8938.843	180515.61152982712
177	19.370321	13.999528	88.19707	6.953816	30.43243	0.0	30.43243	30.43243	200.0	200.0	1769999	102.0368	1182.9298	12636.285	-37166.066	102.03243	1182.8407	12382.21	-37795.566	5.734005	4.970424	159.31084	-15.735561	-99.89546	10110.734	181552.22479820251
178	10.406814	2.963381	21.120539	4.717326	6.3826447	0.0	6.3826447	6.3826447	200.0	200.0	1779999	142.52638	1162.122	8711.989	-37116.77	142.52547	1162.0819	8840.49	-36907.77	5.778396	4.755107	175.29053	-11.351656	-141.1102	10571.356	182650.77318501472
179	22.95552	11.819068	52.95812	6.3256497	15.391069	0.0	15.391069	15.391069	200.0	200.0	1789999	216.78392	1136.9755	5345.803	-35075.31	216.7651	1137.0382	5593.143	-35502.76	5.92524	4.5667996	155.16162	-11.748955	-216.6545	9522.853	183656.33667707443
180	30.504356	16.494425	57.76022	3.0316498	54.596455	0.0	54.596455	54.596455	200.0	200.0	1799999	240.79659	1085.99	4306.2437	-36822.906	240.77774	1085.9045	4408.048	-36735.55	5.566319	4.768076	178.55165	-12.758623	-239.143	9036.165	184670.35050344467
181	34.972935	15.438365	56.767056	2.4344988	47.385426	3.8146973e-06	47.38542	47.38542	200.0	200.0	1809999	241.2648	1082.8779	7316.7666	-35376.97	241.27484	1082.983	6937.783	-35452.41	5.50689	4.9203	189.39088	-13.541796	-239.9304	10320.376	185662.04608273506
182	103.28544	198.95778	1166.4279	9.022938	13.959928	0.0	13.959928	13.959928	200.0	200.0	1819999	306.39487	1137.2448	7284.9175	-35728.586	306.39783	1137.2467	7676.5854	-36356.46	6.3242555	4.939321	165.12721	-11.426416	-307.8218	12590.885	186733.26162195206
183	84.65618	110.4349	495.69073	4.2845216	14.350153	9.536743e-07	14.350152	14.350152	200.0	200.0	1829999	309.56058	1162.339	7004.2593	-35638.36	309.5871	1162.3512	7430.8325	-35159.863	5.8527555	4.4134674	170.88756	-16.032846	-309.5337	12016.308	187783.84591650963
184	173.27937	158.88057	552.59686	6.1972013	144.85425	0.0	144.85425	144.85425	200.0	200.0	1839999	269.1684	1101.1614	10273.182	-32906.926	269.17865	1101.0217	10242.75	-33308.676	5.8603935	4.839894	167.6652	-10.466481	-268.80002	12227.712	188842.3419060707
185	221.51337	207.83107	663.6951	9.389002	95.488525	0.0	95.488525	95.488525	200.0	200.0	1849999	253.16582	1087.5223	8203.399	-34645.207	253.17336	1087.4642	8409.49	-34704.96	5.6535606	4.6149397	206.52573	-11.072288	-252.13077	11324.812	189881.24569559097
186	154.1861	196.98312	754.81445	9.077302	81.12995	0.0	81.12995	81.12995	200.0	200.0	1859999	209.22697	1132.5604	7028.833	-36760.598	209.22523	1132.6064	6437.1206	-36611.02	5.703534	4.7471046	196.29462	-12.874468	-208.25212	11758.799	190883.5924141407
187	63.290348	117.11623	580.35455	7.1428413	170.02055	1.5258789e-05	170.02057	170.02057	200.0	200.0	1869999	193.25961	1164.0826	5227.1587	-38550.215	193.28342	1164.1285	5275.462	-37992.934	5.6195803	4.4127226	178.47708	-13.0650015	-192.52933	11155.42	191909.55274176598
188	96.5603	121.11416	563.4521	11.782085	54.24647	3.8146973e-06	54.246475	54.246475	200.0	200.0	1879999	208.46898	1154.3085	3394.9727	-38896.32	208.4836	1154.3339	3329.7925	-38899.664	5.47342	4.2736816	162.2258	-10.765394	-207.48985	10527.622	192941.75316047668
189	25.023697	37.18133	255.59583	8.368817	10.961572	0.0	10.961572	10.961572	200.0	200.0	1889999	225.62833	1134.4824	5721.6196	-40911.36	225.60675	1134.4911	5974.2764	-40027.477	5.390863	4.360622	230.9195	-11.12655	-224.76465	10411.292	194000.20115828514
190	19.413942	44.041008	310.89917	3.06551	6.394072	4.7683716e-07	6.3940716	6.3940716	200.0	200.0	1899999	288.43594	1135.9369	6849.6367	-39293.027	288.43695	1135.9895	7107.714	-39833.04	5.702757	4.384052	202.86565	-12.330872	-288.93896	11797.856	195031.96190977097
191	83.50917	120.445724	533.61115	4.175383	14.52696	9.536743e-07	14.526961	14.526961	200.0	200.0	1909999	404.02106	1141.3921	5334.5312	-40388.69	404.02502	1141.5569	5711.46	-39871.65	5.7649393	4.1120353	175.45233	-12.832809	-405.1299	11728.502	196090.31533622742
192	94.49042	92.264305	392.78784	11.638629	60.54241	0.0	60.54241	60.54241	200.0	200.0	1919999	386.13922	1139.4808	3319.9485	-37808.016	386.11026	1139.634	3075.6619	-38092.27	5.4775643	3.997911	137.1394	-13.18751	-385.7767	10822.608	197119.8232986927
193	196.19783	164.36981	629.9992	10.085514	18.753826	0.0	18.753826	18.753826	200.0	200.0	1929999	300.91672	1209.1998	2526.7266	-40369.027	300.9332	1209.3602	3076.5056	-39476.574	5.3881545	4.1506405	155.51482	-12.392108	-299.09845	10982.387	198172.70383620262
194	94.70753	137.24596	670.04315	11.721398	33.81524	3.8146973e-06	33.815235	33.815235	200.0	200.0	1939999	237.35493	1240.0753	3477.0405	-40759.395	237.34808	1240.1976	3476.2383	-40994.508	5.51137	4.6434298	209.66681	-14.578874	-235.4983	10864.707	199114.70996761322
195	29.975903	59.47206	424.16986	5.4614573	39.54426	0.0	39.54426	39.54426	200.0	200.0	1949999	217.39024	1223.9838	3933.3782	-40941.324	217.4058	1224.1364	3744.9773	-41204.14	5.554426	4.6957273	201.37425	-11.806498	-215.75812	11365.819	199966.97486710548
196	10.767357	5.3413606	26.483515	3.2076018	9.350009	9.536743e-07	9.35001	9.35001	200.0	200.0	1959999	217.91101	1222.8207	3654.8535	-37587.97	217.93228	1222.8655	3625.9492	-38324.395	5.740524	4.9842944	172.88652	-15.224008	-215.96718	10174.059	200880.6898984909
197	6.503195	3.6370518	18.584236	2.82501	5.515985	4.7683716e-07	5.5159855	5.5159855	200.0	200.0	1969999	236.8964	1249.308	4119.145	-37785.918	236.88394	1249.3424	4173.0347	-38561.723	6.193025	4.888981	200.63026	-9.822629	-236.1072	10517.834	201732.85203695297
198	5.8298206	3.7397213	23.068361	2.4716766	7.8574195	4.7683716e-07	7.857419	7.857419	200.0	200.0	1979999	291.37234	1241.261	4989.4697	-40321.09	291.34668	1241.2917	4952.7617	-39861.28	6.2276964	4.8078074	176.99115	-10.985444	-291.08548	10582.982	202613.0241341591
199	9.1548605	8.2710285	48.589233	2.3128796	16.36996	1.9073486e-06	16.369959	16.369959	200.0	200.0	1989999	297.40707	1234.1368	4324.7935	-40006.055	297.3942	1234.2249	4419.4067	-40054.543	5.831103	4.670777	187.54579	-11.126609	-297.1086	10024.734	203505.4009578228
200	25.90386	11.190406	49.298412	9.444819	14.246901	9.536743e-07	14.2469015	14.2469015	200.0	200.0	1999999	260.6778	1221.8738	4763.2236	-38885.727	260.6883	1221.9252	4884.884	-38943.188	5.5528626	4.498873	174.24069	-10.899128	-258.875	10768.976	204382.57229185104
201	33.9229	13.959644	58.921154	9.610186	59.737976	0.0	59.737976	59.737976	200.0	200.0	2009999	188.95642	1257.2313	4785.2085	-40176.67	188.94684	1257.2893	4903.9263	-40345.766	5.4002533	4.73116	155.65573	-12.206923	-186.44795	11126.096	205328.91950154305
202	21.103533	12.9155245	54.275215	2.5902753	9.624556	0.0	9.624556	9.624556	200.0	200.0	2019999	157.05566	1255.4236	4811.7466	-41951.598	157.06755	1255.4309	4740.761	-42129.223	5.523993	4.9267235	178.5873	-13.460787	-155.07297	11184.454	206202.55707263947
203	19.35163	21.266485	116.040985	6.5219445	10.850092	0.0	10.850092	10.850092	200.0	200.0	2029999	147.57436	1230.581	4427.5947	-39870.285	147.56781	1230.7721	4547.197	-40708.68	5.5487213	5.0369062	157.59634	-11.4601965	-145.25883	10911.215	207073.1357035637
204	158.74551	162.67052	711.3514	7.6015716	41.255028	0.0	41.255028	41.255028	200.0	200.0	2039999	133.18192	1296.1815	3290.8606	-46898.44	133.19635	1296.1514	3354.1338	-46419.844	5.7511616	4.669426	204.5763	-11.717584	-130.97969	12391.107	208000.81896734238
205	127.19555	156.70319	588.5367	3.4755342	23.44847	0.0	23.44847	23.44847	200.0	200.0	2049999	136.4673	1375.0532	2584.1484	-43290.438	136.49171	1374.969	2872.036	-42099.566	5.7390804	4.9105577	192.81255	-11.837326	-134.64038	13598.602	208860.19507551193
206	151.2004	140.91045	487.38312	9.688137	44.20747	3.8146973e-06	44.207474	44.207474	200.0	200.0	2059999	154.33823	1397.1859	2668.1882	-41174.805	154.37073	1397.2502	2865.435	-42331.55	5.8121724	4.7327304	260.8027	-11.85066	-152.14334	13382.124	209754.8301575184
207	50.15766	94.99156	559.0757	4.6204147	9.868606	0.0	9.868606	9.868606	200.0	200.0	2069999	137.99113	1413.3484	2970.6785	-40289.168	137.98952	1413.4237	2960.1682	-40371.15	5.828848	5.046889	181.86035	-13.002064	-135.77625	13211.171	210597.7495033741
208	11.225472	4.0357914	31.7422	8.55037	9.625807	9.536743e-07	9.625806	9.625806	200.0	200.0	2079999	152.07666	1346.865	2208.178	-40396.85	152.06195	1346.9863	2276.9033	-39093.04	5.76721	5.022875	197.03386	-9.99336	-150.4749	12503.336	211472.31265854836
209	9.949281	1.1939846	16.851229	7.5580707	9.155763	0.0	9.155763	9.155763	200.0	200.0	2089999	199.42812	1328.6393	2202.7698	-41663.93	199.42949	1328.7035	2075.0398	-41511.355	6.22211	5.4040217	263.64264	-14.473818	-199.41737	12117.319	212405.06637835503
210	8.518155	1.5458397	12.335639	5.9137	9.047075	0.0	9.047075	9.047075	200.0	200.0	2099999	267.27835	1300.9623	3006.8228	-42036.656	267.2761	1300.9335	2885.3464	-41875.582	6.4065	5.147783	279.63852	-14.677968	-266.51474	12353.077	213262.1422662735
211	22.075428	12.35852	45.182255	8.256967	14.315824	0.0	14.315824	14.315824	200.0	200.0	2109999	275.04736	1266.524	4111.0513	-42553.566	275.01666	1266.5986	4218.37	-42861.45	6.3933816	5.258741	205.56874	-10.56457	-274.21353	12153.012	214167.69340848923
212	28.279333	10.864978	53.3194	10.369986	41.185143	0.0	41.185143	41.185143	200.0	200.0	2119999	278.81137	1203.9354	3656.7896	-42563.35	278.8	1204.0507	3525.474	-42272.703	6.235005	5.455042	203.57513	-11.582982	-278.35046	11476.77	215088.6847026348
213	24.666103	10.958863	49.268864	6.1265726	10.007668	0.0	10.007668	10.007668	200.0	200.0	2129999	259.44913	1163.355	4211.1875	-42890.934	259.4438	1163.3468	4332.604	-43015.59	5.8737497	5.359507	215.78539	-12.14349	-257.92383	10975.066	215971.53945088387
214	8.615267	6.1315737	42.82616	3.5967383	8.681292	0.0	8.681292	8.681292	200.0	200.0	2139999	242.62172	1150.9847	3229.0503	-44089.074	242.62592	1150.994	3786.6084	-43601.266	6.341289	5.607776	226.39783	-14.028525	-241.42274	10626.372	216858.78589344025
215	8.901618	5.180539	30.314377	4.2795897	6.4811873	4.7683716e-07	6.481188	6.481188	200.0	200.0	2149999	227.52046	1121.3188	2767.74	-42888.74	227.50153	1121.5696	2922.9358	-43160.996	6.2870417	5.39552	236.32903	-12.166926	-225.8875	10694.147	217743.2811975479
216	8.744872	6.596247	46.03147	3.5796757	3.275901	0.0	3.275901	3.275901	200.0	200.0	2159999	207.45721	1105.2628	3249.569	-44626.555	207.44666	1105.3348	3292.6191	-44424.254	6.815972	5.640929	209.39148	-11.405127	-206.67807	10614.437	218617.16289687157
217	9.160201	4.5255756	22.054855	3.4605947	10.050677	9.536743e-07	10.050678	10.050678	200.0	200.0	2169999	197.79439	1061.6964	3568.124	-43024.047	197.79822	1061.7092	3593.6377	-43065.156	6.452774	5.754149	222.37355	-12.534143	-196.5949	10429.224	219476.611089468
218	17.599249	24.605669	156.11179	2.2168262	3.096025	2.3841858e-07	3.0960248	3.0960248	200.0	200.0	2179999	243.54527	1089.5665	3417.9631	-47387.562	243.55542	1089.749	3784.446	-47405.547	7.246319	5.950515	266.93344	-13.497179	-246.6487	10225.928	220372.5928387642
219	5.3828998	3.8373969	23.791464	2.4482384	16.747375	0.0	16.747375	16.747375	200.0	200.0	2189999	701.4885	1244.3628	3434.8213	-48154.406	701.4569	1244.4576	3577.9814	-48028.8	8.010019	5.338611	244.91692	-11.194787	-713.7324	11017.852	221226.584962368
220	19.721663	10.923082	49.177708	8.379864	11.723051	0.0	11.723051	11.723051	200.0	200.0	2199999	836.41724	1272.7192	3048.4294	-47860.406	836.40186	1272.7323	3204.612	-47130.27	6.9327693	5.348525	217.23843	-13.350118	-839.6495	10903.426	222059.15877056122
221	11.694165	4.960994	37.394547	6.301667	6.4064612	0.0	6.4064612	6.4064612	200.0	200.0	2209999	736.5425	1261.3665	2862.5	-50493.766	736.53906	1261.4928	3061.1074	-50264.188	6.394778	5.232781	277.75696	-12.9122925	-736.60895	10027.955	222926.4752857685
222	12.709789	5.1557784	31.037477	5.166398	15.172818	0.0	15.172818	15.172818	200.0	200.0	2219999	573.303	1288.2656	4315.3193	-51173.785	573.29456	1288.2949	4213.684	-51178.89	6.1568413	4.8819103	283.78867	-10.286944	-571.98285	10617.06	223799.56110143661
223	17.132454	9.204938	49.90517	5.2375526	11.521521	0.0	11.521521	11.521521	200.0	200.0	2229999	456.37573	1214.155	5881.8057	-52347.785	456.35074	1214.1348	5790.6294	-51127.188	6.07579	5.0453305	257.10873	-14.119946	-456.0237	11192.058	224670.90400862694
