Epoch	AverageEpRet	StdEpRet	MaxEpRet	MinEpRet	AverageTestEpRet	StdTestEpRet	MaxTestEpRet	MinTestEpRet	EpLen	TestEpLen	TotalEnvInteracts	AverageQ1Vals	StdQ1Vals	MaxQ1Vals	MinQ1Vals	AverageQ2Vals	StdQ2Vals	MaxQ2Vals	MinQ2Vals	AverageLogPi	StdLogPi	MaxLogPi	MinLogPi	LossPi	LossQ	Time
1	15.998944	25.27215	188.40402	4.31423	10.255072	0.6639882	10.861914	8.478856	200.0	200.0	9999	11.806114	6.456541	86.200264	-0.021774728	11.806162	6.456893	88.17718	-0.021208934	-2.7252479	0.29154292	9.673596	-8.871986	-12.335429	0.1672239	1742.964366197586
2	11.435203	7.2355733	49.49313	4.569761	12.349695	1.2030886	14.978723	10.677619	200.0	200.0	19999	29.26955	15.028352	626.3748	-9.646046	29.270317	15.028381	625.8815	-7.5613637	-2.5821579	1.0574952	36.642708	-10.106262	-29.739794	2.0841773	3582.343949317932
3	11.190878	5.1719613	37.299103	3.916717	11.486888	3.7722876	16.092432	7.721735	200.0	200.0	29999	41.37739	54.00154	1805.2091	-21.69128	41.37808	54.001377	1831.6863	-19.256962	-2.21212	1.8930461	37.959785	-13.2596035	-41.768948	48.487957	5511.756447315216
4	8.861869	4.1003923	21.024721	2.0718927	5.4681387	1.7201853	7.504153	2.7943504	200.0	200.0	39999	45.912525	66.481674	2434.0254	-19.438715	45.930737	66.62042	2439.6086	-17.07268	-1.6141914	2.6013622	39.01663	-10.77103	-46.377377	134.62613	7555.438299417496
5	8.672578	8.474027	57.732433	3.0007331	4.4066353	0.29830524	4.7624784	4.0306597	200.0	200.0	49999	74.62847	158.9119	4085.2288	-34.28324	74.64851	159.17033	4049.005	-20.410225	2.187879	5.727938	99.745514	-15.772871	-76.164505	372.69385	9455.654165267944
6	9.5596075	11.657937	59.20531	2.364864	4.7731347	3.1115234	9.993841	2.4190946	200.0	200.0	59999	225.8592	330.638	5716.0186	-33.68786	225.85484	330.8564	5907.546	-29.837461	10.480085	5.767734	90.24142	-11.659674	-230.4128	1093.209	11357.953053236008
7	14.353571	15.944527	107.85277	2.4918516	3.5922577	0.5964288	4.5296593	2.9037626	200.0	200.0	69999	532.10895	649.3598	7246.292	-4.4474583	532.124	649.3902	7189.925	1.5259341	13.160581	5.7036924	89.465225	-14.013814	-542.4486	2676.411	13298.496308088303
8	14.641971	8.10402	41.251873	2.8838663	21.113632	5.87933	32.66489	12.052293	200.0	200.0	79999	983.91986	730.5847	6258.316	9.663048	983.9108	730.5675	6022.3877	4.325723	12.486132	5.476279	85.838684	-10.242602	-998.571	2709.3276	15221.369714736938
9	19.504852	11.276113	59.926723	7.342623	21.241894	13.862043	56.605396	13.87166	200.0	200.0	89999	1165.036	703.7795	5614.1963	103.50524	1165.0385	703.7542	5639.7305	113.67829	9.731096	5.180953	73.36507	-11.310436	-1173.9023	3077.146	17165.970747232437
10	17.709618	7.890344	40.251232	8.019292	11.045462	0.9744899	13.666617	10.398625	200.0	200.0	99999	1094.3351	561.2767	4769.131	71.77164	1094.3273	561.2703	4901.1216	72.77871	8.701894	4.698767	65.04391	-11.762185	-1100.4357	1847.3052	19236.474137067795
11	23.19436	15.423932	101.4911	9.900321	283.95245	506.92957	1297.6208	11.724571	200.0	200.0	109999	903.3611	393.31226	3516.69	75.31488	903.35846	393.31668	3526.1833	76.45311	7.173841	4.461468	69.889435	-13.654425	-906.2631	830.03033	21147.278843164444
12	36.161125	24.88002	114.89292	7.9956217	14.433795	12.441165	44.335884	4.0038266	200.0	200.0	119999	659.0567	272.26242	2411.212	-14.7611885	659.054	272.26355	2462.0825	8.410263	5.226538	3.8181818	52.845024	-13.445126	-659.9442	400.6142	23187.319580078125
13	39.02309	35.423244	143.7603	6.611049	21.98273	7.3543177	39.728172	12.081124	200.0	200.0	129999	433.65155	183.7727	1694.8784	-163.51141	433.65222	183.75552	1618.434	-177.74245	2.965456	3.3242545	35.23344	-14.38153	-433.38565	180.47774	25165.645284175873
14	42.600986	40.805183	163.0301	6.8150196	24.90809	22.56206	58.863754	5.332949	200.0	200.0	139999	263.44617	119.49276	1219.9167	-148.83783	263.4461	119.47974	1193.9366	-168.59084	0.9519738	2.9612513	41.95414	-12.558614	-262.94608	108.341034	27389.8980782032
15	32.73736	104.92188	764.3763	7.413014	54.274727	43.436764	130.88593	8.084537	200.0	200.0	149999	156.00195	77.35653	999.62787	-159.00528	155.99986	77.343254	987.2651	-150.87479	-0.3004283	2.4528182	29.898285	-13.002193	-155.64944	71.673325	29684.28809094429
16	21.886179	17.239168	93.33941	8.334421	15.152649	9.655693	41.686268	8.548191	200.0	200.0	159999	96.706955	52.979725	1102.984	-144.76874	96.70649	52.96909	1107.6802	-129.7318	-0.82174826	2.2702494	29.7827	-12.601711	-96.514725	49.957783	32080.371846437454
17	32.71343	74.43747	501.90207	8.461125	25.717648	12.033499	46.344624	14.782445	200.0	200.0	169999	65.79791	39.26664	1068.3169	-106.37972	65.797615	39.25787	1066.9076	-96.833	-1.0695864	2.2080445	32.899357	-13.051193	-65.70195	37.164192	34435.53586411476
18	17.818611	11.124088	66.09696	8.697753	25.587353	19.322498	74.71431	9.964354	200.0	200.0	179999	48.597797	32.841377	986.8384	-97.26127	48.597393	32.828526	978.92194	-101.053894	-1.2978163	2.0986774	28.414915	-13.894997	-48.511623	32.249004	36681.61098384857
19	49.511322	99.51007	537.88074	7.96097	52.633873	39.505062	121.27817	7.599443	200.0	200.0	189999	38.510593	32.103905	1126.1051	-97.31476	38.51006	32.100334	997.9855	-99.67461	-1.4717673	1.9545691	23.683886	-11.069937	-38.4223	25.32165	38939.10695505142
20	26.889793	33.71508	176.17072	6.3778434	16.402142	13.593632	56.911793	10.236345	200.0	200.0	199999	32.045647	32.65843	933.377	-106.72278	32.044025	32.661087	929.1487	-106.21508	-1.5222306	1.8878196	25.817833	-11.766352	-31.95635	22.64744	41115.84678888321
21	20.05377	23.299183	141.09648	6.4812236	10.164913	0.9517522	11.177592	9.000708	200.0	200.0	209999	28.511433	33.12119	917.99036	-110.287506	28.51021	33.12309	912.246	-109.40601	-1.6273731	1.7882363	20.442135	-12.739208	-28.429684	21.037159	43443.836019039154
22	16.66065	13.964291	71.32292	4.3052874	11.149472	0.6121687	12.001328	9.666449	200.0	200.0	219999	27.482494	39.84932	1265.9027	-115.431366	27.48121	39.824333	1237.4733	-113.51672	-1.4488198	1.9350622	31.355309	-11.960615	-27.40506	39.787132	45705.083501815796
23	20.008272	13.830751	63.444122	5.5749464	10.98137	1.4899392	12.977946	9.438147	200.0	200.0	229999	33.882282	57.89269	1509.8766	-121.79134	33.880123	57.86026	1472.5172	-116.964264	-1.0267029	2.2555158	25.716833	-13.10155	-33.915718	82.802734	48010.13597726822
24	24.700788	21.521088	121.5625	6.5018973	17.880003	11.790111	45.14584	7.0949855	200.0	200.0	239999	47.803417	75.525856	1423.2124	-123.49572	47.80107	75.51385	1407.7084	-120.40743	-0.40231845	2.6207516	20.604408	-12.849078	-47.936424	99.461914	50468.52960944176
25	32.718258	33.24755	123.51681	4.607463	32.598175	26.172968	90.936554	14.569566	200.0	200.0	249999	55.750732	82.710266	1390.8152	-126.495056	55.748398	82.718506	1402.6877	-126.471634	-0.5745158	2.357104	29.117188	-13.915371	-55.624733	83.6337	52786.92842197418
26	18.771685	15.990526	103.67287	5.3872714	12.663079	4.6735897	25.183653	6.6354117	200.0	200.0	259999	46.31721	72.49952	1073.0137	-139.19519	46.313057	72.4913	1068.1172	-139.10153	-1.1640784	1.868463	21.8679	-15.725532	-45.98236	64.69649	55001.30491924286
27	13.970759	14.862189	109.00824	3.9083915	52.438576	111.904274	388.10706	11.506126	200.0	200.0	269999	37.539387	62.411842	876.24774	-142.27098	37.536575	62.40665	850.95966	-144.45801	-1.2430974	1.7667868	20.633678	-13.831102	-37.19677	57.93798	57392.359130859375
28	11.44843	6.945115	49.115936	3.966504	8.508205	3.5881	15.033275	5.178049	200.0	200.0	279999	31.714417	59.103275	919.93536	-155.93619	31.710306	59.092125	921.39667	-154.70973	-1.2078862	1.9348469	23.170536	-11.791527	-31.43162	63.378445	59715.64303612709
29	21.789831	47.27023	341.08118	5.8956304	14.849358	7.092274	28.988947	10.302073	200.0	200.0	289999	33.5314	66.18141	795.54767	-153.63002	33.5304	66.1772	842.37085	-155.28714	-1.0598152	2.109187	23.707172	-11.857858	-33.379795	69.891716	62117.72958111763
30	14.650073	11.750857	67.41642	5.5302925	15.138702	5.009966	28.190004	10.202791	200.0	200.0	299999	38.65623	73.679756	654.3824	-146.81532	38.654278	73.685776	633.60095	-149.92041	-0.8356651	2.309269	23.330929	-11.75176	-38.597923	66.40088	64538.36126947403
31	12.16425	5.3642607	29.875559	5.7393923	10.910742	2.2535586	16.9291	7.3072677	200.0	200.0	309999	35.825665	69.76984	711.43634	-154.57281	35.826023	69.769196	696.41254	-158.80655	-1.0865779	2.0207567	25.419472	-12.524097	-35.637875	54.07649	66857.73229575157
32	9.972389	2.4801123	17.228079	5.8583875	8.603491	1.1872616	10.28356	7.319895	200.0	200.0	319999	32.902386	64.31191	995.5335	-161.73085	32.902622	64.29761	1029.3749	-158.57265	-1.2852069	1.8806667	31.682758	-12.378805	-32.590157	52.55545	69114.3905954361
33	13.578228	13.43106	86.51543	4.9803863	9.9111	1.2041218	12.229328	8.835233	200.0	200.0	329999	32.636738	61.505062	977.09216	-165.50468	32.63603	61.501823	1005.88184	-173.2535	-1.3118976	1.8821313	32.910877	-12.47235	-32.359837	52.521893	71456.35167360306
34	19.955757	24.907824	131.18968	5.416109	10.886221	1.6093163	14.917077	9.162596	200.0	200.0	339999	34.45148	60.21105	904.0636	-165.77614	34.451443	60.200516	877.0075	-169.04913	-1.3809259	1.8244185	23.629679	-11.874642	-34.191204	54.598995	73930.9353094101
35	22.452095	27.284502	144.60878	5.0634103	9.213667	7.9074974	24.959341	4.428415	200.0	200.0	349999	34.084663	59.885048	844.5188	-177.14017	34.084328	59.87528	845.5571	-176.01273	-1.430658	1.8498309	26.393188	-12.942702	-33.83994	56.22851	76358.75441861153
36	31.812754	110.07702	794.88983	6.3305516	9.535263	2.210888	12.887248	7.2006474	200.0	200.0	359999	35.287083	61.811016	793.0499	-172.27647	35.287033	61.804874	811.2741	-180.72649	-1.2144685	2.0793374	33.753757	-11.624911	-35.11802	54.200954	78750.86593270302
37	29.947405	62.12274	329.12552	6.1488676	11.411889	1.9043356	16.672873	9.565023	200.0	200.0	369999	40.806183	67.968376	744.3815	-194.75995	40.80688	67.97522	765.34717	-182.62605	-0.90603364	2.4289277	28.887793	-12.05083	-40.701817	57.242577	80999.64160823822
38	14.038158	11.526725	75.80695	5.7733316	13.586429	6.7737293	23.654852	7.7738705	200.0	200.0	379999	49.23434	77.539345	630.7798	-205.1989	49.23579	77.54332	629.7827	-197.02757	-0.26639685	3.3475156	29.12763	-11.927005	-49.25464	62.32132	83238.4897608757
39	17.760187	15.637592	88.41994	7.7592077	9.987482	1.4448035	13.466329	8.684857	200.0	200.0	389999	48.02347	76.51564	471.30573	-238.21701	48.024742	76.51351	498.80618	-248.44978	-1.0927958	2.2214785	29.462366	-14.494112	-47.864544	50.508236	85637.55267882347
40	14.946386	13.402141	96.58818	7.183164	10.248264	2.5072725	15.1291	8.277449	200.0	200.0	399999	40.349895	64.43976	442.95038	-247.2269	40.351135	64.43032	442.97995	-257.72748	-1.3816879	1.8295393	23.134687	-12.014787	-40.183582	37.853043	87903.11556220055
41	15.46074	11.875139	65.653175	7.203496	18.235683	6.3316784	28.855042	10.541244	200.0	200.0	409999	34.91851	55.39405	429.4805	-249.26749	34.919693	55.390438	430.59372	-253.22752	-1.515577	1.6703869	23.901255	-12.636622	-34.76174	31.272665	90230.87748861313
42	11.987476	3.066435	23.698526	7.842965	10.057892	0.883174	11.468894	9.138184	200.0	200.0	419999	32.81761	50.1748	451.4116	-238.91246	32.81846	50.176086	455.5442	-240.95726	-1.5497874	1.6739416	22.311728	-13.379702	-32.693954	27.080513	92588.6541800499
43	11.49943	3.1465533	22.459301	7.938995	11.748705	1.5159727	13.540069	9.14643	200.0	200.0	429999	32.578274	47.40841	498.0703	-267.36862	32.57864	47.414158	485.20206	-265.91193	-1.5772512	1.6780244	23.032515	-12.403137	-32.48002	24.91812	94932.19006323814
44	11.877006	3.1270835	25.162296	7.9390507	9.816946	0.95055574	11.614754	8.958786	200.0	200.0	439999	32.398045	44.854305	489.80746	-293.06705	32.398422	44.8597	499.67892	-290.9421	-1.6495928	1.6115279	23.47751	-13.746607	-32.333023	22.1571	97278.43527626991
45	11.900463	2.9907477	24.850113	7.728705	13.094582	4.6921096	26.303047	9.325083	200.0	200.0	449999	31.98516	41.684387	482.84714	-267.23743	31.985447	41.6878	474.90747	-274.30252	-1.7245593	1.5562229	26.033613	-11.911127	-31.93911	20.717672	99412.5920650959
46	12.747631	4.9324884	32.18424	6.927133	13.30113	2.6870637	16.6665	10.090871	200.0	200.0	459999	32.262028	38.84526	474.2464	-272.75443	32.26146	38.847473	465.80383	-271.19513	-1.7313133	1.5624882	38.49003	-11.556257	-32.19067	22.82711	101699.76762461662
47	12.175231	3.191803	21.696306	7.905467	11.05745	0.9708548	12.257685	9.846036	200.0	200.0	469999	32.73219	37.760727	499.8277	-273.7473	32.731586	37.762413	507.58163	-261.14993	-1.7278377	1.6650103	34.371117	-11.441867	-32.67318	23.265331	104072.71227192879
48	14.722243	14.279928	93.21297	6.699871	35.232803	48.901062	133.03082	9.517729	200.0	200.0	479999	33.56496	38.719803	524.11096	-260.19974	33.56539	38.718494	522.7996	-257.086	-1.6165363	1.8653129	48.41979	-11.6332245	-33.52522	26.713474	106313.11483860016
49	18.913895	19.911377	112.55837	7.5353384	12.827314	2.1374032	16.592684	10.697061	200.0	200.0	489999	35.554188	41.314083	568.8906	-240.92764	35.55415	41.31738	539.15424	-239.35513	-1.5575151	1.8606772	38.332054	-10.9781475	-35.530064	23.452702	108516.5036418438
50	13.210226	4.9213734	33.215496	7.738241	12.406118	2.2089763	18.125416	10.93983	200.0	200.0	499999	36.536957	40.21493	570.3847	-257.9276	36.536514	40.21937	572.514	-247.57729	-1.6497982	1.7470564	32.972046	-12.119436	-36.536045	21.925396	110597.99231815338
51	15.626591	9.169428	57.05232	6.441371	11.748671	0.7706084	13.856555	10.935116	200.0	200.0	509999	37.164276	42.935036	703.70264	-226.74347	37.16428	42.935192	681.9413	-234.3809	-1.7124537	1.72856	33.833485	-12.604806	-37.13681	28.152006	112692.01468348503
52	14.746736	13.592518	100.532455	7.1416597	11.187872	6.541989	30.650843	7.169821	200.0	200.0	519999	39.81481	47.981113	706.2252	-232.44745	39.81401	47.991226	710.16785	-238.11504	-1.4707605	2.0731533	27.907173	-11.938312	-39.843266	30.609095	114659.49906253815
53	19.192917	28.098837	206.14658	7.8450217	12.405924	2.0175383	15.61348	8.895514	200.0	200.0	529999	40.397415	48.58585	765.18384	-251.70953	40.396965	48.595123	783.79724	-247.92934	-1.5157387	1.9366441	42.06375	-11.356466	-40.41229	33.818306	116788.30801796913
54	18.348839	17.32454	77.736465	5.8141637	14.173266	6.6497827	27.449478	10.26487	200.0	200.0	539999	39.86708	49.284332	766.25854	-291.36594	39.866264	49.28603	765.8679	-307.80545	-1.6134583	1.8214495	24.552296	-11.84547	-39.831154	35.57696	118770.38698148727
55	15.203114	14.230979	82.58169	7.056442	38.194336	49.91657	138.01176	10.671004	200.0	200.0	549999	40.462406	55.729996	754.7018	-297.34995	40.463024	55.72403	759.2224	-289.96365	-1.5185043	1.9648142	31.490458	-11.781878	-40.50374	41.46647	120849.65956163406
56	13.267517	3.5326564	25.205439	8.043661	13.148775	2.4854517	16.050293	9.973578	200.0	200.0	559999	41.079643	59.589478	706.3823	-315.56943	41.08074	59.58984	692.6821	-310.8221	-1.4181486	2.0412133	37.563778	-10.597023	-41.15911	32.933544	122915.3873705864
57	13.3094845	3.6279924	23.306767	8.481626	13.133173	1.5134306	15.613359	11.548195	200.0	200.0	569999	38.66756	55.11502	584.4788	-322.38632	38.668465	55.111584	600.24005	-328.41925	-1.4975861	1.9542816	35.2584	-12.231581	-38.69963	24.738745	124802.56215453148
58	13.588831	3.3784094	21.508392	7.2402406	14.421158	3.3407302	22.881794	10.412135	200.0	200.0	579999	34.607353	48.294334	563.85254	-315.70715	34.607975	48.29435	558.5555	-317.28043	-1.6707442	1.7111514	36.063328	-12.107945	-34.605007	21.705828	126579.35713171959
59	12.108939	2.6250381	19.286448	8.027901	11.78639	5.014695	22.251554	8.083182	200.0	200.0	589999	30.887197	42.26471	613.44434	-315.08582	30.886461	42.268353	582.97296	-316.04654	-1.7565097	1.60188	29.711487	-12.658091	-30.88412	17.132553	128384.5260579586
60	11.3572445	3.6155658	25.50462	7.1231785	6.63901	0.2079689	7.030846	6.24174	200.0	200.0	599999	29.058695	38.07213	581.69464	-295.07034	29.058632	38.07086	613.7828	-295.42358	-1.8138566	1.5292664	31.826416	-11.454721	-29.03255	19.443525	130109.69146728516
61	12.654353	5.2751656	35.48489	6.640526	12.602001	1.1268386	13.663174	9.761427	200.0	200.0	609999	28.07508	34.6609	603.43646	-296.12585	28.073809	34.664692	585.0761	-294.30084	-1.9098381	1.445369	38.163708	-13.05343	-28.074429	16.122698	131920.38042879105
62	12.360666	4.232171	32.663578	6.5626163	8.413562	1.243251	9.97646	7.1940613	200.0	200.0	619999	27.62279	31.365633	602.8069	-289.2514	27.623064	31.366152	583.8726	-301.45444	-1.9777414	1.3263619	18.130993	-12.795494	-27.632666	13.170528	133821.7497406006
63	11.246094	2.9666953	19.732218	5.851908	14.491137	1.2900956	16.192013	13.3184185	200.0	200.0	629999	28.807064	30.310783	609.629	-305.50128	28.807108	30.31184	627.8122	-301.22824	-1.9283273	1.3940907	31.52296	-12.170483	-28.830645	16.43042	135670.00237441063
64	12.261243	5.8142157	43.74643	7.0451617	9.743774	2.6659963	14.2745695	6.887327	200.0	200.0	639999	29.450804	29.193075	646.31824	-305.58545	29.45114	29.198671	631.25494	-309.23807	-2.0164428	1.3333261	21.754059	-11.160851	-29.478168	14.37755	137427.43784880638
65	12.000089	4.1169076	29.288992	5.04561	14.641525	2.5866895	18.646255	11.301841	200.0	200.0	649999	31.356808	30.423405	635.3441	-300.44406	31.356993	30.432192	624.43475	-301.77905	-1.9031693	1.470071	28.743614	-12.323198	-31.389994	20.78383	139220.25725007057
66	15.372754	10.039521	56.634403	6.3223934	13.498955	4.157933	21.34494	8.87889	200.0	200.0	659999	33.99954	35.062347	752.3066	-300.27017	33.999035	35.064552	748.49744	-297.0443	-1.8293209	1.6087532	23.574608	-10.946242	-34.059906	23.777887	141034.91955804825
67	15.683113	13.598897	106.12967	7.7761254	13.496544	2.3520494	20.366966	11.976701	200.0	200.0	669999	35.855133	37.181236	675.5237	-287.43628	35.856228	37.177597	631.7489	-294.69608	-1.7938143	1.5849291	25.06812	-13.408735	-35.927402	23.29668	142808.957862854
68	14.833013	8.6426525	59.977566	8.057573	12.306791	1.7654599	14.899185	10.354197	200.0	200.0	679999	35.27941	35.26028	572.2936	-270.1881	35.279102	35.261417	586.6015	-271.17462	-1.8818067	1.4929488	18.975662	-11.370925	-35.37074	17.8768	144684.86374473572
69	14.538302	5.148646	34.515656	8.1132765	16.529879	2.3509588	21.399044	11.967381	200.0	200.0	689999	34.26599	32.058052	466.99826	-279.81845	34.265903	32.061516	468.4558	-281.40042	-1.9783024	1.3741297	17.855528	-12.341681	-34.35468	12.978744	146500.27645850182
70	12.716277	4.2910743	29.726149	8.318652	11.912263	1.2117401	13.17142	8.595832	200.0	200.0	699999	33.032967	29.631489	467.226	-317.41806	33.032936	29.63404	481.37354	-308.63135	-2.0554678	1.2718714	19.646423	-11.047417	-33.129623	10.976396	148264.24402546883
71	12.186663	3.5139031	26.984152	7.3163977	12.3408785	5.037275	22.274767	8.708334	200.0	200.0	709999	32.697807	28.1532	456.08612	-327.00858	32.6974	28.15539	453.48615	-331.5742	-2.0369933	1.279258	27.216013	-10.760498	-32.783733	11.322315	150072.95289611816
72	12.357769	7.775622	54.91089	5.4279547	11.260674	1.9856029	14.821177	8.795912	200.0	200.0	719999	32.32697	27.047674	452.14395	-334.84076	32.326874	27.046532	440.30243	-335.41876	-2.09977	1.21288	23.88891	-10.918678	-32.427486	10.045419	151930.15437841415
73	11.51851	7.1769404	59.422104	6.380597	11.72047	1.6354735	14.184225	9.51573	200.0	200.0	729999	32.5982	26.567657	473.22656	-328.34824	32.598186	26.570606	466.17712	-329.89795	-2.1102905	1.1864719	25.211864	-11.61512	-32.699955	10.701442	153764.59596061707
74	12.91336	7.4897747	58.548264	6.567964	14.818004	2.457699	18.79707	12.012981	200.0	200.0	739999	32.877674	26.527493	512.3927	-330.74713	32.87746	26.53138	509.07092	-335.0736	-2.1080325	1.202613	28.138832	-11.078394	-32.977024	11.414899	155600.72663760185
75	12.565608	4.7268753	36.382595	5.6676326	15.446783	7.5481534	37.997257	12.094164	200.0	200.0	749999	33.968563	26.812569	661.98004	-334.32767	33.968357	26.811676	653.1157	-346.95453	-2.0566115	1.2999303	21.873632	-13.586281	-34.07704	13.720167	157480.1402003765
76	13.361773	7.2050824	55.665836	4.7770605	11.660124	1.3785065	13.536385	10.423745	200.0	200.0	759999	34.68242	27.025331	687.8092	-341.59235	34.682274	27.024183	715.09515	-343.23502	-2.0947788	1.2820005	24.603699	-12.888872	-34.76913	13.779919	159247.14870858192
77	13.846299	8.880271	58.101105	7.128757	13.705154	1.4347394	14.714917	9.485817	200.0	200.0	769999	35.9296	27.444353	748.91113	-347.9011	35.929604	27.446943	719.3072	-345.5728	-2.0430331	1.3002379	25.626547	-12.188798	-36.01763	15.288291	161222.57898020744
78	16.504562	12.991955	88.621056	8.268225	14.024714	5.248254	28.721338	8.679836	200.0	200.0	779999	36.509575	27.326073	776.11584	-354.50916	36.510956	27.331963	760.91003	-335.255	-2.051028	1.2802758	32.63861	-12.029344	-36.62492	13.939419	163134.44208860397
79	15.272689	8.451669	53.127598	7.7103148	11.525137	2.125549	14.7577305	8.161411	200.0	200.0	789999	36.748764	27.161005	890.20404	-332.52792	36.748264	27.153078	880.95575	-336.52588	-2.083475	1.2737865	26.82729	-10.987971	-36.86657	14.532647	164799.75377941132
80	17.259888	12.083041	70.4676	8.364105	11.102168	1.5027497	13.033986	8.580996	200.0	200.0	799999	37.981415	27.734814	899.48364	-342.50537	37.980793	27.750845	938.8949	-340.35464	-2.02239	1.4019684	29.057178	-11.900743	-38.11518	16.517878	166307.0929362774
81	16.312777	18.59036	137.27899	7.247785	21.88151	11.0411415	42.93986	12.114178	200.0	200.0	809999	38.546944	27.752192	713.8956	-349.2754	38.5474	27.743704	696.4624	-348.02017	-2.010356	1.4268346	25.998512	-10.72027	-38.674313	17.45856	167833.2755086422
82	17.66936	17.606682	113.63656	7.6845	10.678826	1.3912436	12.516125	8.591371	200.0	200.0	819999	38.203545	28.44384	606.605	-346.3874	38.204033	28.450228	621.01135	-345.83246	-2.1199265	1.3694385	34.699974	-11.557922	-38.33919	13.211307	169373.41809415817
83	12.228655	3.1684427	20.701168	7.585952	12.965526	1.9088039	17.263079	10.514156	200.0	200.0	829999	38.084366	31.312351	578.77386	-347.8998	38.0838	31.313173	558.68524	-348.87646	-2.1014707	1.3989099	25.196995	-10.776205	-38.200195	12.053775	170952.28627562523
84	12.53371	3.416564	31.082664	8.452416	12.336092	1.4440203	13.769605	9.59837	200.0	200.0	839999	38.34915	32.665844	437.50668	-352.66684	38.348244	32.669662	461.0933	-346.02487	-2.088236	1.3287444	17.67336	-11.635075	-38.46705	11.9179325	172462.66216349602
85	12.365091	2.1567633	18.963879	6.938626	11.589109	1.5482734	13.296603	9.886784	200.0	200.0	849999	37.981964	31.358988	451.09952	-376.75323	37.98114	31.362179	436.9916	-370.8185	-2.0761845	1.2961693	15.287444	-10.250913	-38.139614	10.249539	174119.22809004784
86	15.765927	9.821641	71.751884	7.68294	18.805334	13.409286	50.848553	10.765893	200.0	200.0	859999	36.929024	29.349735	460.5083	-386.97278	36.92892	29.35011	445.28995	-377.82837	-2.1407053	1.2003269	18.194807	-11.704567	-37.071606	9.198064	175708.06513810158
87	15.438774	7.2096086	42.760494	8.077623	15.957956	1.3242604	18.255934	13.840099	200.0	200.0	869999	36.971645	28.434803	507.76544	-381.47003	36.972275	28.434216	478.45526	-384.64297	-2.1252193	1.2126607	23.271557	-12.162486	-37.114857	9.54002	177367.65193867683
88	13.88544	3.7778084	26.08826	6.1492615	14.751062	2.4956381	20.423716	12.116492	200.0	200.0	879999	36.924217	27.850796	606.62415	-376.21912	36.924545	27.855255	617.0986	-380.8229	-2.1138933	1.211182	25.628595	-10.962321	-37.05553	10.512664	178838.72713184357
89	14.8711195	5.1449265	32.570595	8.143544	13.005997	1.8008353	16.963455	11.852615	200.0	200.0	889999	36.35804	26.910873	601.9879	-371.89166	36.358482	26.911892	621.6474	-370.59244	-2.1374016	1.2027193	22.812178	-13.696588	-36.494442	9.86662	180381.70894289017
90	14.348893	5.823894	41.944103	8.919822	13.913179	2.9273434	18.20861	10.563857	200.0	200.0	899999	35.469425	26.336933	598.2719	-411.10648	35.469322	26.339773	580.41205	-402.51297	-2.1490607	1.1901503	20.984142	-10.472157	-35.617558	9.750684	181935.19645690918
91	14.130277	5.1220126	39.688015	8.961046	13.476736	3.0832324	16.546997	8.692424	200.0	200.0	909999	35.04781	25.433119	597.36896	-400.34644	35.04719	25.43788	550.5251	-397.25253	-2.1981351	1.1593773	29.616951	-10.697458	-35.20625	8.591322	183475.97480654716
92	15.895208	9.207659	54.66121	8.033608	12.581023	3.113949	15.545116	8.54005	200.0	200.0	919999	35.702126	25.494127	610.2276	-396.57578	35.7024	25.494654	623.8764	-384.6024	-2.1578555	1.2181888	27.770144	-10.350161	-35.835407	10.623317	185085.32820749283
93	13.992161	5.7562213	47.66066	8.134856	16.895435	4.966343	25.580109	11.96951	200.0	200.0	929999	35.314194	25.031939	688.44635	-369.34274	35.312767	25.037704	662.2271	-363.9877	-2.1989677	1.1502613	27.476034	-10.136719	-35.449226	9.419665	186737.16551470757
94	13.393647	4.223585	30.968706	7.557897	15.425769	3.32421	25.396053	14.215209	200.0	200.0	939999	35.465153	24.993576	701.1734	-368.1407	35.464966	24.993969	706.1829	-365.70883	-2.1766233	1.1474663	29.72398	-10.492951	-35.62317	9.376482	188310.97761583328
95	16.396229	10.086733	63.42898	6.494674	16.121288	7.022611	35.907314	11.316524	200.0	200.0	949999	36.28676	25.067184	755.0658	-355.01907	36.287678	25.064884	757.43854	-363.94833	-2.1857085	1.1634467	29.966171	-10.949713	-36.448864	10.436383	190061.67096066475
96	12.314212	2.9846811	23.82979	6.3456244	13.53763	2.2912676	19.526714	11.634843	200.0	200.0	959999	36.350548	25.221785	818.48773	-366.09592	36.35067	25.231888	848.1515	-367.65082	-2.1858816	1.134389	18.717215	-12.452063	-36.50134	10.1906395	191980.62948298454
97	14.089265	4.6948457	35.597893	7.6622534	16.783615	4.4496675	24.750477	11.368386	200.0	200.0	969999	36.428448	24.584955	745.376	-367.86417	36.427555	24.58838	743.94525	-361.7249	-2.2680128	1.0124314	21.825294	-11.536079	-36.602333	8.1818285	193782.32387280464
98	14.350696	6.270485	38.244884	6.090736	17.521864	7.8787265	32.864063	10.680978	200.0	200.0	979999	36.668705	24.445852	782.2681	-335.01984	36.66969	24.442917	797.43445	-336.2805	-2.2676601	1.0043972	18.753708	-12.382172	-36.836555	7.7466717	195647.35845255852
99	14.370792	5.468289	32.05164	6.0811024	13.713895	1.9686617	15.303635	10.492521	200.0	200.0	989999	36.969177	24.816885	906.4842	-315.0096	36.969517	24.816202	955.338	-322.95618	-2.208763	1.079862	28.186508	-10.973413	-37.152912	10.167471	197187.36828160286
100	14.253918	5.335784	28.602589	5.906135	13.507256	2.5315208	16.861298	10.690457	200.0	200.0	999999	37.83893	24.843859	1026.7518	-319.47092	37.838787	24.849857	1060.9669	-312.2136	-2.1605725	1.1556082	29.806767	-12.602586	-37.98902	13.364119	198553.7560248375
101	14.593432	8.517194	64.567635	6.703962	17.671183	5.9413543	24.36577	9.562114	200.0	200.0	1009999	38.033234	24.82678	1068.9182	-310.08255	38.03337	24.82156	1005.4347	-307.1786	-2.215157	1.0718968	22.67928	-11.369701	-38.194836	10.458783	199779.7001490593
102	14.126704	3.5540993	23.07699	8.545909	16.029856	4.355828	27.162413	9.347201	200.0	200.0	1019999	38.632057	24.617245	880.4508	-337.65714	38.631805	24.615093	942.0309	-335.2686	-2.174347	1.1868188	39.55283	-10.912369	-38.807228	11.532822	200978.63681077957
103	13.799705	4.3443327	39.596416	9.017712	13.230543	2.867899	16.416918	8.538772	200.0	200.0	1029999	38.964096	24.69987	953.87897	-326.04916	38.963814	24.703945	935.6404	-317.03827	-2.1959968	1.119522	26.65614	-10.749405	-39.15375	10.612007	202194.79877829552
104	13.27917	2.7070954	19.372934	7.711159	15.514531	3.414408	19.29388	11.85425	200.0	200.0	1039999	39.498844	24.947266	770.6216	-302.41202	39.49904	24.944977	732.61176	-311.35278	-2.2193909	1.0753955	26.77666	-12.704823	-39.684307	8.58815	203340.9446325302
105	14.5647545	4.193883	28.7048	9.398848	14.653485	2.5797818	18.619562	12.315006	200.0	200.0	1049999	39.848072	25.01406	859.16736	-292.34778	39.848022	25.01663	864.1889	-299.01657	-2.2266164	1.0780646	22.763165	-11.544165	-40.035267	10.467985	204857.40964603424
106	13.943208	2.6020577	22.769869	9.624827	15.615242	1.1755108	17.149128	13.539683	200.0	200.0	1059999	40.106052	24.228384	860.17725	-269.46255	40.10657	24.233238	835.63776	-268.4382	-2.2120397	1.0955329	24.617474	-10.994917	-40.303295	10.142562	207248.2352962494
107	12.239835	2.4195352	18.581656	6.6652465	9.9755535	1.6345339	13.870085	7.9109383	200.0	200.0	1069999	41.67087	25.121395	1219.1787	-291.07336	41.671844	25.123468	1187.0776	-288.01846	-2.1338	1.2405949	29.261305	-11.446705	-41.86347	16.961094	209608.21590137482
108	12.898181	5.1952887	30.723585	4.3369985	11.7973585	0.84637535	13.013188	10.732659	200.0	200.0	1079999	42.31416	25.821766	1185.4191	-322.43295	42.31423	25.826944	1278.2289	-345.12244	-2.078967	1.2761236	40.905247	-12.931433	-42.508057	18.737146	211954.79984354973
109	12.565836	3.667556	26.391113	4.637195	12.859169	1.1588408	14.604614	11.591054	200.0	200.0	1089999	42.04682	25.399338	1198.71	-289.39618	42.046906	25.407015	1216.0916	-301.33636	-2.117403	1.2228245	23.958767	-12.229917	-42.193157	19.349537	214361.3942615986
110	11.649342	3.4281485	23.55698	4.573146	11.891188	2.118277	17.260466	10.019886	200.0	200.0	1099999	41.18306	25.904928	1288.7404	-323.54578	41.18329	25.92725	1319.2924	-330.0737	-2.0889666	1.2188427	31.29089	-12.694536	-41.346645	19.858265	216842.40234541893
111	11.97962	3.1373267	19.666246	7.250144	11.970587	1.2747383	13.638967	10.394461	200.0	200.0	1109999	40.902164	24.892534	1239.499	-293.15485	40.902683	24.899008	1245.0449	-307.07196	-2.1525977	1.2053388	37.309742	-12.022977	-41.051926	17.056393	219339.98213720322
112	12.55678	4.00922	28.24858	6.2121468	15.345012	1.0155982	17.117413	14.073291	200.0	200.0	1119999	40.871655	24.47326	1193.427	-321.12924	40.871822	24.474766	1153.8475	-340.5826	-2.115832	1.2640465	33.467224	-13.134506	-41.02942	18.767859	221667.06348395348
113	14.119229	9.327294	72.37207	7.332962	4.294101	0.41476876	5.367622	3.9243016	200.0	200.0	1129999	40.816345	22.783815	1173.9624	-295.66806	40.8164	22.775919	1137.2799	-310.7338	-2.1757157	1.2140657	40.308968	-12.183722	-40.97629	16.833065	224222.68329262733
114	12.774464	3.284696	25.535849	6.624201	12.8426485	2.181726	16.033066	8.940032	200.0	200.0	1139999	40.98514	21.7009	1176.1519	-200.4413	40.98427	21.709412	1176.6914	-202.11777	-2.196377	1.1512622	47.46244	-11.075035	-41.158443	12.550481	226857.1404004097
115	14.017025	4.6462245	29.915848	7.6168623	12.4620495	0.6335604	13.130307	10.70252	200.0	200.0	1149999	41.510696	20.155539	1173.108	-278.16757	41.509697	20.151283	1065.6875	-299.77383	-2.2332819	1.0922388	40.85728	-10.585474	-41.674736	11.1853	229178.8528394699
116	12.618704	3.362874	23.723015	7.440266	13.750058	0.7416289	14.429002	11.809389	200.0	200.0	1159999	40.07809	19.66965	886.2343	-307.6769	40.078667	19.67675	958.308	-338.15057	-2.3107684	1.0011785	37.154453	-10.396318	-40.29246	6.2803974	231746.71640491486
117	13.369032	3.3961213	24.64858	8.027549	14.675909	3.4955692	25.137959	13.271261	200.0	200.0	1169999	39.50856	18.70081	782.02405	-396.14453	39.508545	18.701979	791.14545	-391.03354	-2.400749	0.9034893	24.12182	-10.115913	-39.783073	3.612302	234265.90075993538
118	13.97518	2.7301524	21.777813	8.813445	18.432629	5.2512913	31.426748	14.472072	200.0	200.0	1179999	40.267963	17.84849	305.87494	-363.64047	40.267765	17.850021	407.9827	-313.77844	-2.4428384	0.85698134	15.970364	-10.308987	-40.570797	3.0206413	236820.44761300087
119	13.695059	2.842002	23.157259	8.851086	16.88987	2.2280474	20.85073	14.526377	200.0	200.0	1189999	41.40876	16.531828	179.14423	-288.17856	41.408627	16.534626	170.28561	-284.9673	-2.4606087	0.8312671	19.561157	-11.068949	-41.7461	2.3249962	239306.83348727226
120	14.174725	3.3351493	20.97049	7.5052347	15.571475	0.45698634	15.928396	14.372118	200.0	200.0	1199999	42.912365	15.326319	244.31969	-160.1726	42.91228	15.327586	283.19247	-163.59369	-2.483505	0.79825944	14.975147	-10.762737	-43.25805	2.0879183	241759.5192732811
121	14.665745	3.3220696	24.839216	9.515689	20.646763	3.8913207	24.45325	14.462905	200.0	200.0	1209999	44.258236	14.167216	398.62442	-147.56255	44.25826	14.168478	334.4408	-151.1789	-2.512293	0.7483981	20.267527	-10.236309	-44.60935	1.9750979	244300.6988284588
122	15.938916	5.0982647	32.729492	8.035933	14.606684	2.9804373	19.860731	11.230307	200.0	200.0	1219999	45.19497	13.514279	406.43942	-149.08977	45.194878	13.514977	412.16617	-156.89784	-2.5195127	0.7387695	16.843397	-9.31979	-45.546364	1.9422832	246933.7454750538
123	15.742273	7.0787053	44.973198	7.5934734	19.30473	8.444411	33.29254	12.386074	200.0	200.0	1229999	46.00487	12.802838	519.68677	-145.60721	46.004623	12.7999735	518.786	-142.06117	-2.5146925	0.7446559	18.612638	-10.287461	-46.35218	2.1715634	249438.03793096542
124	15.423039	5.836709	40.651836	6.233454	15.805997	4.350059	22.486095	12.424679	200.0	200.0	1239999	46.52967	12.269195	547.23584	-130.16919	46.52952	12.269298	536.88666	-131.64804	-2.5179427	0.7210014	14.938467	-9.798895	-46.873207	2.0667639	252057.40371370316
125	14.313411	5.8518915	44.567722	8.275886	22.434208	5.635052	29.39016	15.404378	200.0	200.0	1249999	47.329903	11.430158	472.50485	-108.12165	47.329758	11.429121	463.9135	-110.746765	-2.5368195	0.68904495	14.791616	-10.461672	-47.696693	1.6065527	254566.37316679955
126	14.908491	4.381669	29.89745	8.239961	17.705753	5.646565	31.888376	14.138296	200.0	200.0	1259999	47.824547	10.93071	425.17426	-105.18825	47.824524	10.927153	395.7363	-110.263916	-2.5484507	0.6728389	14.572941	-9.9868145	-48.20144	1.4153031	256912.2462861538
127	15.318573	4.316402	33.46585	9.221186	16.56291	4.7349296	30.602217	14.527951	200.0	200.0	1269999	48.508656	10.48224	504.69724	-98.34733	48.508633	10.477587	482.88913	-98.34241	-2.5553083	0.66487724	12.813171	-9.487265	-48.89098	1.3872343	259443.18987083435
128	16.616379	5.748958	35.324677	9.049726	16.966267	3.7430859	26.314991	14.452414	200.0	200.0	1279999	49.12843	10.219341	492.97546	-111.602066	49.12832	10.214042	476.42325	-108.63358	-2.5695498	0.63751596	16.13171	-10.354853	-49.509308	1.3783121	261486.7942430973
129	14.613097	4.2448688	26.041906	7.0702076	31.416193	14.588591	47.091835	12.378096	200.0	200.0	1289999	49.698215	10.337505	605.2254	-140.57167	49.69807	10.323864	624.0183	-131.7696	-2.5636177	0.6497377	20.275005	-10.552142	-50.06771	1.6510861	263286.93936657906
130	15.998155	6.261364	40.47208	7.062256	13.916105	0.27298287	14.177843	13.529284	200.0	200.0	1299999	49.94154	9.747723	549.98584	-134.03183	49.94159	9.745981	569.155	-128.59373	-2.5714412	0.63423336	14.681014	-9.859609	-50.327038	1.2754151	264721.79521632195
131	14.9479685	6.078179	45.6272	7.3574963	20.571934	8.571993	35.700314	14.379933	200.0	200.0	1309999	50.132607	8.923332	471.8413	-99.29013	50.13264	8.920352	485.43665	-93.893684	-2.5843675	0.61836344	12.178146	-10.64493	-50.51878	1.1494576	265894.0978746414
132	16.532633	6.8386736	36.859406	7.5923405	15.670076	3.335469	25.538263	13.232043	200.0	200.0	1319999	50.03273	8.503129	223.99509	-77.65331	50.032433	8.505178	276.61752	-76.15943	-2.5912552	0.60653096	11.727995	-8.928791	-50.44063	0.87065554	267117.72402501106
133	16.788084	5.056116	29.072601	9.119828	16.858723	5.013767	31.376846	13.390335	200.0	200.0	1329999	50.59725	8.111342	305.608	-70.1599	50.597256	8.110271	235.67247	-66.41489	-2.6016264	0.58043903	13.24284	-9.124237	-51.016247	0.74246407	268401.6024758816
134	17.336876	5.7660246	34.918205	8.959195	20.178904	5.4723587	26.334694	14.469681	200.0	200.0	1339999	50.95979	7.8731785	312.54297	-63.1744	50.959614	7.874386	261.503	-63.308064	-2.6035328	0.58345556	15.580146	-9.176802	-51.38297	0.71821135	269599.93982100487
135	16.432062	6.74158	39.179035	7.0067554	15.72529	3.0711877	21.819765	13.869103	200.0	200.0	1349999	51.315495	7.516184	357.13763	-56.582508	51.31527	7.5185275	371.6419	-55.765095	-2.594854	0.60713947	12.067994	-9.466415	-51.73035	0.87154865	270738.2478938103
136	15.907806	5.612888	29.601406	5.7206874	21.581839	13.15292	47.836487	14.087028	200.0	200.0	1359999	51.275246	7.4433084	442.07532	-51.15035	51.274624	7.4515705	421.54794	-53.69187	-2.579418	0.65808564	19.931036	-9.0816765	-51.667027	1.5304497	271857.35120391846
137	16.838514	6.2126675	36.088566	7.0565596	17.659916	3.794716	28.320389	15.227408	200.0	200.0	1369999	50.836018	7.1833134	190.95372	-66.94243	50.835743	7.184973	182.50615	-58.986557	-2.5977867	0.6002902	11.943394	-9.65818	-51.244133	0.9933778	272856.23383402824
138	17.17876	6.3078513	34.14215	8.561627	14.417978	0.6492474	15.212615	13.622835	200.0	200.0	1379999	50.701275	7.2130294	133.00465	-69.74212	50.701134	7.212958	148.69975	-69.634285	-2.6050375	0.5708235	11.454311	-10.583567	-51.12358	0.67102844	273878.9717104435
139	19.441977	7.693332	40.349594	8.570464	27.812506	18.224463	58.305885	14.409938	200.0	200.0	1389999	51.091934	7.04552	78.03654	-80.35004	51.091908	7.045535	85.67577	-82.763725	-2.6111193	0.5586237	7.9315524	-9.159353	-51.527725	0.55248815	274865.84949207306
140	20.365355	8.302739	41.72988	8.095918	21.062714	11.331967	43.58639	14.333883	200.0	200.0	1399999	51.659637	6.832616	73.02535	-84.33265	51.659645	6.8327246	75.39513	-78.27132	-2.6196377	0.5451252	8.840827	-10.577307	-52.103294	0.520228	275885.4402587414
141	21.676525	10.915002	61.211323	10.037159	29.810001	17.97672	55.30601	15.08525	200.0	200.0	1409999	52.210854	6.715934	70.87363	-83.73048	52.21085	6.716018	72.28903	-81.183876	-2.6242502	0.52927536	8.094387	-8.608644	-52.65534	0.5087972	276870.3406982422
142	19.218805	8.182652	39.92415	8.212862	33.329777	15.923334	49.144993	13.8966255	200.0	200.0	1419999	52.67682	6.673105	79.86322	-91.97704	52.676716	6.673655	84.60707	-91.62279	-2.6269608	0.52659684	6.801716	-9.772848	-53.12597	0.49862355	277856.36587643623
143	23.642029	11.387738	54.666245	7.8931046	29.165756	18.520983	53.454556	13.91486	200.0	200.0	1429999	53.134377	6.5754786	70.71609	-90.9013	53.134266	6.576509	74.724884	-90.51699	-2.6300242	0.51903296	13.16399	-9.719202	-53.58531	0.48248297	278791.96448230743
144	23.891308	12.573194	59.06438	8.704354	27.368801	16.254457	48.69258	13.931755	200.0	200.0	1439999	53.471912	6.4984646	67.526855	-91.45636	53.47175	6.4999638	66.606285	-91.00753	-2.629963	0.51890516	8.744586	-9.3369465	-53.922707	0.4760008	279809.0569047928
145	24.335241	13.36812	53.204407	8.149214	32.176094	11.784694	44.907635	14.822675	200.0	200.0	1449999	53.78551	6.4675827	67.58733	-84.932365	53.785297	6.469306	67.33216	-84.88114	-2.6264749	0.5276955	11.405565	-9.353408	-54.23795	0.4747291	345063.25425362587
146	27.582773	13.645649	55.64232	8.082452	46.53701	13.722139	65.60479	21.602655	200.0	200.0	1459999	54.049973	6.542067	68.33303	-93.051506	54.049774	6.544035	67.74846	-92.44724	-2.6258473	0.5257904	8.794865	-9.9756155	-54.50187	0.47362494	345479.11697506905
147	22.716202	11.747058	56.051147	9.514237	26.290806	14.061119	51.9805	14.96186	200.0	200.0	1469999	54.298485	6.5924006	68.95842	-90.54956	54.29842	6.593101	68.91977	-91.50204	-2.6187372	0.54115736	8.676326	-10.201998	-54.752895	0.4722696	345892.87168860435
148	31.68531	15.989361	59.809166	9.51267	22.798235	13.028232	61.820385	17.084677	200.0	200.0	1479999	54.49772	6.7491417	69.735016	-97.49164	54.497597	6.7504034	69.64732	-97.59341	-2.6175003	0.54162776	7.677518	-9.62843	-54.952087	0.49694142	346313.513027668
149	26.961285	13.6259165	59.996105	9.130154	31.111776	13.105403	54.46955	16.34041	200.0	200.0	1489999	54.715557	6.8226075	70.515366	-98.596825	54.71538	6.8242474	70.499	-99.201256	-2.6144037	0.544124	5.980597	-10.837803	-55.17114	0.4777356	346721.6237797737
150	27.341795	15.493553	63.563828	8.971407	36.324425	14.55304	55.611076	15.659589	200.0	200.0	1499999	54.884388	6.9299197	71.66746	-103.49796	54.884315	6.9308743	71.68878	-100.344185	-2.609501	0.5561566	6.0913825	-9.213668	-55.338974	0.51488316	347124.1306474209
151	29.535925	15.314521	56.386944	7.787486	38.426434	16.724186	66.42952	15.596796	200.0	200.0	1509999	55.062206	6.8888	72.20195	-102.40695	55.062065	6.8908215	71.7258	-101.15971	-2.608025	0.55954224	9.243633	-10.219894	-55.517536	0.50755376	347527.0153772831
152	29.597206	15.784614	65.115135	10.071203	65.356865	13.78778	74.90437	36.49259	200.0	200.0	1519999	55.285076	6.947453	73.13766	-103.45707	55.284977	6.9483094	73.175095	-108.71018	-2.602611	0.57005477	6.7794957	-9.892555	-55.742687	0.5064595	347998.01165246964
153	34.042435	16.303072	63.722115	8.716313	32.3471	14.275892	63.576786	17.959286	200.0	200.0	1529999	55.41954	7.157715	74.222244	-102.662544	55.41947	7.158909	78.467	-101.3234	-2.5946157	0.58150023	6.1196613	-9.019932	-55.87549	0.53077424	348443.24186873436
154	33.411873	18.628794	69.26637	9.8573885	44.82203	23.565746	69.38576	14.776335	200.0	200.0	1539999	55.67745	7.24623	84.03894	-94.38517	55.677334	7.24821	85.29407	-94.06475	-2.5862052	0.59899205	6.040203	-9.176401	-56.13543	0.54369015	348941.24823236465
155	30.166739	18.092329	66.891884	9.761879	51.52334	24.570166	72.95802	14.790765	200.0	200.0	1549999	55.928257	7.354208	75.40556	-103.569275	55.92823	7.35515	75.79703	-103.129906	-2.580354	0.6033608	6.641864	-8.819355	-56.386383	0.5507212	349414.7895758152
156	37.81037	20.421091	79.84759	11.095335	37.151466	25.080133	89.682076	17.574577	200.0	200.0	1559999	56.1199	7.280578	87.591705	-98.15194	56.11986	7.2811255	89.45252	-98.41089	-2.5771794	0.61012816	7.86922	-9.541113	-56.57733	0.5502045	349900.7178120613
157	33.10932	19.614166	71.31656	9.523925	50.660957	18.616808	66.191925	16.092989	200.0	200.0	1569999	56.217342	7.5062547	77.139145	-115.24369	56.217335	7.5063424	76.64464	-110.67823	-2.574062	0.6161394	7.731499	-10.007695	-56.672245	0.59227663	350375.4035129547
158	37.84622	21.183315	68.67814	8.777352	48.21469	19.952845	69.523766	15.460097	200.0	200.0	1579999	56.259644	7.8012013	78.13626	-119.51848	56.25978	7.801514	77.581696	-120.21248	-2.5674078	0.6249398	6.4945226	-8.93728	-56.713394	0.6313393	350873.2107334137
159	40.458454	23.116714	75.93554	8.4729805	21.948471	14.78865	66.15034	15.665686	200.0	200.0	1589999	56.419373	8.099113	78.66027	-129.84125	56.41931	8.100456	78.519966	-125.42677	-2.5565717	0.64664024	7.2001014	-9.066978	-56.871983	0.66020703	351342.5519812107
160	38.908085	22.630428	75.24632	8.928803	41.70214	14.373728	65.94817	20.221104	200.0	200.0	1599999	56.523815	8.451328	80.22653	-142.42535	56.52387	8.451337	79.95219	-145.08334	-2.5527036	0.64992684	8.20843	-10.436134	-56.973732	0.7154559	351819.63691568375
161	33.91709	21.063126	71.82006	8.747842	50.819057	15.67744	77.82331	30.128988	200.0	200.0	1609999	56.653133	8.832069	81.12636	-136.45274	56.65305	8.832938	81.72319	-137.6775	-2.5452423	0.6596811	6.052001	-10.461959	-57.10023	0.7647264	374415.79232263565
162	44.79088	24.30108	80.604324	11.592363	53.807213	15.270276	70.42549	27.864578	200.0	200.0	1619999	56.787296	9.071751	82.41769	-139.66574	56.787315	9.072741	82.31795	-134.5343	-2.536952	0.67717856	7.081769	-10.021059	-57.23461	0.8116902	375163.8742246628
163	39.948143	22.176622	73.06063	9.183258	57.291668	20.319862	87.2206	34.96285	200.0	200.0	1629999	56.999157	9.515026	83.11099	-126.22675	56.999184	9.515245	83.32262	-125.89258	-2.5252028	0.6921415	7.7523956	-11.048111	-57.447643	0.7965925	375867.343770504
164	38.79969	23.149574	77.161224	12.070129	39.891685	28.843155	80.97857	15.456736	200.0	200.0	1639999	57.136574	9.9979515	84.169556	-156.24226	57.13667	9.997619	84.3437	-153.4299	-2.5192516	0.70386803	9.592882	-9.950811	-57.581627	0.88214815	376632.28040885925
165	41.931778	23.81198	80.80367	11.318568	31.843496	22.61334	75.066376	14.907279	200.0	200.0	1649999	57.32249	10.213688	84.52231	-156.2813	57.322575	10.214507	84.347946	-149.94325	-2.508569	0.72271186	7.144082	-11.595352	-57.76824	0.915537	377245.8547267914
166	40.673668	24.848167	84.14179	11.701491	56.607033	13.920452	76.03557	41.590866	200.0	200.0	1659999	57.569748	10.225346	85.07866	-171.11108	57.56982	10.225225	84.959564	-161.74527	-2.5046797	0.727655	9.3697195	-10.748777	-58.016026	0.9344384	377864.8451638222
167	43.119816	36.949287	249.18802	10.5277195	47.667046	17.421469	74.68009	21.858082	200.0	200.0	1669999	57.8007	10.135022	85.597176	-206.80334	57.80066	10.134959	85.32543	-194.67325	-2.5028474	0.7253918	9.738461	-9.796568	-58.24475	0.95344305	378523.35667848587
168	48.411182	22.179174	88.03188	12.073081	49.887157	19.835186	86.22487	15.489475	200.0	200.0	1679999	57.999836	10.194859	85.54634	-212.53432	57.9999	10.195636	86.104004	-195.37543	-2.4988492	0.7309534	8.997408	-10.535412	-58.441223	1.0484049	379134.22947096825
169	47.823917	26.015785	131.87373	12.072214	52.3021	12.772253	82.27045	43.644455	200.0	200.0	1689999	58.151985	10.54377	85.81462	-259.13614	58.15207	10.544239	86.12553	-250.57661	-2.4923134	0.7392291	11.170216	-9.763258	-58.593456	1.0731287	379793.55583047867
170	40.322235	22.88285	75.63691	9.948241	63.14552	6.991529	71.09941	47.826714	200.0	200.0	1699999	58.302986	10.963498	106.09416	-285.4235	58.30326	10.961476	86.07047	-262.83167	-2.4745946	0.76463336	11.033207	-9.499565	-58.7413	1.1859375	380475.5794186592
171	44.392345	24.616194	81.31429	9.26005	57.53774	15.804863	80.201546	40.32202	200.0	200.0	1709999	58.442596	11.332658	87.26843	-289.01987	58.44265	11.332734	87.35874	-279.8063	-2.4837024	0.7523304	14.929141	-11.107296	-58.877583	1.1758101	381092.33241415024
172	43.876778	23.718412	84.38491	12.550518	56.973255	26.959814	98.61091	33.944744	200.0	200.0	1719999	58.5291	11.519764	87.61665	-245.40858	58.529167	11.520537	88.03776	-237.86479	-2.475516	0.76324224	16.607147	-10.553507	-58.961933	1.2583286	381718.7053654194
173	43.772144	23.893278	84.90602	13.547805	56.56559	11.017063	78.31874	49.005604	200.0	200.0	1729999	58.727623	11.797386	88.08975	-202.96019	58.727634	11.79748	88.29718	-203.9844	-2.4655893	0.7776029	15.291436	-10.064096	-59.16087	1.2855622	382279.96108579636
174	43.232418	23.623245	81.85663	10.792653	58.42524	20.253815	87.01835	17.917942	200.0	200.0	1739999	58.881462	11.945874	88.7586	-228.24597	58.88155	11.946618	88.07287	-231.24489	-2.4593775	0.7932137	15.195892	-10.536398	-59.31534	1.2730393	382913.15832424164
175	44.968002	23.103346	81.646286	11.958301	57.285652	9.911972	76.23082	48.436436	200.0	200.0	1749999	59.06117	12.106963	87.7274	-243.26196	59.06124	12.107577	87.97014	-249.01877	-2.4637406	0.7859176	19.788383	-10.519398	-59.495388	1.2201622	383459.69578289986
176	44.137383	24.047192	81.15757	10.341662	63.75301	12.976644	86.91302	46.5423	200.0	200.0	1759999	59.19797	12.302671	88.58699	-282.71585	59.197975	12.303486	88.788	-271.025	-2.4534166	0.7974229	13.634125	-10.250906	-59.628067	1.2895551	383840.2822959423
177	44.477867	23.112787	79.21422	10.777607	54.270508	16.493858	76.409645	22.149963	200.0	200.0	1769999	59.371643	12.392536	88.35315	-252.8193	59.371723	12.39277	88.776634	-255.69243	-2.45283	0.7985463	12.803789	-11.5237055	-59.802444	1.353061	384182.3957631588
178	45.917744	24.989182	80.482834	12.04107	62.22915	17.10315	82.88507	42.198895	200.0	200.0	1779999	59.67535	12.470944	88.387	-224.26169	59.675426	12.470958	88.160416	-211.22243	-2.4530847	0.79914176	13.094661	-10.212308	-60.110664	1.2623675	384523.9378814697
179	42.28417	24.498213	86.21626	9.1090975	56.80616	8.528825	71.06417	48.391838	200.0	200.0	1789999	59.929924	12.757821	88.625015	-226.89015	59.929943	12.758617	88.98721	-225.14095	-2.4450614	0.81332636	14.739383	-10.736022	-60.359737	1.4442049	384867.8113055229
180	45.84725	21.45926	81.66947	11.567977	63.13136	9.978991	84.18885	53.420193	200.0	200.0	1799999	60.16825	12.883091	88.69591	-291.75284	60.168465	12.882915	88.4139	-262.67343	-2.4529786	0.80229515	15.140175	-10.6832	-60.598507	1.3898154	436502.40965533257
181	41.461624	20.763247	82.022316	8.82352	68.06632	15.23816	92.92215	51.979336	200.0	200.0	1809999	60.352493	13.285607	88.216606	-312.4131	60.35266	13.28617	89.03899	-307.4943	-2.454276	0.79893506	13.3359785	-10.322153	-60.77908	1.522935	436855.3186979294
182	37.284874	22.284546	80.23663	10.424994	61.185955	10.768736	87.439896	49.934948	200.0	200.0	1819999	60.481476	13.677365	88.373405	-350.8029	60.481724	13.676863	89.694916	-342.8463	-2.446948	0.8060967	14.910196	-9.410096	-60.90935	1.5021441	437196.87518668175
183	42.273502	21.006666	81.003296	12.313962	53.75596	13.148602	90.697655	44.918983	200.0	200.0	1829999	60.727215	13.950421	88.66882	-384.25488	60.727264	13.95071	88.98916	-386.74362	-2.4454966	0.80880535	14.449829	-11.182763	-61.1511	1.6234896	437541.70777082443
184	46.535942	23.269957	86.81806	9.306488	73.34521	20.284134	99.01735	49.204414	200.0	200.0	1839999	60.97241	14.268443	88.87124	-416.83585	60.972683	14.2668705	88.436874	-405.5513	-2.4431453	0.81491977	16.562216	-11.303633	-61.39402	1.6396855	437889.01541280746
185	44.55227	20.518654	84.224434	12.546212	69.60223	9.685094	80.52106	55.195004	200.0	200.0	1849999	61.177616	14.321232	89.01132	-445.45334	61.177887	14.3215685	88.85976	-424.82672	-2.4313433	0.83576345	21.327581	-10.555181	-61.602276	1.6770133	438232.6407132149
186	48.343594	22.222797	91.37353	11.355147	78.24554	16.140211	101.20384	55.634785	200.0	200.0	1859999	61.348003	14.924682	88.341736	-508.03857	61.348175	14.922111	89.90633	-505.64105	-2.433956	0.8253542	20.24809	-12.893184	-61.76675	1.835984	438566.4231300354
187	46.10248	22.483873	89.52333	14.079327	59.218697	16.490854	81.06067	43.85412	200.0	200.0	1869999	61.48147	15.080131	88.984856	-499.62503	61.481438	15.082318	89.10128	-496.88882	-2.4349492	0.8208803	21.272448	-10.630394	-61.89364	1.9456178	438904.7884340286
188	45.646587	21.707373	81.48098	14.5603285	57.275787	16.167374	95.98682	47.786125	200.0	200.0	1879999	61.576366	15.700676	89.040535	-453.9501	61.57663	15.703348	89.609344	-454.33304	-2.4274533	0.8392874	22.767424	-10.06176	-61.982025	2.1561468	439237.86366677284
189	44.93208	21.595198	86.92856	14.876342	63.120953	9.9656925	75.73144	53.64282	200.0	200.0	1889999	61.60626	16.492067	89.31662	-465.74603	61.606316	16.495182	89.552185	-447.33084	-2.4041548	0.87215245	20.862751	-11.392109	-62.009674	2.4085937	439592.543964386
190	52.305206	18.138462	83.887535	16.814234	77.835205	17.212023	104.79078	55.5807	200.0	200.0	1899999	61.602436	17.110575	89.73403	-418.1295	61.602474	17.113745	90.01152	-419.57315	-2.4082355	0.8640445	19.133347	-10.258266	-61.999126	2.3547313	439936.0702340603
191	52.416054	20.129976	89.55085	9.639949	75.14427	12.033023	97.36784	57.5572	200.0	200.0	1909999	61.871635	17.31686	89.46356	-419.93903	61.8717	17.319443	89.87051	-426.3948	-2.3980203	0.87703276	20.587076	-11.275621	-62.268486	2.5041578	440284.1678888798
192	45.55791	19.638708	83.08579	12.416237	64.51454	11.517833	88.558815	53.04897	200.0	200.0	1919999	61.874138	18.492369	89.30366	-652.3886	61.874332	18.492722	90.31671	-643.3841	-2.398286	0.8830066	27.876226	-10.468976	-62.25903	2.7637393	440641.70899915695
193	53.248466	22.94296	87.46516	12.95312	59.951214	7.974597	79.987915	52.6545	200.0	200.0	1929999	61.804203	20.095396	90.79572	-709.192	61.80431	20.10583	90.87809	-686.3185	-2.3794	0.91040325	19.86104	-10.367109	-62.18061	3.5871882	440992.32723116875
194	55.273693	19.373592	86.58931	13.832724	73.02628	8.024319	94.12509	66.04916	200.0	200.0	1939999	61.757114	21.53333	90.63171	-690.0688	61.757607	21.525389	89.631996	-665.6854	-2.359583	0.9393524	23.147543	-12.703865	-62.125637	4.1123686	441331.7006599903
195	55.843662	20.417719	85.40585	13.192407	50.58747	31.438183	97.750595	20.690586	200.0	200.0	1949999	61.835472	22.352732	90.634865	-733.4131	61.835537	22.357008	90.39441	-735.4767	-2.3575509	0.9353919	29.82774	-12.026396	-62.206013	3.836746	441683.4960372448
196	52.080585	17.430016	86.3196	20.737669	57.79353	14.983004	87.52096	47.77014	200.0	200.0	1959999	61.961483	23.187761	90.24348	-761.0258	61.961533	23.189396	91.00182	-755.7936	-2.3426714	0.95475507	21.927423	-12.5680065	-62.327	4.379223	441897.6052660942
197	49.42226	18.836697	81.003426	17.736355	68.41835	12.499095	80.33452	49.745605	200.0	200.0	1969999	61.937653	24.331617	93.21253	-783.8192	61.937607	24.3352	90.28578	-800.0292	-2.3261266	0.98287445	21.451225	-9.1924715	-62.300655	4.5913353	442088.90422701836
198	49.81553	18.312885	86.70776	11.902187	56.581005	15.069655	76.14604	42.959473	200.0	200.0	1979999	61.980015	24.865572	91.3387	-850.3961	61.9803	24.863174	90.9848	-870.2208	-2.3451078	0.9531919	19.110785	-10.505189	-62.33185	4.7568564	442296.1811594963
199	53.46809	19.451803	100.60195	19.983845	63.917	7.186097	76.52155	55.867043	200.0	200.0	1989999	62.00624	24.647295	90.18554	-808.6685	62.005993	24.651167	90.69133	-808.7063	-2.3254006	0.98310494	23.397278	-10.03332	-62.356274	5.1151867	442496.24176359177
200	52.07155	20.033365	89.310875	14.050777	61.944466	9.588853	86.96519	53.93112	200.0	200.0	1999999	62.02124	25.575272	92.41911	-849.10333	62.020996	25.580603	93.78815	-867.0591	-2.3027606	1.0083603	22.083397	-10.298303	-62.368626	5.4370785	442710.979896307
201	50.861137	17.731188	89.40809	8.223431	59.759594	13.557803	83.34061	49.461266	200.0	200.0	2009999	62.181664	25.067612	92.887985	-815.00665	62.18191	25.065834	91.17588	-801.4524	-2.3268278	0.9897397	23.463713	-10.558002	-62.526886	5.0142393	442908.65353894234
202	52.701874	17.88063	85.274254	21.200335	68.04805	11.469871	83.997086	53.728687	200.0	200.0	2019999	62.096092	23.978603	91.01025	-709.1818	62.096085	23.982033	91.03962	-719.9656	-2.335407	1.0024108	25.358828	-10.354416	-62.44261	4.9489737	443106.78285193443
203	54.118942	19.600668	87.30403	14.83227	81.10917	29.069056	112.815704	46.462673	200.0	200.0	2029999	62.303844	23.530746	93.44739	-675.6959	62.303604	23.53382	91.42057	-675.1232	-2.3364556	0.9864808	27.316284	-10.05562	-62.646736	5.182346	443295.2648537159
204	53.202404	20.451004	89.01778	12.279554	68.79766	13.232672	91.40224	57.977592	200.0	200.0	2039999	62.32346	23.99084	92.11505	-667.4078	62.323124	23.994469	90.1253	-691.9816	-2.3062499	1.0369464	27.085941	-10.957858	-62.670593	5.082375	443498.4430232048
205	60.753666	16.010939	89.4069	34.92206	59.586567	15.851086	104.865974	47.554203	200.0	200.0	2049999	62.619144	23.499104	91.82782	-671.0157	62.619385	23.499128	93.14911	-674.101	-2.305864	1.0105367	21.560974	-10.206518	-62.96407	5.1867743	443700.62759280205
206	56.138832	18.51754	89.68176	24.489534	53.04177	4.830295	67.03918	48.221252	200.0	200.0	2059999	63.228813	23.833158	94.97683	-645.60254	63.22872	23.833412	91.71382	-655.47833	-2.295122	1.0269145	27.37728	-10.864019	-63.5786	5.1856065	443907.35850048065
207	59.568188	19.616669	151.52509	33.41682	74.70129	30.98103	112.018	38.38699	200.0	200.0	2069999	63.54643	23.370964	91.54092	-606.2302	63.546574	23.373384	91.19951	-609.25555	-2.304261	1.0127945	21.573738	-11.08914	-63.89705	4.8717732	444108.17037057877
208	56.215244	14.566706	97.56184	27.074379	75.20982	11.804585	93.83486	58.775726	200.0	200.0	2079999	63.82204	22.985382	91.45228	-569.5621	63.82211	22.985569	94.010254	-608.4294	-2.3138754	1.0006616	21.607609	-10.215613	-64.17198	4.87404	444322.1040439606
209	58.57781	18.123034	84.50535	13.752051	83.25379	13.47106	99.10842	66.887955	200.0	200.0	2089999	63.78004	23.885674	92.45451	-608.2361	63.779594	23.88727	92.261536	-586.2585	-2.2909691	1.0219215	24.88415	-11.172408	-64.12408	5.3617377	444529.2931640148
210	59.178783	16.686516	101.905815	27.67463	79.27643	12.3195505	97.589645	65.67391	200.0	200.0	2099999	64.11024	24.296219	90.0078	-673.31165	64.11014	24.301973	90.84288	-676.87787	-2.2836792	1.0223659	26.583618	-10.884529	-64.453026	5.2247906	444726.9011025429
211	59.836903	17.489742	97.96505	26.390327	66.341354	16.866	103.65408	54.252953	200.0	200.0	2109999	64.3183	25.05753	90.47881	-704.5802	64.3183	25.058008	89.73734	-701.0149	-2.2817216	1.0364285	25.033009	-10.270102	-64.657455	5.9494047	444921.267169714
212	60.08193	14.176337	84.66212	39.25341	72.92664	9.6644125	90.73927	60.304268	200.0	200.0	2119999	64.42769	25.06574	115.06598	-759.8134	64.42766	25.06429	101.508835	-733.6818	-2.285988	1.0261201	25.858366	-12.0172	-64.76623	5.469449	445123.5690560341
213	54.141743	14.354	86.08884	30.70607	56.34722	22.793434	79.64004	18.455704	200.0	200.0	2129999	64.87737	24.15626	148.29466	-757.6846	64.87742	24.157349	154.96503	-752.88367	-2.2950885	1.0316381	23.646793	-11.52937	-65.21217	5.7653155	445318.01393580437
214	55.893265	13.638302	90.692154	18.637636	63.01301	6.8450994	74.66698	57.26104	200.0	200.0	2139999	64.9737	24.763992	169.0933	-713.6013	64.974014	24.762903	162.14305	-733.0174	-2.2828588	1.0400112	26.42582	-10.193823	-65.30719	5.927978	445520.4411242008
215	61.848232	17.92802	94.45483	10.292669	32.81223	25.664616	99.74777	16.715197	200.0	200.0	2149999	65.14703	25.050583	273.34265	-732.66925	65.14689	25.05301	262.752	-728.10956	-2.283468	1.0478089	25.581568	-10.997765	-65.47156	6.2860217	445731.0246639252
216	54.0308	18.01422	86.3493	9.6563015	69.91256	14.721556	85.80246	51.41451	200.0	200.0	2159999	64.794914	25.214865	330.52008	-816.58655	64.79462	25.220108	329.91266	-802.1302	-2.2806716	1.0653856	27.832237	-11.26734	-65.111984	6.541048	445969.86447167397
217	59.121384	18.75434	93.295	18.278715	61.21759	18.161753	81.96975	14.904014	200.0	200.0	2169999	64.53579	25.956718	316.71872	-822.5993	64.5359	25.95859	305.84247	-833.3526	-2.2692938	1.0848076	46.95231	-11.807493	-64.84856	7.589957	446216.5397338867
218	54.904415	19.326057	89.00791	3.2946472	76.151215	5.1826496	79.06006	60.775314	200.0	200.0	2179999	64.47181	26.92294	258.55063	-857.53766	64.47184	26.923597	244.17226	-839.2655	-2.251022	1.092335	26.026236	-10.336987	-64.78228	7.1717896	446470.92763209343
219	61.02568	15.302939	89.11748	21.53046	84.91383	14.431991	99.515144	66.44781	200.0	200.0	2189999	64.47578	26.595001	271.68304	-829.6482	64.47573	26.596266	247.5055	-848.086	-2.2499118	1.1029001	29.532913	-9.84874	-64.77983	6.9403486	446729.68166446686
220	61.946945	15.958763	88.60045	30.312317	62.50813	4.8814316	76.083435	58.74201	200.0	200.0	2199999	64.63147	25.625769	256.54056	-841.3871	64.63149	25.628897	235.06316	-843.97626	-2.260268	1.0875355	28.067278	-10.950869	-64.9441	5.9657617	446985.63519978523
221	62.551132	14.752877	96.47068	30.715103	71.95778	12.407187	93.976364	62.19529	200.0	200.0	2209999	64.83186	24.650198	216.61734	-744.10095	64.83151	24.650023	195.71553	-759.3962	-2.2570436	1.0866727	30.467125	-10.739783	-65.14872	6.35395	447244.2805891037
222	61.216274	16.893284	92.57829	19.687962	79.75227	8.736729	100.65141	68.529144	200.0	200.0	2219999	65.42313	23.732134	123.69386	-670.5008	65.42272	23.731773	130.90239	-676.34827	-2.2559445	1.0880384	31.791092	-10.794711	-65.7472	5.9135695	447490.1615805626
223	62.775787	19.888704	91.11984	9.854849	73.116234	12.660117	86.77843	60.46932	200.0	200.0	2229999	65.85035	23.122637	91.5102	-617.46606	65.85006	23.126509	99.658	-628.92615	-2.2517357	1.0947939	22.984901	-13.65895	-66.16908	6.121139	447750.1397099495
224	64.39046	15.718284	93.62334	34.221092	80.96029	10.720945	102.037	71.802765	200.0	200.0	2239999	66.21796	22.432636	103.20807	-584.01886	66.218056	22.43465	89.91416	-591.648	-2.2592854	1.0662128	25.457273	-10.35016	-66.54006	5.909402	448002.0710580349
225	56.601063	16.621897	90.90039	26.636824	64.578445	13.103512	88.24321	54.63996	200.0	200.0	2249999	66.888725	21.765259	96.604935	-505.00104	66.88851	21.762577	97.2837	-497.19675	-2.2700908	1.0457591	23.959702	-10.7965555	-67.21393	6.1532006	448187.72419786453
226	59.17074	12.491323	85.24127	40.511723	83.88521	14.998872	108.30428	71.55334	200.0	200.0	2259999	67.31311	21.184235	92.89821	-529.7757	67.31244	21.189554	91.77201	-509.50674	-2.2658403	1.0505174	21.584513	-11.77047	-67.63019	5.7155833	448332.40908646584
227	63.878174	15.59534	92.20124	14.442477	78.89244	13.875592	107.96263	64.96907	200.0	200.0	2269999	67.67135	21.29867	91.216446	-497.81314	67.67128	21.302008	90.56533	-514.03516	-2.2728453	1.0267458	19.716679	-10.865601	-67.99342	5.61516	448476.7073433399
228	61.001034	14.471586	92.31958	25.821503	68.75404	20.735884	105.836296	51.060925	200.0	200.0	2279999	67.96626	21.34402	92.9189	-459.00223	67.96595	21.34863	89.13772	-468.83356	-2.266846	1.0477632	20.023224	-10.445272	-68.28708	5.789429	448621.31584882736
229	62.062138	14.107331	90.14628	22.994406	72.123566	16.939661	104.35732	55.899025	200.0	200.0	2289999	68.26482	21.1518	92.87697	-450.06348	68.26453	21.151155	90.43808	-431.59064	-2.2664943	1.033918	19.624939	-10.607731	-68.58797	5.572889	448766.2829334736
230	64.07778	14.768818	90.05102	13.297103	75.558495	8.937036	97.278694	68.15602	200.0	200.0	2299999	68.49059	21.721308	91.65584	-431.1876	68.4907	21.724224	90.36939	-419.8141	-2.2640834	1.0311201	23.395544	-10.538014	-68.81308	5.703423	448918.3980615139
231	61.098072	13.928677	85.39784	30.150333	73.33787	22.629326	105.8924	54.17359	200.0	200.0	2309999	68.68521	22.600885	91.38037	-476.25162	68.68547	22.600662	90.81959	-471.20245	-2.2709725	1.0389798	23.525469	-10.794498	-69.000244	6.1193695	449070.8700313568
232	64.39399	13.789182	90.605606	22.489258	66.91815	12.88427	104.45975	59.11619	200.0	200.0	2319999	68.799255	23.250755	90.90915	-517.6973	68.79948	23.251532	90.990524	-495.55255	-2.2573886	1.0631201	25.189665	-11.257738	-69.1185	5.9415913	449219.86520409584
233	64.02848	14.160367	88.9807	29.11262	70.460655	3.8730943	77.68749	61.443478	200.0	200.0	2329999	69.1602	23.249779	92.09167	-490.07135	69.16001	23.25157	91.46645	-489.9564	-2.2583008	1.0514086	20.45453	-9.695708	-69.47197	6.42531	449359.9798190594
234	67.390656	16.168943	101.336914	37.744797	82.83372	17.320728	106.45566	56.920704	200.0	200.0	2339999	69.33578	24.543121	91.97316	-518.23016	69.33526	24.546984	91.64491	-505.40555	-2.2585533	1.0527681	23.207413	-11.319178	-69.65055	6.6203437	449502.78635144234
235	68.90078	13.142017	100.86401	44.93637	75.55507	11.552688	98.0594	67.7567	200.0	200.0	2349999	69.591736	25.343527	94.274536	-545.8877	69.592186	25.344059	91.41571	-547.67786	-2.2398262	1.0683429	24.569199	-10.454029	-69.90114	6.434575	449645.3823399544
236	64.13083	12.983363	107.620895	44.50256	78.722046	3.336231	83.09273	72.69718	200.0	200.0	2359999	69.93608	25.206324	92.80326	-531.7939	69.935974	25.209547	92.017784	-536.89197	-2.2526608	1.0411729	19.726152	-9.919828	-70.23994	6.9800572	449785.80152893066
237	67.88314	11.896719	93.3515	28.562605	87.64415	14.103604	110.88231	74.18145	200.0	200.0	2369999	70.27317	25.56686	95.41343	-534.9121	70.273476	25.568756	93.6388	-530.04736	-2.2482362	1.0631528	22.480894	-11.567994	-70.57489	7.63142	449931.9813504219
238	63.184433	15.719693	100.36582	25.814724	85.27617	8.23141	103.5474	79.442444	200.0	200.0	2379999	70.661835	26.087067	94.17571	-555.7576	70.661896	26.089426	93.368515	-558.8002	-2.2435527	1.0634714	20.094479	-10.567463	-70.946365	8.674069	450084.21436452866
239	61.1492	12.110468	81.802734	27.136105	71.82491	9.734694	83.46028	60.475353	200.0	200.0	2389999	70.76864	26.402136	95.713806	-548.0399	70.76845	26.403772	94.80622	-549.8888	-2.2544665	1.0734926	24.206833	-10.063298	-71.05792	8.348305	450227.2067987919
240	63.916733	12.844507	94.658966	36.334324	81.62706	6.830862	93.186264	70.56765	200.0	200.0	2399999	70.900894	25.933067	95.08001	-562.9816	70.90102	25.93758	94.94747	-563.87067	-2.2496617	1.069861	29.57424	-11.25698	-71.185585	8.382278	450373.0046482086
241	66.768906	11.093432	89.871086	43.40157	74.75956	9.600093	88.34155	60.50472	200.0	200.0	2409999	70.969536	26.054468	94.96974	-513.44037	70.969864	26.056932	94.21636	-516.5107	-2.2579308	1.0672086	37.709236	-10.349865	-71.26082	8.058693	450518.2451481819
242	58.916607	10.8033905	85.6103	26.901262	79.13299	23.556252	116.960686	59.634277	200.0	200.0	2419999	71.15953	26.563719	94.41407	-511.4395	71.15948	26.567358	95.069336	-501.76257	-2.2346456	1.0969428	23.701138	-11.9141655	-71.436104	9.247724	450667.4744617939
243	63.927628	12.697378	88.97526	33.305218	76.72673	14.499479	97.38518	61.966473	200.0	200.0	2429999	71.112854	27.770166	94.59801	-541.6879	71.11259	27.773865	93.68242	-534.1875	-2.2401702	1.0842258	28.642944	-12.725944	-71.37853	9.384808	450812.26593208313
244	63.011597	12.800394	86.684296	32.82735	84.305466	2.8550394	92.30421	81.41669	200.0	200.0	2439999	71.26836	28.121359	95.3101	-481.135	71.26817	28.127043	93.850525	-478.1531	-2.217428	1.1145717	24.93348	-11.870169	-71.53612	9.925697	450960.39809179306
245	61.844032	10.719552	88.69991	36.150654	83.81638	12.023473	105.00936	72.07434	200.0	200.0	2449999	71.27909	29.14079	97.70038	-558.2376	71.2795	29.139704	96.41968	-546.5103	-2.2419603	1.1135032	29.695595	-11.212656	-71.53735	10.563471	451107.77167367935
246	59.149216	15.599032	90.15637	22.04338	86.35931	10.053324	109.41247	80.10871	200.0	200.0	2459999	71.24738	29.45772	95.62689	-535.0383	71.24728	29.460281	95.09611	-531.6175	-2.2507954	1.0977632	20.907	-10.960986	-71.51142	10.497264	451256.4783024788
247	58.874184	10.719379	85.1177	35.75852	64.46692	14.057548	87.63367	54.457417	200.0	200.0	2469999	71.53169	28.532671	95.305115	-520.4271	71.53237	28.535368	97.12625	-521.43945	-2.276852	1.0962961	23.730078	-10.538026	-71.78636	9.841291	451407.9591026306
248	59.502148	15.46304	132.53334	24.996092	60.517406	12.985308	88.94863	49.899708	200.0	200.0	2479999	71.59526	28.518827	96.31997	-592.615	71.59488	28.523092	97.328865	-584.1964	-2.2763295	1.1161488	54.131794	-11.879666	-71.851685	10.862956	451554.68948316574
249	53.081966	14.252817	84.79003	17.947662	54.50479	24.890848	84.057594	17.647375	200.0	200.0	2489999	71.63522	27.934217	96.18087	-612.6383	71.63511	27.938234	96.21128	-637.75867	-2.3114378	1.0718849	23.842997	-10.23165	-71.8864	10.654168	451698.9261581898
250	56.906296	15.928969	100.780235	28.744509	77.91953	20.244564	112.52077	60.832397	200.0	200.0	2499999	71.03584	27.601595	95.41342	-614.07684	71.03553	27.605011	95.97583	-615.1952	-2.3009107	1.0968046	22.82641	-9.969824	-71.289986	9.757293	451841.8297519684
251	57.119072	13.098546	86.05322	20.16088	68.89363	5.9717565	85.70962	64.75632	200.0	200.0	2509999	70.974174	26.772715	94.59952	-533.96533	70.97388	26.773354	94.54351	-540.0542	-2.291847	1.0947607	29.023619	-11.125733	-71.22056	10.586751	451992.26504158974
252	55.173443	9.427522	74.342125	29.804853	68.913345	7.4074254	82.378876	61.091675	200.0	200.0	2519999	70.98215	26.31729	95.302185	-552.8637	70.98244	26.318615	94.505745	-573.9218	-2.2950032	1.1013563	30.010218	-10.866953	-71.236824	9.475428	452136.92439460754
253	49.21165	15.879497	82.62505	7.5048227	58.7294	26.359068	104.870155	27.882853	200.0	200.0	2529999	71.13715	25.906784	96.12401	-568.73444	71.137	25.910427	97.847115	-578.8065	-2.3162334	1.0651151	31.985922	-12.326174	-71.38964	9.792802	452276.68687415123
254	56.56601	10.259261	81.39501	29.172262	88.39836	4.1000404	92.92218	77.288795	200.0	200.0	2539999	71.2468	25.866016	96.38509	-555.8759	71.24612	25.87502	98.155525	-558.13696	-2.3174462	1.065232	22.556984	-10.470369	-71.49173	9.870592	452425.3501896858
255	57.552094	11.888851	89.4508	22.319324	50.886677	4.3565044	62.369587	48.10453	200.0	200.0	2549999	71.366714	25.825958	96.69485	-565.4436	71.36645	25.829487	97.435974	-559.74023	-2.2848837	1.0880437	25.508928	-14.102959	-71.61814	10.142475	452564.0484647751
256	53.731327	11.517872	72.42967	31.647207	66.51405	6.5487223	83.188965	54.91119	200.0	200.0	2559999	71.232994	25.795275	98.07203	-557.41205	71.23265	25.801212	94.38762	-561.9844	-2.300046	1.0575646	22.566826	-10.692389	-71.46901	10.080715	452717.06087589264
257	56.49206	16.289768	83.09225	23.05101	50.82024	21.889324	86.60765	31.13401	200.0	200.0	2569999	71.01394	25.66258	96.513985	-548.20544	71.0137	25.666407	95.032	-570.8988	-2.271319	1.1165198	25.149155	-10.123089	-71.26846	9.85808	452872.48139309883
258	60.431206	9.291749	83.131355	38.427017	73.9724	10.874333	99.829285	65.74991	200.0	200.0	2579999	70.799736	25.793121	94.16052	-553.85065	70.799805	25.797031	95.599335	-555.0697	-2.2868574	1.0798544	25.907452	-13.173312	-71.05602	9.104002	453017.96192860603
259	58.01465	13.848228	92.82544	30.506437	74.49321	4.9485483	78.74871	68.01277	200.0	200.0	2589999	70.77798	26.573193	95.71292	-504.0363	70.778275	26.572863	94.46201	-531.46533	-2.2759833	1.0887606	40.089478	-11.832882	-71.02234	10.065332	453167.7204942703
260	63.701202	12.290333	90.625465	37.309704	68.73721	2.9921699	74.36691	66.50444	200.0	200.0	2599999	71.24279	26.664705	96.830536	-458.37473	71.24288	26.664421	96.47168	-471.05783	-2.2526317	1.1205595	33.683434	-10.855644	-71.4987	10.843804	453311.69463920593
261	62.48687	8.815047	77.34671	37.76818	88.26604	10.672976	107.62687	78.30531	200.0	200.0	2609999	71.52966	26.56876	96.23826	-490.57294	71.52959	26.569519	95.46693	-482.81955	-2.2547946	1.1040608	26.697906	-10.60503	-71.773766	10.16489	453446.0122694969
262	61.949024	9.984511	78.67972	35.451828	91.50393	2.5986686	95.995476	85.119064	200.0	200.0	2619999	71.83136	26.673962	96.14432	-491.50705	71.83153	26.674982	97.530655	-485.76843	-2.2454374	1.1186087	30.706743	-10.196282	-72.077415	10.153205	453594.47733163834
263	63.163086	9.802477	82.84963	34.117195	75.66429	4.7848463	81.53896	67.22659	200.0	200.0	2629999	72.04714	27.485312	95.51555	-521.9502	72.04681	27.487835	97.86277	-529.4037	-2.2536936	1.110674	24.929266	-10.9771595	-72.28409	10.498149	453733.73692703247
264	64.72961	22.566238	193.00851	22.378609	78.37209	6.371603	90.734924	70.5196	200.0	200.0	2639999	71.891045	28.425957	96.759705	-562.48016	71.89105	28.43019	97.4494	-538.6409	-2.2224905	1.1640793	27.50601	-11.820694	-72.11945	11.577661	453884.98233389854
265	62.072533	10.296812	81.53425	33.636402	68.98268	9.499267	80.52156	55.762276	200.0	200.0	2649999	71.79541	29.488533	96.87167	-515.5204	71.79561	29.492987	98.00915	-519.63727	-2.235343	1.1613016	29.281906	-14.632295	-72.02728	11.711376	454031.605461359
266	62.440807	11.30195	79.862976	26.224653	60.334736	13.57546	88.04747	50.86778	200.0	200.0	2659999	71.42298	29.21033	97.381546	-605.2088	71.423515	29.21277	98.13405	-586.9157	-2.2246544	1.1787704	27.683292	-11.338445	-71.6557	11.48762	454174.6051187515
267	64.659325	10.519124	89.92288	36.665245	63.159096	9.618691	77.35702	54.099426	200.0	200.0	2669999	71.35137	29.685549	97.20551	-583.28394	71.35175	29.685719	98.4328	-570.48126	-2.242872	1.1661445	27.370811	-11.000401	-71.5827	11.890402	454323.93748664856
268	64.28366	8.2463	82.40791	40.3971	74.70593	12.062828	94.9892	58.027996	200.0	200.0	2679999	71.64448	29.461838	94.94386	-578.0338	71.64468	29.463339	99.95988	-568.7917	-2.2292323	1.1654348	32.43192	-10.75358	-71.87654	10.932739	454473.88104891777
269	64.04053	11.592579	88.15841	40.513752	68.951294	5.665106	83.94316	65.3222	200.0	200.0	2689999	72.05591	29.732359	99.26547	-578.4007	72.05612	29.732698	101.98164	-567.914	-2.2021277	1.1804564	26.392696	-11.102005	-72.276054	12.331338	454626.8073425293
270	62.730175	14.064365	89.35799	34.263103	84.16372	8.869594	94.82086	67.15843	200.0	200.0	2699999	72.26803	29.379848	98.932304	-544.17224	72.26801	29.385265	98.67199	-560.47754	-2.1882474	1.20909	42.158493	-10.730995	-72.49404	12.553147	454769.49476242065
271	62.191734	9.11361	82.31978	40.736507	80.86269	3.1492798	84.57494	77.62102	200.0	200.0	2709999	72.44242	28.680094	98.77556	-482.23947	72.44218	28.687624	98.8332	-470.37988	-2.1966782	1.1988028	29.402233	-12.134102	-72.66676	12.568531	454911.7220623493
272	62.109474	10.716582	79.13858	23.972324	68.80414	11.159803	88.024	60.769363	200.0	200.0	2719999	72.10997	28.204496	99.34629	-420.6533	72.1092	28.208597	96.4879	-433.42053	-2.2021196	1.1912189	26.329487	-10.264052	-72.32967	12.22967	455056.5153069496
273	63.115063	10.602517	85.72796	34.946053	77.9998	3.815544	88.45704	75.247986	200.0	200.0	2729999	72.2411	27.541697	96.897	-466.77655	72.24082	27.543753	101.56112	-476.0927	-2.2205055	1.1820993	33.40541	-11.156669	-72.47424	11.291825	455200.5326871872
274	64.87775	11.796217	84.9563	33.34302	76.704704	9.420286	86.24251	61.97584	200.0	200.0	2739999	72.54871	28.261963	99.91903	-442.38675	72.54842	28.266836	98.79196	-453.43765	-2.2119396	1.1701097	23.827044	-11.406754	-72.77626	11.738054	455343.3894557953
275	66.43601	11.440166	88.13186	37.553272	93.88465	5.091167	99.88484	82.911354	200.0	200.0	2749999	72.35787	29.113277	98.301765	-523.63214	72.358086	29.114103	97.97376	-535.5881	-2.2015092	1.2091535	37.92189	-9.735046	-72.58406	11.699252	455486.93405866623
276	67.35355	10.708252	95.19562	42.05076	71.21416	8.899053	83.06823	59.99186	200.0	200.0	2759999	72.632385	29.1556	95.83217	-484.46255	72.63225	29.162508	98.432915	-487.76706	-2.2113843	1.1843722	25.208433	-11.669709	-72.85355	12.7471	455629.4364693165
277	65.61816	8.949922	85.35991	48.075214	74.497925	6.3458934	83.953926	67.47276	200.0	200.0	2769999	72.8679	29.663261	98.15316	-518.14966	72.86813	29.665588	105.31632	-525.92957	-2.204016	1.2097257	29.511911	-11.466579	-73.08476	13.647027	455773.23886704445
278	64.85197	10.439208	90.40202	41.19362	85.432045	7.46717	99.96305	76.709694	200.0	200.0	2779999	72.82542	29.282078	96.51737	-535.8498	72.82588	29.284554	100.663605	-512.7824	-2.2086616	1.2021742	36.745956	-10.270626	-73.03963	12.870118	455917.1728067398
279	63.369194	10.592202	86.54262	26.39738	71.34419	4.6747036	76.58549	65.90315	200.0	200.0	2789999	72.5807	27.913948	96.88172	-544.35864	72.58021	27.916698	100.903046	-564.0608	-2.2168922	1.1905367	27.673761	-11.933838	-72.8076	12.853023	456067.89697384834
280	64.29138	12.137512	94.844215	30.705818	82.869	11.090033	91.574486	62.084652	200.0	200.0	2799999	72.48633	27.939608	99.27072	-502.76758	72.48612	27.94685	98.79377	-514.9404	-2.2123032	1.1717145	24.311707	-10.7432	-72.70857	12.362694	456213.46532034874
281	62.290462	10.219016	88.13597	42.45114	80.271225	5.060386	87.94348	75.10309	200.0	200.0	2809999	72.61143	27.844725	96.73291	-457.95975	72.6114	27.851397	98.38981	-486.90012	-2.2079475	1.1801573	27.185177	-12.484282	-72.83116	12.72152	456352.69868564606
282	62.232403	13.370073	87.91231	21.901983	70.577	2.7025716	77.03786	65.96938	200.0	200.0	2819999	72.84475	27.581343	97.637825	-408.6339	72.84468	27.58613	97.853966	-406.69058	-2.2054293	1.1946814	25.454731	-9.37302	-73.06986	13.248072	456496.45770287514
283	60.224403	9.766914	87.15737	36.694035	65.97933	6.330192	79.275345	58.804573	200.0	200.0	2829999	72.78041	27.406239	95.89789	-459.17194	72.78012	27.411234	100.10136	-475.87717	-2.1908822	1.1896342	29.237413	-10.106433	-73.00317	12.031724	456634.80481767654
284	62.736935	11.773966	86.894165	32.980854	73.273735	5.571369	82.33838	66.17196	200.0	200.0	2839999	72.87583	27.597483	101.946884	-403.3192	72.87554	27.60633	98.9054	-422.90228	-2.191471	1.2053521	38.573452	-10.882114	-73.099884	13.190736	456784.32836437225
285	66.46352	13.3261	93.899536	38.021072	58.183075	37.921234	103.55189	20.048824	200.0	200.0	2849999	73.09558	27.269588	99.28098	-384.2575	73.09588	27.26957	96.6953	-390.9079	-2.1840067	1.1830134	31.934162	-11.256065	-73.32626	11.438548	456927.7912070751
286	62.60469	11.072695	82.743484	26.808754	51.77848	13.893352	60.912792	16.327208	200.0	200.0	2859999	73.2098	27.439064	98.0096	-385.45538	73.20999	27.441734	98.53524	-405.316	-2.1964886	1.1894474	59.05619	-12.659305	-73.42865	12.632688	457073.0944945812
287	65.29331	10.722343	93.97795	43.352375	83.09233	5.6571455	93.34575	74.33365	200.0	200.0	2869999	73.32697	27.467604	99.77861	-358.15845	73.3266	27.47206	99.00257	-369.5602	-2.1593087	1.1920034	28.15006	-11.014547	-73.55256	12.943974	457207.9321937561
288	62.817974	10.29805	82.4552	34.942974	69.7361	15.811459	101.77229	57.441658	200.0	200.0	2879999	73.4165	27.306116	97.10385	-395.43307	73.4166	27.30637	96.8289	-391.44128	-2.1719418	1.2007626	31.116951	-10.409897	-73.635864	13.0737095	457348.7715666294
289	67.30173	10.4254465	92.04241	45.055286	89.17336	12.521569	108.79709	79.18487	200.0	200.0	2889999	73.48285	27.958855	103.3386	-474.40173	73.482414	27.964146	96.22252	-437.82944	-2.1793368	1.1981263	25.57352	-10.890505	-73.69782	13.355014	457482.40770220757
290	63.762276	15.286326	138.8357	39.974796	68.68908	9.792063	86.635475	57.4818	200.0	200.0	2899999	73.64244	27.607517	98.6948	-448.1205	73.64252	27.613375	98.77698	-429.72577	-2.1739984	1.211699	32.680443	-10.471914	-73.85944	13.756065	457622.41773056984
291	68.739685	9.630269	92.73634	44.528248	78.546005	18.520956	95.754135	45.01956	200.0	200.0	2909999	73.95615	26.902185	95.97816	-374.42755	73.956116	26.906492	96.47765	-351.73422	-2.1929126	1.203596	25.942493	-12.253811	-74.1873	13.192858	457758.1535105705
292	64.79866	12.962509	94.87049	38.185886	78.61219	5.299751	88.57864	74.72677	200.0	200.0	2919999	73.95456	26.57665	94.926605	-436.60352	73.95439	26.578388	102.266235	-443.12195	-2.1771524	1.1765686	29.746801	-10.283273	-74.184166	11.860185	457903.9884798527
293	66.13258	9.691707	86.27963	42.25435	87.464645	7.5082893	102.229294	80.550545	200.0	200.0	2929999	73.78579	26.482185	101.54327	-418.2462	73.78526	26.489162	97.55903	-435.15662	-2.1984398	1.1627332	24.052727	-11.4051	-74.009834	11.741204	458050.102963686
294	66.102425	12.616612	93.304535	31.596247	83.189415	3.7210922	88.413246	74.61287	200.0	200.0	2939999	73.8727	25.223412	101.189476	-434.00006	73.87263	25.22829	99.44886	-418.35782	-2.1771393	1.1888869	30.464287	-11.202179	-74.098465	12.0069475	458184.3237731457
295	66.184166	12.468873	93.03036	40.230873	84.26166	17.590355	110.42285	66.97605	200.0	200.0	2949999	73.88862	24.943237	108.07672	-383.81253	73.88862	24.945904	111.46575	-364.25015	-2.1797185	1.1787707	38.35842	-11.908785	-74.110085	11.779101	458325.53745794296
296	69.15177	10.544411	89.22126	43.152645	70.418465	21.873047	88.27812	17.101017	200.0	200.0	2959999	74.01638	25.199612	132.60168	-378.24866	74.015976	25.202984	134.41925	-360.37512	-2.174165	1.1955515	39.12425	-10.56676	-74.262665	11.227803	458456.0435934067
297	67.00969	10.180141	95.78333	39.692547	69.68986	15.236233	99.827	58.040157	200.0	200.0	2969999	74.294525	24.972443	139.53917	-386.1101	74.293884	24.97835	150.06778	-362.13126	-2.1933148	1.1689665	25.312122	-12.187868	-74.51776	11.373982	458602.85163378716
298	64.45242	12.99659	95.86468	35.993652	73.854256	8.979514	83.221855	63.088604	200.0	200.0	2979999	73.976425	25.20345	115.108505	-360.80307	73.97622	25.20729	133.58733	-428.9339	-2.1912756	1.1667075	27.081709	-12.453791	-74.20074	12.71317	458740.9658102989
299	66.72516	11.194115	88.70011	38.012825	90.24553	5.609735	97.4004	81.04743	200.0	200.0	2989999	74.02943	25.476917	130.75488	-338.64362	74.02902	25.479986	129.28845	-374.6822	-2.18692	1.1788042	26.32459	-11.384184	-74.265785	11.5563345	458879.5963046551
300	67.000885	13.246194	90.30279	20.459127	54.173878	26.07635	85.26471	15.093188	200.0	200.0	2999999	74.24283	26.462831	129.82327	-404.9074	74.243034	26.46433	129.57991	-371.17157	-2.1699004	1.1869096	34.043427	-11.229019	-74.47459	12.437398	459017.39407372475
